           x [mm]           y [mm]           z [mm]       HxRe [A/m]       HxIm [A/m]       HyRe [A/m]       HyIm [A/m]       HzRe [A/m]       HzIm [A/m]
---------------------------------------------------------------------------------------------------------------------------------------------------------
             -105            -22.4              300      0.037414711     -0.081284031     -0.034388758      0.075396113   -0.00020355755   -0.00041354884
       -104.53125            -22.4              300      0.037359007     -0.081314251     -0.034331452      0.075462252   -0.00020466627    -0.0004138611
        -104.0625            -22.4              300      0.037305411     -0.081343874     -0.034277659      0.075526908   -0.00020619351   -0.00041391022
       -103.59375            -22.4              300      0.037253998     -0.081372947     -0.034227464      0.075589947   -0.00020764041   -0.00041387792
         -103.125            -22.4              300      0.037204765     -0.081401467     -0.034180857      0.075651363   -0.00020900693   -0.00041376409
       -102.65625            -22.4              300      0.037157711     -0.081429422     -0.034137849      0.075711153   -0.00021029312   -0.00041356875
        -102.1875            -22.4              300       0.03711253     -0.081456825     -0.034098953      0.075769514   -0.00021084427   -0.00041347966
       -101.71875            -22.4              300      0.037069537     -0.081484154     -0.034065187       0.07582733   -0.00021126145   -0.00041343126
          -101.25            -22.4              300      0.037028227     -0.081510924     -0.034033485      0.075883545   -0.00021162817   -0.00041339308
       -100.78125            -22.4              300      0.036988735     -0.081537247     -0.034004424      0.075938322   -0.00021210208   -0.00041335117
        -100.3125            -22.4              300      0.036951087     -0.081563123     -0.033978123      0.075991713   -0.00021271942   -0.00041330018
        -99.84375            -22.4              300      0.036915343     -0.081588574     -0.033954628      0.076043718   -0.00021347498    -0.0004132225
          -99.375            -22.4              300      0.036882389     -0.081613705     -0.033934005      0.076094382   -0.00021420552   -0.00041295539
        -98.90625            -22.4              300      0.036852166     -0.081638791     -0.033915427      0.076143771   -0.00021486974   -0.00041268067
         -98.4375            -22.4              300       0.03682467     -0.081663832     -0.033898879      0.076191887   -0.00021546765   -0.00041239822
        -97.96875            -22.4              300        0.0367999     -0.081688806     -0.033884369      0.076238729   -0.00021599932   -0.00041210803
            -97.5            -22.4              300      0.036777861     -0.081713729     -0.033871897      0.076284312   -0.00021646458   -0.00041181035
        -97.03125            -22.4              300      0.036758427     -0.081738748     -0.033861991      0.076328933   -0.00021617998   -0.00041167857
         -96.5625            -22.4              300      0.036741257     -0.081763901     -0.033852939      0.076372452   -0.00021546122     -0.000411671
        -96.09375            -22.4              300      0.036726337     -0.081789076     -0.033843994      0.076414637   -0.00021477992   -0.00041167749
          -95.625            -22.4              300      0.036713671     -0.081814274     -0.033835158      0.076455496     -0.000214136    -0.0004116981
        -95.15625            -22.4              300      0.036703952     -0.081840053     -0.033827238      0.076495476   -0.00021330605   -0.00041175564
         -94.6875            -22.4              300      0.036696628     -0.081865638      -0.03381886      0.076533683   -0.00021278675    -0.0004117151
        -94.21875            -22.4              300      0.036690824     -0.081890523     -0.033808753      0.076569557   -0.00021282119   -0.00041150942
           -93.75            -22.4              300      0.036687493     -0.081915721      -0.03379941      0.076604404   -0.00021304103   -0.00041117604
        -93.28125            -22.4              300      0.036686007     -0.081940845     -0.033790201      0.076637998   -0.00021326971   -0.00041076669
         -92.8125            -22.4              300      0.036686372     -0.081965908     -0.033781134      0.076670311   -0.00021350733   -0.00041028138
        -92.34375            -22.4              300      0.036688589     -0.081990875     -0.033772193      0.076701373   -0.00021375388   -0.00040971997
          -91.875            -22.4              300      0.036692873     -0.082016043     -0.033763181      0.076731302    -0.0002138367   -0.00040929986
        -91.40625            -22.4              300      0.036697976     -0.082041189     -0.033752829      0.076760083   -0.00021370672   -0.00040908827
         -90.9375            -22.4              300      0.036703274     -0.082065985     -0.033740938      0.076787524   -0.00021351772   -0.00040889377
        -90.46875            -22.4              300      0.036708754     -0.082090423     -0.033727501      0.076813653   -0.00021326961    -0.0004087163
              -90            -22.4              300      0.036714509      -0.08211451     -0.033712521      0.076838441   -0.00021294587   -0.00040855198
        -89.53125            -22.4              300      0.036721423     -0.082138248      -0.03369613      0.076861836    -0.0002124536   -0.00040837232
         -89.0625            -22.4              300      0.036728844      -0.08216171     -0.033678472      0.076883987   -0.00021196646   -0.00040821216
        -88.59375            -22.4              300      0.036736783     -0.082184911     -0.033659555      0.076904893   -0.00021148435   -0.00040807159
          -88.125            -22.4              300      0.036745232     -0.082207844     -0.033639371      0.076924562   -0.00021100753   -0.00040795037
        -87.65625            -22.4              300      0.036750976     -0.082229786      -0.03361965      0.076943226   -0.00021113449   -0.00040765438
         -87.1875            -22.4              300      0.036758415      -0.08225172     -0.033597432      0.076960474   -0.00021139637   -0.00040728922
        -86.71875            -22.4              300      0.036764611     -0.082273021     -0.033574484       0.07697691   -0.00021154739   -0.00040694422
           -86.25            -22.4              300      0.036769442     -0.082293689     -0.033550922      0.076992527   -0.00021157879   -0.00040662309
        -85.78125            -22.4              300      0.036772903     -0.082313709     -0.033526737      0.077007361   -0.00021149004   -0.00040632632
         -85.3125            -22.4              300      0.036774993     -0.082333066     -0.033501934       0.07702139   -0.00021128147   -0.00040605364
        -84.84375            -22.4              300      0.036775727     -0.082351781     -0.033476517      0.077034645   -0.00021095309    -0.0004058051
          -84.375            -22.4              300      0.036775395     -0.082369633     -0.033450417      0.077047065   -0.00021045477   -0.00040565029
        -83.90625            -22.4              300      0.036773756     -0.082386836     -0.033423841      0.077058777   -0.00020996982   -0.00040549855
         -83.4375            -22.4              300      0.036770783     -0.082403392     -0.033396795      0.077069774   -0.00020950765   -0.00040534302
        -82.96875            -22.4              300      0.036766469     -0.082419313     -0.033369292      0.077080049   -0.00020906892   -0.00040518338
            -82.5            -22.4              300       0.03675903     -0.082434788     -0.033345342      0.077090874   -0.00020895177   -0.00040486336
        -82.03125            -22.4              300      0.036751788     -0.082450017     -0.033321708       0.07710126   -0.00021033612   -0.00040380977
         -81.5625            -22.4              300      0.036743458     -0.082464695     -0.033298653      0.077111371   -0.00021243535    -0.0004024033
        -81.09375            -22.4              300      0.036733393     -0.082478687     -0.033276379      0.077121295   -0.00021444498   -0.00040103093
          -80.625            -22.4              300      0.036721099     -0.082491659     -0.033253916      0.077130593   -0.00021466907   -0.00040051423
        -80.15625            -22.4              300      0.036707506     -0.082504064     -0.033232633      0.077139802   -0.00021479436   -0.00040000762
         -79.6875            -22.4              300      0.036692612     -0.082515925     -0.033212535      0.077148899   -0.00021482093   -0.00039951107
        -79.21875            -22.4              300      0.036676422     -0.082527228     -0.033193618      0.077157907   -0.00021474872   -0.00039902481
           -78.75            -22.4              300      0.036658928     -0.082537979     -0.033175886      0.077166818    -0.0002145778   -0.00039854852
        -78.28125            -22.4              300      0.036640137     -0.082548179     -0.033159338      0.077175625   -0.00021430806   -0.00039808245
         -77.8125            -22.4              300       0.03662055     -0.082557879     -0.033144414      0.077184446   -0.00021343105   -0.00039784599
        -77.34375            -22.4              300      0.036600888     -0.082567386     -0.033131585      0.077193484    -0.0002124138   -0.00039766377
          -76.875            -22.4              300       0.03658114     -0.082576707     -0.033120796       0.07720273   -0.00021147488   -0.00039744563
        -76.40625            -22.4              300      0.036561303     -0.082585856     -0.033112057      0.077212185    -0.0002106141   -0.00039719173
         -75.9375            -22.4              300      0.036541365     -0.082594797     -0.033105366      0.077221856   -0.00020983156   -0.00039690195
        -75.46875            -22.4              300      0.036520854     -0.082603507     -0.033100888      0.077231869   -0.00020905519   -0.00039653425
              -75            -22.4              300      0.036500346     -0.082611993     -0.033097815      0.077241942   -0.00020807539   -0.00039620025
        -74.53125            -22.4              300      0.036479946     -0.082620382     -0.033096597      0.077252246   -0.00020711364   -0.00039581291
         -74.0625            -22.4              300      0.036459666     -0.082628638      -0.03309723      0.077262759   -0.00020616999   -0.00039537213
        -73.59375            -22.4              300      0.036439486     -0.082636781       -0.0330997      0.077273473    -0.0002052444   -0.00039487786
          -73.125            -22.4              300      0.036419712     -0.082644969     -0.033104356      0.077284537   -0.00020489174   -0.00039410766
        -72.65625            -22.4              300      0.036401749     -0.082653977     -0.033112403      0.077296458    -0.0002072537   -0.00039221253
         -72.1875            -22.4              300      0.036383484     -0.082662314     -0.033121575      0.077308081   -0.00020636414   -0.00039159117
        -71.71875            -22.4              300      0.036366671     -0.082670897     -0.033131868      0.077319786   -0.00020553237   -0.00039094366
           -71.25            -22.4              300      0.036351312     -0.082679749     -0.033143282      0.077331558   -0.00020475833   -0.00039027008
        -70.78125            -22.4              300      0.036337405     -0.082688838     -0.033155825      0.077343427   -0.00020404223   -0.00038957025
         -70.3125            -22.4              300      0.036324952     -0.082698181     -0.033169489       0.07735537   -0.00020338381    -0.0003888444
        -69.84375            -22.4              300      0.036313947      -0.08270777     -0.033184275      0.077367403    -0.0002027833    -0.0003880923
          -69.375            -22.4              300      0.036304358     -0.082717627     -0.033200521      0.077379599    -0.0002025969    -0.0003871606
        -68.90625            -22.4              300      0.036296733     -0.082728036     -0.033218663      0.077392183   -0.00020160145   -0.00038653763
         -68.4375            -22.4              300      0.036291245     -0.082738981     -0.033237923      0.077404976   -0.00020146518   -0.00038549065
        -67.96875            -22.4              300      0.036287297     -0.082750201     -0.033258148      0.077417821   -0.00020144286   -0.00038437214
            -67.5            -22.4              300      0.036284551     -0.082760848     -0.033274543      0.077429034   -0.00020110238    -0.0003834379
        -67.03125            -22.4              300      0.036284238     -0.082771972     -0.033291429      0.077440038    -0.0001999271    -0.0003829156
         -66.5625            -22.4              300      0.036285676     -0.082783915     -0.033311062       0.07745184   -0.00019879099   -0.00038235731
        -66.09375            -22.4              300      0.036288679     -0.082796104     -0.033329822      0.077463262   -0.00019770434    -0.0003817761
          -65.625            -22.4              300      0.036293171     -0.082809091       -0.0333497       0.07747516   -0.00019953723   -0.00037998927
        -65.15625            -22.4              300      0.036299422     -0.082821541     -0.033366445      0.077485599   -0.00019831736   -0.00037939695
         -64.6875            -22.4              300      0.036307365     -0.082834281     -0.033381987      0.077495545   -0.00019710501   -0.00037881147
        -64.21875            -22.4              300      0.036317334     -0.082847573     -0.033396821      0.077505231   -0.00019667076   -0.00037792354
           -63.75            -22.4              300      0.036328908     -0.082861125      -0.03341094      0.077514566   -0.00019623313   -0.00037704105
        -63.28125            -22.4              300      0.036342092     -0.082874939     -0.033424333      0.077523522     -0.000195792   -0.00037616401
         -62.8125            -22.4              300      0.036356881     -0.082889035     -0.033437002      0.077532113    -0.0001953475   -0.00037529235
        -62.34375            -22.4              300      0.036373287      -0.08290343     -0.033448506      0.077540249   -0.00019482568   -0.00037445308
          -61.875            -22.4              300      0.036390401     -0.082917988     -0.033457257       0.07754761   -0.00019409663    -0.0003737064
        -61.40625            -22.4              300      0.036407646     -0.082932405     -0.033464171      0.077554405   -0.00019339853   -0.00037297237
         -60.9375            -22.4              300      0.036425002     -0.082946673     -0.033469245      0.077560619   -0.00019273115   -0.00037225115
        -60.46875            -22.4              300      0.036442488     -0.082960814     -0.033472486      0.077566251   -0.00019209461   -0.00037154264
              -60            -22.4              300      0.036460094     -0.082974799     -0.033473887       0.07757131   -0.00019148897   -0.00037084683
        -59.53125            -22.4              300      0.036477827     -0.082988665     -0.033473454       0.07757581   -0.00019091416   -0.00037016376
         -59.0625            -22.4              300      0.036495678     -0.083002374     -0.033471175      0.077579729   -0.00019037013   -0.00036949344
        -58.59375            -22.4              300      0.036512513     -0.083015829     -0.033468552      0.077583566   -0.00019014967   -0.00036870319
          -58.125            -22.4              300      0.036529548     -0.083029136     -0.033463113      0.077586517   -0.00018968718   -0.00036792515
        -57.65625            -22.4              300      0.036545858     -0.083042085     -0.033455256      0.077588782    -0.0001891438    -0.0003671704
         -57.1875            -22.4              300      0.036561295     -0.083054684     -0.033445247      0.077590421   -0.00018857203      -0.00036643
        -56.71875            -22.4              300      0.036575422     -0.083066598     -0.033433348      0.077591375   -0.00018765849   -0.00036590389
           -56.25            -22.4              300      0.036588155     -0.083078273      -0.03342073      0.077592283   -0.00018684442   -0.00036538931
        -55.78125            -22.4              300      0.036599483     -0.083089463     -0.033407405      0.077592991   -0.00018619947   -0.00036479399
         -55.3125            -22.4              300      0.036609516     -0.083100177     -0.033393111      0.077593416   -0.00018562589   -0.00036416791
        -54.84375            -22.4              300      0.036618292     -0.083110422     -0.033377759      0.077593543   -0.00018506544   -0.00036353798
          -54.375            -22.4              300      0.036625799      -0.08312019     -0.033361346      0.077593364   -0.00018451829   -0.00036290407
        -53.90625            -22.4              300      0.036632556     -0.083129212     -0.033344872      0.077592835   -0.00018511064   -0.00036177572
         -53.4375            -22.4              300      0.036635872      -0.08313752     -0.033328231      0.077592447   -0.00018575974   -0.00036063875
        -52.96875            -22.4              300      0.036637202     -0.083145261     -0.033311114      0.077591985   -0.00018638755   -0.00035951345
            -52.5            -22.4              300      0.036636662     -0.083152398     -0.033293497      0.077591375   -0.00018699736   -0.00035839615
        -52.03125            -22.4              300      0.036634259     -0.083158955     -0.033275384      0.077590652   -0.00018758926   -0.00035728695
         -51.5625            -22.4              300      0.036630165     -0.083164848     -0.033256933       0.07758981   -0.00018749364   -0.00035647376
        -51.09375            -22.4              300      0.036624663     -0.083170287     -0.033239201      0.077589169   -0.00018720322   -0.00035573501
          -50.625            -22.4              300      0.036617741     -0.083175287     -0.033222239      0.077588752    -0.0001868382   -0.00035501816
        -50.15625            -22.4              300      0.036609419     -0.083179846     -0.033206064      0.077588573   -0.00018639867   -0.00035432307
         -49.6875            -22.4              300      0.036599681     -0.083183989     -0.033190668      0.077588618   -0.00018588452    -0.0003536499
        -49.21875            -22.4              300      0.036588743     -0.083187737     -0.033176068      0.077588886    -0.0001852885   -0.00035299867
           -48.75            -22.4              300      0.036577649      -0.08319132     -0.033163425      0.077589609   -0.00018462565   -0.00035233435
        -48.28125            -22.4              300      0.036564626      -0.08319439     -0.033153459      0.077591076   -0.00018400255   -0.00035162756
         -47.8125            -22.4              300      0.036549274     -0.083196789     -0.033144664      0.077592812    -0.0001831931   -0.00035096653
        -47.34375            -22.4              300      0.036533464     -0.083198979      -0.03313677      0.077594772   -0.00018235621   -0.00035031035
          -46.875            -22.4              300      0.036517363     -0.083201014     -0.033129878      0.077596985   -0.00018151998   -0.00034964955
        -46.40625            -22.4              300      0.036499981     -0.083202899     -0.033124901      0.077599943   -0.00017988685   -0.00034930991
         -45.9375            -22.4              300      0.036482316     -0.083204627     -0.033121884      0.077603422   -0.00017815329    -0.0003489852
        -45.46875            -22.4              300      0.036464401     -0.083206214     -0.033120863      0.077607408   -0.00017671009    -0.0003485145
              -45            -22.4              300      0.036446095     -0.083207607      -0.03312178      0.077611864   -0.00017613832   -0.00034765815
        -44.53125            -22.4              300      0.036427412     -0.083208837     -0.033124365      0.077616766    -0.0001755282   -0.00034678861
         -44.0625            -22.4              300       0.03640883     -0.083209857     -0.033128541      0.077621996   -0.00017515797   -0.00034577918
        -43.59375            -22.4              300      0.036391057     -0.083211012     -0.033134192      0.077627577    -0.0001747693   -0.00034475545
          -43.125            -22.4              300      0.036374107     -0.083212331     -0.033141337      0.077633545   -0.00017432736   -0.00034373379
        -42.65625            -22.4              300      0.036357962     -0.083213799     -0.033149961      0.077639833   -0.00017383219   -0.00034271411
         -42.1875            -22.4              300      0.036342639      -0.08321543     -0.033160068      0.077646509    -0.0001732837   -0.00034169646
        -41.71875            -22.4              300      0.036328305     -0.083217338     -0.033172037      0.077653669   -0.00017252314   -0.00034073944
           -41.25            -22.4              300       0.03631578      -0.08321999     -0.033187997      0.077661969   -0.00017081563   -0.00034010867
        -40.78125            -22.4              300      0.036303815     -0.083222285     -0.033202641      0.077669702   -0.00017004368   -0.00033916903
         -40.3125            -22.4              300      0.036292858     -0.083224766     -0.033218097      0.077677593   -0.00016922514   -0.00033822056
        -39.84375            -22.4              300      0.036282916     -0.083227433     -0.033234373      0.077685669   -0.00016836007   -0.00033726316
          -39.375            -22.4              300      0.036274344      -0.08323019     -0.033248674      0.077693172   -0.00016781771   -0.00033619249
        -38.90625            -22.4              300      0.036268566     -0.083233796     -0.033267342      0.077701725   -0.00016695813   -0.00033520375
         -38.4375            -22.4              300      0.036264405      -0.08323776     -0.033286497      0.077710368   -0.00016608484   -0.00033420647
        -37.96875            -22.4              300       0.03626183     -0.083242081      -0.03330557      0.077718943   -0.00016525248   -0.00033318382
            -37.5            -22.4              300      0.036260843     -0.083246738     -0.033324577      0.077727474   -0.00016446109   -0.00033213571
        -37.03125            -22.4              300      0.036261439     -0.083251722     -0.033343501      0.077735931   -0.00016371056   -0.00033106215
         -36.5625            -22.4              300      0.036263626     -0.083257049     -0.033362351      0.077744335   -0.00016300094   -0.00032996319
        -36.09375            -22.4              300      0.036267404     -0.083262719     -0.033381119      0.077752672   -0.00016233232   -0.00032883871
          -35.625            -22.4              300      0.036273628     -0.083268538     -0.033399284      0.077760488   -0.00016356201   -0.00032694795
        -35.15625            -22.4              300      0.036281697     -0.083274662     -0.033417515      0.077768169    -0.0001651988   -0.00032489822
         -34.6875            -22.4              300      0.036291432     -0.083281122     -0.033435959      0.077775829   -0.00016685942   -0.00032284358
        -34.21875            -22.4              300      0.036300514     -0.083288267     -0.033452023      0.077783689   -0.00016519398   -0.00032212478
           -33.75            -22.4              300       0.03631201     -0.083295837     -0.033464432      0.077790499   -0.00016305631    -0.0003216404
        -33.28125            -22.4              300       0.03632652     -0.083303422     -0.033475921        0.0777964   -0.00016191808   -0.00032083591
         -32.8125            -22.4              300      0.036341928     -0.083311312     -0.033487596      0.077802412   -0.00016064227   -0.00032007348
        -32.34375            -22.4              300      0.036357991     -0.083319224     -0.033497911      0.077808037    -0.0001593552   -0.00031931084
          -31.875            -22.4              300      0.036374696     -0.083327189     -0.033506848      0.077813283   -0.00015805678     -0.000318548
        -31.40625            -22.4              300      0.036392055     -0.083335176     -0.033514418      0.077818148   -0.00015674706   -0.00031778504
         -30.9375            -22.4              300       0.03641006     -0.083343215     -0.033520609      0.077822626   -0.00015542601   -0.00031702191
        -30.46875            -22.4              300      0.036428105     -0.083351351     -0.033525813      0.077826954   -0.00015456502    -0.0003160956
              -30            -22.4              300      0.036445718     -0.083359495     -0.033528108      0.077830642   -0.00015582959   -0.00031432332
        -29.53125            -22.4              300      0.036462788     -0.083367422     -0.033527937       0.07783372   -0.00015717378   -0.00031255416
         -29.0625            -22.4              300       0.03648027     -0.083374932     -0.033524144      0.077835634   -0.00015725712   -0.00031133078
        -28.59375            -22.4              300      0.036497489     -0.083382204     -0.033518776      0.077837072   -0.00015714623   -0.00031019322
          -28.125            -22.4              300      0.036514319     -0.083389245     -0.033512056      0.077838138   -0.00015701311   -0.00030907014
        -27.65625            -22.4              300      0.036530763     -0.083396062     -0.033503972      0.077838823   -0.00015685771   -0.00030796154
         -27.1875            -22.4              300      0.036546819     -0.083402656      -0.03349454      0.077839158   -0.00015668006   -0.00030686741
        -26.71875            -22.4              300      0.036562495     -0.083409026     -0.033483751      0.077839114   -0.00015648016   -0.00030578778
           -26.25            -22.4              300      0.036576889     -0.083414853     -0.033470053      0.077838317   -0.00015560292   -0.00030505369
        -25.78125            -22.4              300      0.036590055     -0.083420239     -0.033455428      0.077837303   -0.00015469475   -0.00030433925
         -25.3125            -22.4              300      0.036602002     -0.083425201     -0.033439908      0.077836081   -0.00015376847   -0.00030363799
        -24.84375            -22.4              300      0.036611971     -0.083429389     -0.033423252      0.077834502   -0.00015270345   -0.00030298386
          -24.375            -22.4              300      0.036619328     -0.083432794     -0.033405844      0.077832773   -0.00015171914   -0.00030230233
        -23.90625            -22.4              300       0.03662407     -0.083435416     -0.033387698      0.077830911   -0.00015082781    -0.0003015894
         -23.4375            -22.4              300      0.036626205     -0.083437264     -0.033368807      0.077828899   -0.00015002955   -0.00030084504
        -22.96875            -22.4              300      0.036625937     -0.083438441     -0.033349469      0.077826858   -0.00014933513   -0.00030006401
            -22.5            -22.4              300      0.036624976     -0.083439521      -0.03333123      0.077825285   -0.00014873888     -0.000299237
        -22.03125            -22.4              300      0.036623351     -0.083440132     -0.033312995       0.07782355   -0.00014750933   -0.00029867783
         -21.5625            -22.4              300      0.036620177     -0.083440222     -0.033295002       0.07782191   -0.00014611868   -0.00029817611
        -21.09375            -22.4              300       0.03661526     -0.083439797     -0.033277329      0.077820428   -0.00014477658   -0.00029764016
          -20.625            -22.4              300      0.036608607     -0.083438851     -0.033259992      0.077819116   -0.00014348324   -0.00029706984
        -20.15625            -22.4              300      0.036600206     -0.083437398     -0.033242974      0.077817969   -0.00014223836   -0.00029646535
         -19.6875            -22.4              300      0.036590066     -0.083435416     -0.033226285      0.077816993    -0.0001410422    -0.0002958265
        -19.21875            -22.4              300      0.036578342     -0.083432816     -0.033209935      0.077816114   -0.00014037601   -0.00029496098
           -18.75            -22.4              300      0.036565628      -0.08342997     -0.033195548      0.077815838   -0.00014031681   -0.00029381766
        -18.28125            -22.4              300      0.036551945     -0.083426997     -0.033184111      0.077816501   -0.00014089924   -0.00029237493
         -17.8125            -22.4              300      0.036537141     -0.083423778      -0.03317479      0.077817798   -0.00014155402   -0.00029088365
        -17.34375            -22.4              300      0.036521211     -0.083420292     -0.033167589      0.077819735   -0.00014228113   -0.00028934394
          -16.875            -22.4              300      0.036504306     -0.083416238     -0.033160076      0.077821448    -0.0001417828   -0.00028833741
        -16.40625            -22.4              300       0.03648717     -0.083411932     -0.033152997      0.077823184   -0.00014074058   -0.00028756508
         -15.9375            -22.4              300      0.036469888     -0.083407529     -0.033147376      0.077825308   -0.00013974612   -0.00028676298
        -15.46875            -22.4              300      0.036452617     -0.083403058     -0.033143286      0.077827848   -0.00013865533   -0.00028598064
              -15            -22.4              300      0.036435772     -0.083398663     -0.033141978      0.077831179   -0.00013699244   -0.00028536483
        -14.53125            -22.4              300        0.0364177      -0.08339411     -0.033143714        0.0778355   -0.00013600181   -0.00028443139
         -14.0625            -22.4              300      0.036399812     -0.083389543     -0.033146977      0.077840224   -0.00013492157   -0.00028351578
        -13.59375            -22.4              300      0.036382098     -0.083384976     -0.033151764      0.077845372   -0.00013375176    -0.0002826181
          -13.125            -22.4              300      0.036364559     -0.083380394     -0.033158071      0.077850938   -0.00013249239   -0.00028173823
        -12.65625            -22.4              300       0.03634816      -0.08337573     -0.033164196      0.077856228   -0.00013286292    -0.0002801783
         -12.1875            -22.4              300      0.036334097     -0.083371229     -0.033169881      0.077861108   -0.00013616288   -0.00027735837
        -11.71875            -22.4              300      0.036319289     -0.083367057     -0.033181101      0.077867806   -0.00013575771   -0.00027602314
           -11.25            -22.4              300       0.03630548     -0.083363131     -0.033193599      0.077874839   -0.00013490087   -0.00027486833
        -10.78125            -22.4              300      0.036292896     -0.083359458     -0.033206917      0.077882074   -0.00013406968   -0.00027369554
         -10.3125            -22.4              300      0.036281545     -0.083356045     -0.033221066      0.077889502   -0.00013326413   -0.00027250469
         -9.84375            -22.4              300      0.036271416     -0.083352894      -0.03323603      0.077897117   -0.00013248429   -0.00027129581
           -9.375            -22.4              300      0.036262512     -0.083350003     -0.033251818      0.077904925   -0.00013173008   -0.00027006894
         -8.90625            -22.4              300      0.036255289     -0.083347492     -0.033267956      0.077912815   -0.00013023319   -0.00026915947
          -8.4375            -22.4              300        0.0362502     -0.083345525     -0.033284396       0.07792078   -0.00012798469   -0.00026857693
         -7.96875            -22.4              300      0.036246963     -0.083343998     -0.033301633      0.077928908   -0.00012579265   -0.00026797043
             -7.5            -22.4              300      0.036245849     -0.083342813     -0.033319201      0.077937044   -0.00012450726   -0.00026696225
         -7.03125            -22.4              300       0.03624659     -0.083342113     -0.033338707      0.077945672   -0.00012406865   -0.00026556727
          -6.5625            -22.4              300      0.036249012      -0.08334177     -0.033357058       0.07795395   -0.00012367617   -0.00026416098
         -6.09375            -22.4              300      0.036253136     -0.083341755     -0.033374257       0.07796187   -0.00012332969   -0.00026274344
           -5.625            -22.4              300      0.036258943      -0.08334209     -0.033390295      0.077969439   -0.00012302928   -0.00026131465
         -5.15625            -22.4              300      0.036266379     -0.083342761     -0.033405349      0.077976719   -0.00012263052   -0.00025993618
          -4.6875            -22.4              300      0.036274973     -0.083343789     -0.033420205      0.077983961   -0.00012146412   -0.00025889155
         -4.21875            -22.4              300      0.036284972     -0.083345063     -0.033434045       0.07799089   -0.00012025405   -0.00025787044
            -3.75            -22.4              300       0.03629639     -0.083346628     -0.033446863      0.077997498   -0.00011900037   -0.00025687274
         -3.28125            -22.4              300      0.036309227     -0.083348468     -0.033458665      0.078003801   -0.00011770304   -0.00025589857
          -2.8125            -22.4              300      0.036323585     -0.083350509     -0.033469569      0.078009762   -0.00011703867   -0.00025463043
         -2.34375            -22.4              300      0.036339439     -0.083352797     -0.033479743      0.078015447   -0.00011685739   -0.00025313636
           -1.875            -22.4              300      0.036356855      -0.08335536     -0.033487674       0.07802058    -0.0001171127   -0.00025152395
         -1.40625            -22.4              300       0.03637483     -0.083357923     -0.033492785       0.07802505   -0.00011752306   -0.00024991896
          -0.9375            -22.4              300      0.036392249     -0.083360113      -0.03349591      0.078028761   -0.00011494692   -0.00024962189
         -0.46875            -22.4              300      0.036410805     -0.083362706      -0.03349724      0.078031994    -0.0001148611   -0.00024814956
                0            -22.4              300      0.036428768     -0.083365001     -0.033496745      0.078034721   -0.00011473244   -0.00024672374
          0.46875            -22.4              300       0.03644615     -0.083366998     -0.033494413      0.078036994   -0.00011456085   -0.00024534439
           0.9375            -22.4              300       0.03646294     -0.083368711     -0.033490248      0.078038789   -0.00011434629   -0.00024401156
          1.40625            -22.4              300      0.036479149     -0.083370112     -0.033484254      0.078040093   -0.00011408891   -0.00024272516
            1.875            -22.4              300      0.036494788     -0.083371229     -0.033476431      0.078040943   -0.00011362146   -0.00024155821
          2.34375            -22.4              300       0.03650998     -0.083372049     -0.033466745      0.078041285   -0.00011293021    -0.0002405157
           2.8125            -22.4              300       0.03652472     -0.083372615     -0.033455186      0.078041151   -0.00011219435   -0.00023951894
          3.28125            -22.4              300      0.036539026     -0.083372943     -0.033441741      0.078040525   -0.00011141377   -0.00023856804
             3.75            -22.4              300      0.036552899     -0.083372928     -0.033426799      0.078039423   -0.00011095179   -0.00023749456
          4.21875            -22.4              300      0.036564685      -0.08337222     -0.033410449      0.078037843    -0.0001109279    -0.0002362447
           4.6875            -22.4              300      0.036574602     -0.083370969     -0.033393104       0.07803607   -0.00011059076   -0.00023513492
          5.15625            -22.4              300      0.036582805     -0.083369128     -0.033375181       0.07803417   -0.00011021332   -0.00023403467
            5.625            -22.4              300      0.036589306     -0.083366744     -0.033356685      0.078032166   -0.00010979556   -0.00023294403
          6.09375            -22.4              300      0.036594093     -0.083363779     -0.033337612      0.078030035    -0.0001093375   -0.00023186294
           6.5625            -22.4              300      0.036597174     -0.083360255     -0.033317965      0.078027792   -0.00010883912   -0.00023079145
          7.03125            -22.4              300      0.036598537     -0.083356164     -0.033297736      0.078025438   -0.00010830046   -0.00022972948
              7.5            -22.4              300      0.036598198       -0.0833515     -0.033276934      0.078022957   -0.00010772146   -0.00022867712
          7.96875            -22.4              300      0.036596142     -0.083346277     -0.033255555      0.078020364    -0.0001071022   -0.00022763433
           8.4375            -22.4              300      0.036592379     -0.083340488     -0.033233598      0.078017652   -0.00010644256   -0.00022660114
          8.90625            -22.4              300      0.036586907     -0.083334126     -0.033211067      0.078014821   -0.00010574263    -0.0002255775
            9.375            -22.4              300      0.036580671     -0.083327524     -0.033188134       0.07801196    -0.0001042354   -0.00022492514
          9.84375            -22.4              300      0.036574602     -0.083319888     -0.033167057      0.078008927   -0.00010519042   -0.00022319748
          10.3125            -22.4              300      0.036565408     -0.083311833     -0.033149567      0.078007214    -0.0001043287   -0.00022229126
         10.78125            -22.4              300        0.0365537     -0.083303124     -0.033134453       0.07800623    -0.0001033874   -0.00022137964
            11.25            -22.4              300      0.036538273      -0.08329425     -0.033119205      0.078005947   -0.00010106221   -0.00022100627
         11.71875            -22.4              300      0.036522612     -0.083285227     -0.033105671      0.078006126    -9.870551e-05   -0.00022063976
          12.1875            -22.4              300      0.036506709     -0.083276093     -0.033093862      0.078006774   -9.6317002e-05   -0.00022028029
         12.65625            -22.4              300      0.036490537     -0.083266728     -0.033083677      0.078007802    -9.451255e-05   -0.00021966976
           13.125            -22.4              300      0.036473867     -0.083257012     -0.033074684      0.078009039   -9.3935567e-05   -0.00021852484
         13.59375            -22.4              300      0.036456667      -0.08324708     -0.033066884      0.078010634   -9.3356241e-05   -0.00021735404
          14.0625            -22.4              300      0.036438942     -0.083236955     -0.033060268      0.078012556   -9.2774528e-05   -0.00021615735
         14.53125            -22.4              300      0.036420688     -0.083226606     -0.033054844      0.078014828   -9.2190385e-05    -0.0002149348
               15            -22.4              300      0.036402386      -0.08321631     -0.033051845      0.078017801   -9.1231188e-05   -0.00021382754
         15.46875            -22.4              300      0.036384031     -0.083206132      -0.03305326       0.07802204   -8.9591347e-05   -0.00021292773
          15.9375            -22.4              300      0.036364671     -0.083195083      -0.03305465      0.078026064   -8.9031098e-05   -0.00021158329
         16.40625            -22.4              300      0.036346231     -0.083184205     -0.033057399      0.078030422   -8.8513705e-05   -0.00021020645
           16.875            -22.4              300      0.036328699     -0.083173499     -0.033061512      0.078035124   -8.8039335e-05   -0.00020879709
         17.34375            -22.4              300      0.036312081     -0.083162963     -0.033066977       0.07804016    -8.760787e-05   -0.00020735525
          17.8125            -22.4              300      0.036296375     -0.083152592     -0.033073813       0.07804554   -8.7219356e-05   -0.00020588099
         18.28125            -22.4              300      0.036281582     -0.083142377     -0.033082008      0.078051254   -8.6873784e-05   -0.00020437424
            18.75            -22.4              300      0.036267705     -0.083132349     -0.033091567      0.078057304   -8.6571163e-05   -0.00020283506
         19.21875            -22.4              300      0.036254764     -0.083122499     -0.033102226      0.078063644   -8.6636828e-05   -0.00020110373
          19.6875            -22.4              300      0.036242962     -0.083112866     -0.033113278      0.078070089    -8.752181e-05   -0.00019894241
         20.15625            -22.4              300      0.036233209     -0.083103649      -0.03312704      0.078077137   -8.5895401e-05   -0.00019793276
           20.625            -22.4              300      0.036222547     -0.083094291     -0.033140801      0.078084402   -8.5161235e-05   -0.00019655845
         21.09375            -22.4              300      0.036214855     -0.083085589     -0.033155091      0.078091666   -8.3986168e-05   -0.00019534703
          21.5625            -22.4              300      0.036209133     -0.083077297     -0.033169881      0.078099012   -8.2848041e-05    -0.0001941091
         22.03125            -22.4              300      0.036205374     -0.083069451     -0.033185184      0.078106441   -8.1746955e-05   -0.00019284457
             22.5            -22.4              300      0.036203578     -0.083062023     -0.033201002      0.078113943   -8.0682781e-05   -0.00019155352
         22.96875            -22.4              300      0.036203753     -0.083055034      -0.03321733      0.078121513   -7.9655627e-05   -0.00019023591
          23.4375            -22.4              300      0.036205895     -0.083048478     -0.033234172      0.078129187   -7.8665398e-05   -0.00018889179
         23.90625            -22.4              300      0.036210004     -0.083042346     -0.033251517      0.078136913   -7.7712204e-05   -0.00018752107
           24.375            -22.4              300      0.036216114     -0.083036646     -0.033269245      0.078144699   -7.6766009e-05   -0.00018614106
         24.84375            -22.4              300      0.036224283     -0.083030984     -0.033283893       0.07815142   -7.6010314e-05   -0.00018472843
          25.3125            -22.4              300      0.036233582      -0.08302521     -0.033296127      0.078157276   -7.6151584e-05   -0.00018290934
         25.78125            -22.4              300      0.036244098     -0.083019681      -0.03330699      0.078162752   -7.6176759e-05   -0.00018114748
            26.25            -22.4              300      0.036255836     -0.083014391     -0.033316482      0.078167856    -7.608578e-05   -0.00017944285
         26.71875            -22.4              300       0.03626867     -0.083009377     -0.033324987      0.078172736   -7.5815093e-05   -0.00017782336
          27.1875            -22.4              300       0.03628191     -0.083004676     -0.033334237      0.078178011   -7.5218457e-05   -0.00017635153
         27.65625            -22.4              300       0.03629626     -0.083000124      -0.03334273       0.07818304   -7.4499629e-05    -0.0001749159
           28.125            -22.4              300      0.036312521     -0.082995877     -0.033349406      0.078187495   -7.3432966e-05   -0.00017357914
         28.59375            -22.4              300      0.036329366     -0.082991719     -0.033353791      0.078191385   -7.2586394e-05   -0.00017219265
          29.0625            -22.4              300      0.036346801     -0.082987681     -0.033355892      0.078194693   -7.1959832e-05   -0.00017075657
         29.53125            -22.4              300      0.036364909     -0.082983695     -0.033355445      0.078197323   -7.1418872e-05   -0.00016933784
               30            -22.4              300      0.036383558     -0.082979247     -0.033351455      0.078198731   -7.0060749e-05   -0.00016835731
         30.46875            -22.4              300      0.036401566     -0.082974508      -0.03334618      0.078199781   -6.8735324e-05    -0.0001673685
          30.9375            -22.4              300      0.036418937     -0.082969472     -0.033339623      0.078200489   -6.7442466e-05   -0.00016637152
         31.40625            -22.4              300      0.036435667      -0.08296413     -0.033331789      0.078200839   -6.6182292e-05   -0.00016536626
           31.875            -22.4              300      0.036451761     -0.082958482     -0.033322666      0.078200847   -6.4954758e-05   -0.00016435276
         32.34375            -22.4              300      0.036467213     -0.082952544     -0.033312265      0.078200482   -6.3759864e-05   -0.00016333102
          32.8125            -22.4              300      0.036482044     -0.082946315     -0.033300586      0.078199796   -6.2597683e-05     -0.000162301
         33.28125            -22.4              300      0.036495283     -0.082939856     -0.033284325      0.078198247   -6.2484571e-05   -0.00016080601
            33.75            -22.4              300      0.036507729     -0.082933001     -0.033267338      0.078196444   -6.1383165e-05   -0.00015975026
         34.21875            -22.4              300      0.036518212     -0.082925051     -0.033249795      0.078194208   -6.0507406e-05   -0.00015861908
          34.6875            -22.4              300      0.036527488      -0.08291664     -0.033230077      0.078191474   -6.0260099e-05    -0.0001572257
         35.15625            -22.4              300       0.03653514     -0.082907714     -0.033210061      0.078188702   -5.9852064e-05   -0.00015591506
           35.625            -22.4              300      0.036541197     -0.082898192     -0.033189479      0.078185819   -5.9430466e-05   -0.00015461471
         36.09375            -22.4              300      0.036545653     -0.082888126     -0.033168327      0.078182802   -5.8995338e-05   -0.00015332467
          36.5625            -22.4              300       0.03654851     -0.082877472     -0.033146605       0.07817965   -5.8546826e-05   -0.00015204484
         37.03125            -22.4              300      0.036549766     -0.082866259     -0.033124316      0.078176364   -5.8084715e-05   -0.00015077536
             37.5            -22.4              300      0.036549419     -0.082854465     -0.033101458      0.078172959   -5.7609133e-05   -0.00014951614
         37.96875            -22.4              300      0.036547329      -0.08284191     -0.033079006      0.078169517   -5.5183962e-05   -0.00014907148
          38.4375            -22.4              300      0.036542565     -0.082828477     -0.033057489      0.078166343   -5.2038762e-05   -0.00014893443
         38.90625            -22.4              300      0.036535956     -0.082814604     -0.033035792      0.078163348   -5.1345232e-05   -0.00014774252
           39.375            -22.4              300      0.036527894      -0.08280021     -0.033014614      0.078160509   -5.0646835e-05   -0.00014653962
         39.84375            -22.4              300      0.036519315     -0.082785539     -0.032994367      0.078157924   -5.1150393e-05   -0.00014480203
          40.3125            -22.4              300      0.036509369     -0.082770459     -0.032975972       0.07815586   -5.2131996e-05   -0.00014282846
         40.78125            -22.4              300      0.036497548     -0.082754701     -0.032959022      0.078154169   -5.2637744e-05   -0.00014104217
            41.25            -22.4              300      0.036484171     -0.082738243     -0.032942299      0.078152448   -5.2478346e-05   -0.00013954757
         41.71875            -22.4              300      0.036469456     -0.082721308     -0.032926146      0.078150928   -5.2371077e-05   -0.00013801947
          42.1875            -22.4              300      0.036453396     -0.082703896     -0.032910552      0.078149565   -5.2315976e-05   -0.00013645792
         42.65625            -22.4              300      0.036435645     -0.082685962     -0.032896712      0.078148738   -5.1794323e-05    -0.0001350855
           43.125            -22.4              300      0.036416911     -0.082667679     -0.032885775      0.078148708    -5.053803e-05   -0.00013401247
         43.59375            -22.4              300       0.03639809     -0.082649231      -0.03287632       0.07814905   -4.9274007e-05   -0.00013292486
          44.0625            -22.4              300      0.036379181     -0.082630627     -0.032868337      0.078149781   -4.8002221e-05   -0.00013182264
         44.53125            -22.4              300      0.036360178     -0.082611866     -0.032861836      0.078150883   -4.6722635e-05    -0.0001307059
               45            -22.4              300      0.036341086     -0.082592964     -0.032856815      0.078152366   -4.5435325e-05   -0.00012957455
         45.46875            -22.4              300       0.03632237     -0.082574382     -0.032854836      0.078154832   -4.2499079e-05    -0.0001292399
          45.9375            -22.4              300      0.036304034     -0.082555778     -0.032854475      0.078157708    -3.917882e-05   -0.00012908007
         46.40625            -22.4              300      0.036284674     -0.082536288     -0.032854363      0.078160331   -3.8676793e-05    -0.0001274979
           46.875            -22.4              300      0.036266349     -0.082516953     -0.032856226       0.07816343   -3.8258233e-05   -0.00012586321
         47.34375            -22.4              300      0.036249056     -0.082497776     -0.032860063      0.078167006   -3.7923041e-05   -0.00012417603
          47.8125            -22.4              300      0.036232796     -0.082478747     -0.032865878      0.078171052   -3.7671329e-05   -0.00012243625
         48.28125            -22.4              300       0.03621763     -0.082460046     -0.032874309      0.078175895   -3.7004389e-05   -0.00012087685
            48.75            -22.4              300      0.036203243     -0.082441404     -0.032883279      0.078180857   -3.6543122e-05   -0.00011918118
         49.21875            -22.4              300       0.03618988     -0.082422867     -0.032893375      0.078186043   -3.6012316e-05   -0.00011749169
          49.6875            -22.4              300       0.03617752      -0.08240445     -0.032904606      0.078191482   -3.5489837e-05   -0.00011577489
         50.15625            -22.4              300       0.03616615     -0.082386144     -0.032916971      0.078197144   -3.4975652e-05   -0.00011403081
           50.625            -22.4              300      0.036157422     -0.082368404     -0.032929406      0.078202724   -3.4081291e-05   -0.00011246417
         51.09375            -22.4              300      0.036149397     -0.082350709     -0.032942668      0.078208432    -3.240876e-05   -0.00011126485
          51.5625            -22.4              300      0.036142491     -0.082333103     -0.032956798      0.078214221   -3.0541574e-05   -0.00011016415
         52.03125            -22.4              300       0.03613764      -0.08231581     -0.032971129      0.078219928   -2.8781502e-05    -0.0001090285
             52.5            -22.4              300      0.036134861     -0.082298845     -0.032985661      0.078225531   -2.7128728e-05   -0.00010785783
         52.96875            -22.4              300      0.036134217     -0.082282476     -0.033001378      0.078231484   -2.5914018e-05   -0.00010645557
          53.4375            -22.4              300      0.036135703     -0.082266547     -0.033017416      0.078237474    -2.474438e-05   -0.00010502492
         53.90625            -22.4              300      0.036139302     -0.082250983     -0.033033527       0.07824336   -2.3523751e-05   -0.00010361967
           54.375            -22.4              300      0.036145017     -0.082235768     -0.033049703      0.078249171   -2.2252096e-05   -0.00010223985
         54.84375            -22.4              300      0.036151994     -0.082221173     -0.033064689      0.078254811   -2.1161639e-05   -0.00010075253
          55.3125            -22.4              300      0.036160227      -0.08220645     -0.033078816      0.078259945   -2.0493404e-05     -9.90806e-05
         55.78125            -22.4              300      0.036170028     -0.082191601     -0.033091739      0.078264423   -1.9993589e-05   -9.7341202e-05
            56.25            -22.4              300      0.036180906     -0.082176782     -0.033102993      0.078268312   -1.9468956e-05   -9.5627431e-05
         56.71875            -22.4              300      0.036192846     -0.082161993     -0.033112567      0.078271635   -1.8919472e-05    -9.393927e-05
          57.1875            -22.4              300      0.036205862     -0.082147241     -0.033120465      0.078274362   -1.8345163e-05   -9.2276699e-05
         57.65625            -22.4              300      0.036219951     -0.082132533     -0.033126689      0.078276522   -1.7746013e-05   -9.0639762e-05
           58.125            -22.4              300      0.036235109     -0.082117841     -0.033131242      0.078278095   -1.7122064e-05   -8.9028421e-05
         58.59375            -22.4              300      0.036251336     -0.082103208     -0.033134118        0.0782791   -1.6473256e-05   -8.7442706e-05
          59.0625            -22.4              300       0.03626864      -0.08208859     -0.033135325      0.078279518   -1.5799598e-05   -8.5882617e-05
         59.53125            -22.4              300      0.036286756     -0.082073748     -0.033133671      0.078278929   -1.4832922e-05   -8.4468462e-05
               60            -22.4              300      0.036303241     -0.082058214     -0.033131145       0.07827796   -1.3357553e-05   -8.3276878e-05
         60.46875            -22.4              300      0.036321513     -0.082043216     -0.033128571      0.078277215   -1.2971881e-05    -8.163193e-05
          60.9375            -22.4              300       0.03633903     -0.082027644     -0.033123259      0.078275509   -1.2787939e-05   -7.9894962e-05
         61.40625            -22.4              300      0.036355656     -0.082011551     -0.033115953      0.078273132   -1.2559653e-05   -7.8198893e-05
           61.875            -22.4              300      0.036371384     -0.081994958     -0.033106841       0.07827013   -1.2292927e-05   -7.6547229e-05
         62.34375            -22.4              300      0.036386237     -0.081977896     -0.033095941      0.078266524   -1.1987657e-05   -7.4940042e-05
          62.8125            -22.4              300      0.036400221      -0.08196032     -0.033083156      0.078262262   -1.1536541e-05   -7.3424642e-05
         63.28125            -22.4              300       0.03641345     -0.081942201     -0.033068124      0.078257203   -1.0584165e-05   -7.2150826e-05
            63.75            -22.4              300      0.036425821     -0.081923604      -0.03305117      0.078251496   -9.5351943e-06   -7.0935501e-05
         64.21875            -22.4              300       0.03643734     -0.081904493     -0.033032294      0.078245141   -8.3895902e-06   -6.9778682e-05
          64.6875            -22.4              300      0.036446083     -0.081884496     -0.033013698       0.07823889   -7.3540386e-06   -6.8640991e-05
         65.15625            -22.4              300      0.036453344     -0.081863672     -0.032994621      0.078232281   -5.9697741e-06   -6.7620313e-05
           65.625            -22.4              300      0.036459576      -0.08184205     -0.032974824      0.078225143   -3.7659247e-06    -6.690056e-05
         66.09375            -22.4              300      0.036463737     -0.081819817     -0.032954674      0.078217931   -2.3270798e-06    -6.583178e-05
          66.5625            -22.4              300      0.036465533     -0.081796952     -0.032934625      0.078210793   -2.0231819e-06   -6.4285734e-05
         67.03125            -22.4              300      0.036466774     -0.081773609     -0.032915212      0.078203551   -9.4308689e-07   -6.3046216e-05
             67.5            -22.4              300      0.036465805     -0.081749409     -0.032895688      0.078196138    1.9353138e-07   -6.1853782e-05
         67.96875            -22.4              300      0.036462635     -0.081724361     -0.032876056      0.078188568    1.3868557e-06   -6.0708509e-05
          68.4375            -22.4              300      0.036457263     -0.081698455     -0.032856315      0.078180827    2.6368052e-06   -5.9610371e-05
         68.90625            -22.4              300      0.036449686     -0.081671692     -0.032836463      0.078172922    3.9433671e-06   -5.8559344e-05
           69.375            -22.4              300      0.036440827     -0.081643999     -0.032816224      0.078164645    4.6085734e-06    -5.718819e-05
         69.84375            -22.4              300      0.036430988     -0.081615627     -0.032797024      0.078156352    4.9038481e-06   -5.5605171e-05
          70.3125            -22.4              300      0.036419824     -0.081586629     -0.032779284      0.078148231    5.1962888e-06   -5.3996082e-05
         70.78125            -22.4              300       0.03640734     -0.081557021     -0.032763004      0.078140266    5.4860375e-06   -5.2361011e-05
            71.25            -22.4              300      0.036393523     -0.081526771     -0.032748196       0.07813248    5.7730495e-06   -5.0699906e-05
         71.71875            -22.4              300      0.036378387     -0.081495933     -0.032734849      0.078124858    6.0572906e-06   -4.9012782e-05
          72.1875            -22.4              300      0.036361892     -0.081464477     -0.032723069      0.078117438    6.3338539e-06   -4.7314414e-05
         72.65625            -22.4              300      0.036344081     -0.081432447     -0.032713387      0.078110337    6.7499495e-06   -4.5832487e-05
           73.125            -22.4              300      0.036325667     -0.081399955     -0.032704864      0.078103274     7.212845e-06    -4.433974e-05
         73.59375            -22.4              300       0.03630688     -0.081367038     -0.032698482      0.078096464    7.7368131e-06   -4.2798896e-05
          74.0625            -22.4              300       0.03628774     -0.081333756     -0.032694247       0.07808996    8.3193654e-06   -4.1209933e-05
         74.53125            -22.4              300      0.036268227     -0.081300065     -0.032692142      0.078083724    8.9605528e-06   -3.9572882e-05
               75            -22.4              300      0.036248345     -0.081265993     -0.032692179      0.078077756    9.6604335e-06   -3.7887763e-05
         75.46875            -22.4              300      0.036228098     -0.081231527     -0.032694358      0.078072071    1.0418953e-05   -3.6154568e-05
          75.9375            -22.4              300      0.036207516     -0.081196703     -0.032698587      0.078066669    1.1165565e-05   -3.4367455e-05
         76.40625            -22.4              300       0.03618741     -0.081161752     -0.032704666      0.078061379     1.183996e-05   -3.2586715e-05
           76.875            -22.4              300      0.036168106      -0.08112666     -0.032712758      0.078056149    1.2633475e-05   -3.0863801e-05
         77.34375            -22.4              300      0.036149617     -0.081091434     -0.032722872      0.078050986    1.3546218e-05   -2.9198753e-05
          77.8125            -22.4              300       0.03613193     -0.081056088     -0.032735005      0.078045867    1.4578028e-05   -2.7591521e-05
         78.28125            -22.4              300      0.036115061     -0.081020609      -0.03274915      0.078040808    1.5729067e-05   -2.6042157e-05
            78.75            -22.4              300      0.036099017     -0.080984943     -0.032764543      0.078035563    1.7172622e-05   -2.4628431e-05
         79.21875            -22.4              300       0.03608356     -0.080948845     -0.032779597      0.078029752     1.802509e-05    -2.290522e-05
          79.6875            -22.4              300       0.03606993     -0.080912992     -0.032796297      0.078023978    1.8498446e-05   -2.0940777e-05
         80.15625            -22.4              300      0.036058143     -0.080877706     -0.032818254      0.078019194    2.0547786e-05   -1.9668489e-05
           80.625            -22.4              300      0.036047198     -0.080842055     -0.032840636      0.078013822    2.2105731e-05   -1.8161254e-05
         81.09375            -22.4              300      0.036037639     -0.080806173     -0.032862633      0.078007594    2.2700922e-05   -1.6207903e-05
          81.5625            -22.4              300       0.03602973     -0.080770306     -0.032885242      0.078000844    2.3326413e-05   -1.4265355e-05
         82.03125            -22.4              300      0.036023468     -0.080734447     -0.032908469      0.077993602    2.3982286e-05   -1.2333629e-05
             82.5            -22.4              300      0.036018852      -0.08069858     -0.032932308      0.077985853    2.4668476e-05   -1.0412716e-05
         82.96875            -22.4              300      0.036015883     -0.080662727     -0.032956764      0.077977598    2.5385012e-05   -8.5026095e-06
          83.4375            -22.4              300      0.036015011     -0.080627121     -0.032982424      0.077969067    2.5958867e-05   -6.5279319e-06
         83.90625            -22.4              300      0.036015984     -0.080591612     -0.033009082      0.077960171    2.6509642e-05    -4.533912e-06
           84.375            -22.4              300      0.036018729     -0.080556147     -0.033036672      0.077950858    2.7064736e-05   -2.5319405e-06
         84.84375            -22.4              300      0.036021084     -0.080520011     -0.033062238      0.077940203    2.8132366e-05   -7.1659451e-07
          85.3125            -22.4              300      0.036027286      -0.08048439     -0.033088237       0.07792867    2.8971477e-05    1.2863584e-06
         85.78125            -22.4              300      0.036035068     -0.080448657     -0.033113692      0.077916048    2.9715407e-05    3.2904845e-06
            86.25            -22.4              300      0.036044016     -0.080412693     -0.033138167      0.077902228    3.0443143e-05     5.246884e-06
         86.71875            -22.4              300      0.036054134     -0.080376484     -0.033161659      0.077887215    3.1154679e-05    7.1555569e-06
          87.1875            -22.4              300       0.03606531     -0.080340013      -0.03318404      0.077870987    3.1879426e-05    8.9965233e-06
         87.65625            -22.4              300      0.036076963     -0.080303095     -0.033205241      0.077853531    3.2710523e-05     1.076059e-05
           88.125            -22.4              300      0.036089275      -0.08026576     -0.033225939      0.077834919    3.3545781e-05    1.2552448e-05
         88.59375            -22.4              300      0.036102246     -0.080228046      -0.03324616      0.077815175    3.4385317e-05    1.4372065e-05
          89.0625            -22.4              300      0.036115881     -0.080189928     -0.033265878      0.077794276    3.5229066e-05    1.6219459e-05
         89.53125            -22.4              300      0.036130179     -0.080151409     -0.033285107      0.077772222    3.6076985e-05    1.8094644e-05
               90            -22.4              300      0.036144268      -0.08011204     -0.033303123      0.077748634    3.6855086e-05    1.9909072e-05
         90.46875            -22.4              300      0.036157023     -0.080071479     -0.033317864      0.077722862    3.7446327e-05    2.1710646e-05
          90.9375            -22.4              300       0.03616995     -0.080030531     -0.033330016      0.077695519    3.8145849e-05    2.3546423e-05
         91.40625            -22.4              300      0.036182985      -0.07998915     -0.033341888      0.077666968    3.9134684e-05    2.5307618e-05
           91.875            -22.4              300      0.036194906     -0.079946771      -0.03335356      0.077636927    4.0170336e-05    2.7026334e-05
         92.34375            -22.4              300      0.036205709     -0.079903394     -0.033365026      0.077605382    4.1252788e-05    2.8702576e-05
          92.8125            -22.4              300      0.036215406     -0.079859011     -0.033376284      0.077572338    4.2382118e-05     3.033633e-05
         93.28125            -22.4              300      0.036223985     -0.079813614     -0.033387344      0.077537797    4.3558186e-05    3.1927619e-05
            93.75            -22.4              300      0.036231454     -0.079767242     -0.033398204      0.077501766    4.4781118e-05     3.347643e-05
         94.21875            -22.4              300       0.03623781     -0.079719856      -0.03340885      0.077464223    4.6050838e-05    3.4982764e-05
          94.6875            -22.4              300      0.036243454     -0.079671681     -0.033419505      0.077425443    4.7035639e-05    3.6637117e-05
         95.15625            -22.4              300      0.036247469     -0.079622351     -0.033430595      0.077385187     4.872596e-05    3.8051978e-05
           95.625            -22.4              300      0.036247939     -0.079571418     -0.033444226       0.07734374    5.0144441e-05    3.9481674e-05
         96.09375            -22.4              300      0.036244698     -0.079518855     -0.033457913      0.077300809    5.1019899e-05    4.1138832e-05
          96.5625            -22.4              300      0.036239736     -0.079464808     -0.033469968       0.07725551    5.1505212e-05    4.2958382e-05
         97.03125            -22.4              300      0.036233567      -0.07940948     -0.033482846      0.077208355    5.1882053e-05    4.4926874e-05
             97.5            -22.4              300      0.036225777     -0.079352871     -0.033496924      0.077159673    5.2587442e-05    4.6900612e-05
         97.96875            -22.4              300       0.03621617     -0.079294972     -0.033513211      0.077109501    5.3353149e-05    4.8818292e-05
          98.4375            -22.4              300       0.03620474     -0.079235755     -0.033531714      0.077057868    5.4179043e-05    5.0679937e-05
         98.90625            -22.4              300       0.03619149     -0.079175256     -0.033552431      0.077004746     5.506524e-05    5.2485535e-05
           99.375            -22.4              300      0.036176417     -0.079113439     -0.033575356       0.07695017    5.6011606e-05    5.4235104e-05
         99.84375            -22.4              300      0.036159523     -0.079050332     -0.033600494      0.076894112    5.7018195e-05    5.5928627e-05
         100.3125            -22.4              300      0.036140814     -0.078985922     -0.033627842      0.076836586    5.8085043e-05    5.7566103e-05
        100.78125            -22.4              300      0.036120359     -0.078920223     -0.033657745      0.076777615     5.919125e-05    5.9163238e-05
           101.25            -22.4              300      0.036098048     -0.078853123     -0.033694047      0.076717414    5.9974751e-05    6.0999577e-05
        101.71875            -22.4              300      0.036073536     -0.078784376     -0.033732343      0.076654993    6.0445651e-05    6.3046631e-05
         102.1875            -22.4              300      0.036048047     -0.078714296     -0.033774171      0.076590613    6.0873899e-05    6.5231579e-05
        102.65625            -22.4              300      0.036021575     -0.078642882     -0.033819534       0.07652425    6.1259438e-05    6.7554414e-05
          103.125            -22.4              300      0.035994098     -0.078570142     -0.033868384      0.076455943    6.1625607e-05    6.9998874e-05
        103.59375            -22.4              300      0.035964895     -0.078496277     -0.033919539      0.076386444    6.2940147e-05    7.1864139e-05
         104.0625            -22.4              300      0.035935745     -0.078421302     -0.033976212      0.076314762    6.4239357e-05    7.3796102e-05
        104.53125            -22.4              300      0.035906643     -0.078345172      -0.03403841       0.07624089    6.5523207e-05    7.5794764e-05
              105            -22.4              300      0.035876747     -0.078267753     -0.034107246      0.076164782    6.6519118e-05     7.792683e-05
