           x [mm]           y [mm]           z [mm]       HxRe [A/m]       HxIm [A/m]       HyRe [A/m]       HyIm [A/m]       HzRe [A/m]       HzIm [A/m]
---------------------------------------------------------------------------------------------------------------------------------------------------------
             -105            -22.4              300     0.0021829796    -0.0028222387    -0.0034897707     0.0048924424    0.00012346382   -0.00017722984
       -104.53125            -22.4              300     0.0022146772    -0.0028633564    -0.0035155842     0.0049421499    0.00012432416   -0.00017874734
        -104.0625            -22.4              300     0.0022473426    -0.0029053332    -0.0035419113      0.004992391    0.00012516118   -0.00018025968
       -103.59375            -22.4              300     0.0022809654    -0.0029480848    -0.0035687753     0.0050431783    0.00012597446   -0.00018175654
         -103.125            -22.4              300      0.002315545    -0.0029916109    -0.0035961764     0.0050945133    0.00012676395   -0.00018323796
       -102.65625            -22.4              300     0.0023510812    -0.0030359109    -0.0036241137     0.0051463945    0.00012752967   -0.00018470387
        -102.1875            -22.4              300     0.0023875434    -0.0030809981    -0.0036526425     0.0051988182    0.00012831674   -0.00018615552
       -101.71875            -22.4              300     0.0024250175    -0.0031268185    -0.0036818732     0.0052519045    0.00012908621   -0.00018758175
          -101.25            -22.4              300     0.0024634856    -0.0031735918    -0.0037115032     0.0053055356    0.00012990757   -0.00018905097
       -100.78125            -22.4              300     0.0025029478    -0.0032212681    -0.0037415908     0.0053597186    0.00013077419   -0.00019055465
        -100.3125            -22.4              300     0.0025434042    -0.0032698386    -0.0037721482     0.0054144547    0.00013168401   -0.00019209144
        -99.84375            -22.4              300     0.0025848614    -0.0033192995    -0.0038031784      0.005469746    0.00013263812   -0.00019366463
          -99.375            -22.4              300     0.0026274538    -0.0033696229    -0.0038347009     0.0055256486    0.00013360263   -0.00019526972
        -98.90625            -22.4              300     0.0026711905    -0.0034208759    -0.0038666483     0.0055822129     0.0001345286   -0.00019684207
         -98.4375            -22.4              300     0.0027160724    -0.0034730588    -0.0038990197     0.0056394371    0.00013541602   -0.00019838166
        -97.96875            -22.4              300     0.0027620981     -0.003526171    -0.0039318148     0.0056973207    0.00013626483   -0.00019988848
            -97.5            -22.4              300     0.0028092684    -0.0035802126    -0.0039650351      0.005755865    0.00013707513   -0.00020136258
        -97.03125            -22.4              300     0.0028576094    -0.0036353422    -0.0039986637     0.0058150636    0.00013786562   -0.00020279612
         -96.5625            -22.4              300     0.0029071588    -0.0036916868    -0.0040326267     0.0058750031    0.00013872115   -0.00020425701
        -96.09375            -22.4              300     0.0029579131    -0.0037491887    -0.0040669129     0.0059357076    0.00013965198   -0.00020576663
          -95.625            -22.4              300     0.0030098711    -0.0038078469    -0.0041015237     0.0059971763    0.00014065814   -0.00020732491
        -95.15625            -22.4              300     0.0030630738    -0.0038676262    -0.0041365121     0.0060594906    0.00014175322   -0.00020895938
         -94.6875            -22.4              300     0.0031175003    -0.0039285142    -0.0041717505     0.0061225025    0.00014287369   -0.00021060601
        -94.21875            -22.4              300     0.0031731043    -0.0039906208    -0.0042072046     0.0061861644    0.00014390376   -0.00021217213
           -93.75            -22.4              300     0.0032299664    -0.0040539186    -0.0042430549     0.0062506143    0.00014484578   -0.00021371779
        -93.28125            -22.4              300     0.0032880576    -0.0041184523     -0.004279233     0.0063158018    0.00014572195   -0.00021525106
         -92.8125            -22.4              300     0.0033473789    -0.0041842214    -0.0043157395     0.0063817264    0.00014653223   -0.00021677191
        -92.34375            -22.4              300     0.0034079291    -0.0042512259    -0.0043525733     0.0064483881    0.00014727662    -0.0002182803
          -91.875            -22.4              300     0.0034697438    -0.0043195179    -0.0043896902        0.0065158    0.00014815317   -0.00021988184
        -91.40625            -22.4              300     0.0035328246    -0.0043892963    -0.0044271555     0.0065841135    0.00014917085   -0.00022154427
         -90.9375            -22.4              300     0.0035971368    -0.0044605737    -0.0044650352     0.0066533657    0.00015013784   -0.00022315295
        -90.46875            -22.4              300     0.0036626807    -0.0045333505    -0.0045033288     0.0067235553    0.00015105413   -0.00022470797
              -90            -22.4              300     0.0037294731    -0.0046076342    -0.0045420248     0.0067946785    0.00015191479   -0.00022620843
        -89.53125            -22.4              300     0.0037976732    -0.0046834745    -0.0045810365     0.0068666795    0.00015275976   -0.00022771182
         -89.0625            -22.4              300     0.0038671601    -0.0047608004    -0.0046204831     0.0069395909    0.00015369488   -0.00022927755
        -88.59375            -22.4              300      0.003937935    -0.0048396117    -0.0046603642     0.0070134141    0.00015472018   -0.00023090569
          -88.125            -22.4              300     0.0040099965    -0.0049199085    -0.0047006803     0.0070881494    0.00015583557   -0.00023259612
        -87.65625            -22.4              300     0.0040836157    -0.0050023678     -0.004741936      0.007163764     0.0001567946   -0.00023412346
         -87.1875            -22.4              300     0.0041584005    -0.0050860406    -0.0047832322     0.0072401324    0.00015781926   -0.00023579065
        -86.71875            -22.4              300     0.0042347424    -0.0051716031    -0.0048252544     0.0073175216    0.00015877892   -0.00023740143
           -86.25            -22.4              300     0.0043126624     -0.005259092    -0.0048680324     0.0073959413    0.00015966903   -0.00023894735
        -85.78125            -22.4              300     0.0043921596    -0.0053485064    -0.0049115648     0.0074753892    0.00016048981   -0.00024042855
         -85.3125            -22.4              300     0.0044732341    -0.0054398458    -0.0049558519     0.0075558643    0.00016124111   -0.00024184487
        -84.84375            -22.4              300     0.0045558866    -0.0055331117    -0.0050008954     0.0076373694    0.00016192294   -0.00024319637
          -84.375            -22.4              300     0.0046403343     -0.005628523    -0.0050465977       0.00771994     0.0001627528   -0.00024469575
        -83.90625            -22.4              300     0.0047264067     -0.005725869    -0.0050931238     0.0078035789     0.0001637059   -0.00024627894
         -83.4375            -22.4              300     0.0048140856    -0.0058251298    -0.0051404848     0.0078882854    0.00016477128   -0.00024793367
        -82.96875            -22.4              300     0.0049033719    -0.0059263064    -0.0051886821     0.0079740565    0.00016594793   -0.00024965889
            -82.5            -22.4              300     0.0049948427    -0.0060298918    -0.0052386047     0.0080610849    0.00016666406   -0.00025085849
        -82.03125            -22.4              300     0.0050887829    -0.0061361482    -0.0052889725     0.0081489459    0.00016705976   -0.00025214665
         -81.5625            -22.4              300     0.0051850691    -0.0062448764    -0.0053402781     0.0082379328    0.00016737678   -0.00025353252
        -81.09375            -22.4              300     0.0052836053    -0.0063559813    -0.0053927349     0.0083281351    0.00016783937   -0.00025500692
          -80.625            -22.4              300      0.005383898    -0.0064690327    -0.0054462962     0.0084194234    0.00016886269   -0.00025664811
        -80.15625            -22.4              300      0.005486683    -0.0065846452    -0.0055009406     0.0085118683    0.00016977734   -0.00025818235
         -79.6875            -22.4              300     0.0055919597    -0.0067028208    -0.0055566672     0.0086054727    0.00017058334   -0.00025960951
        -79.21875            -22.4              300     0.0056997286    -0.0068235584    -0.0056134774     0.0087002348     0.0001712807   -0.00026092978
           -78.75            -22.4              300     0.0058099907    -0.0069468589    -0.0056713698     0.0087961564    0.00017186938     -0.000262143
        -78.28125            -22.4              300     0.0059227431    -0.0070727211    -0.0057303449     0.0088932365    0.00017234942   -0.00026324927
         -77.8125            -22.4              300     0.0060384581    -0.0072014933    -0.0057902914     0.0089914631    0.00017275207   -0.00026421426
        -77.34375            -22.4              300        0.0061577    -0.0073335497    -0.0058512762     0.0090909936    0.00017328782   -0.00026521937
          -76.875            -22.4              300     0.0062804278    -0.0074688522    -0.0059133447     0.0091918595    0.00017398153    -0.0002663031
        -76.40625            -22.4              300     0.0064066425    -0.0076074009    -0.0059764953     0.0092940573    0.00017483329   -0.00026746569
         -75.9375            -22.4              300     0.0065363422    -0.0077491952    -0.0060407287     0.0093975877    0.00017584304   -0.00026870699
        -75.46875            -22.4              300     0.0066694701    -0.0078939907    -0.0061062342     0.0095024053    0.00017720845   -0.00027014731
              -75            -22.4              300     0.0068062819    -0.0080423057     -0.006172589     0.0096083665    0.00017838852   -0.00027141243
        -74.53125            -22.4              300      0.006946878    -0.0081941104    -0.0062399223     0.0097156418    0.00017927926   -0.00027248941
         -74.0625            -22.4              300     0.0070912573    -0.0083494075    -0.0063082357     0.0098242257    0.00017988066   -0.00027337822
        -73.59375            -22.4              300       0.00723942    -0.0085081924    -0.0063775261     0.0099341227    0.00018019273   -0.00027407886
          -73.125            -22.4              300     0.0073915841    -0.0086707091    -0.0064477911       0.01004543     0.0001801739   -0.00027464639
        -72.65625            -22.4              300     0.0075487588    -0.0088381581    -0.0065188329      0.010158421    0.00017978127   -0.00027547369
         -72.1875            -22.4              300     0.0077091996    -0.0090077743     -0.006591083      0.010272564    0.00017953945   -0.00027588732
        -71.71875            -22.4              300     0.0078746527     -0.009182075    -0.0066638258      0.010388106    0.00017948361   -0.00027636648
           -71.25            -22.4              300     0.0080451183    -0.0093610622    -0.0067370608      0.010505049    0.00017961384   -0.00027691119
        -70.78125            -22.4              300     0.0082205962     -0.009544732    -0.0068107871      0.010623392    0.00017992991   -0.00027752138
         -70.3125            -22.4              300     0.0084010856    -0.0097330855    -0.0068850052      0.010743135    0.00018043206   -0.00027819714
        -69.84375            -22.4              300     0.0085865892    -0.0099261245    -0.0069597154       0.01086428    0.00018112009   -0.00027893839
          -69.375            -22.4              300     0.0087770307     -0.010123563    -0.0070350459      0.010986906    0.00018199872   -0.00027982992
        -68.90625            -22.4              300     0.0089727966     -0.010325699    -0.0071110078      0.011111229    0.00018289033   -0.00028065854
         -68.4375            -22.4              300     0.0091743059     -0.010533197    -0.0071872585      0.011236948     0.0001825395   -0.00028097656
        -67.96875            -22.4              300      0.009380972     -0.010745464    -0.0072639701      0.011364073    0.00018172985   -0.00028100357
            -67.5            -22.4              300     0.0095932093     -0.010964076    -0.0073398305      0.011492321    0.00018164214   -0.00028055187
        -67.03125            -22.4              300     0.0098107159     -0.011187294     -0.007416002      0.011622308    0.00018261936   -0.00028080418
         -66.5625            -22.4              300      0.010034005     -0.011415786    -0.0074929968       0.01175373    0.00018300628   -0.00028127409
        -66.09375            -22.4              300      0.010263664     -0.011651088    -0.0075698351      0.011886426    0.00018297574   -0.00028146143
          -65.625            -22.4              300      0.010499178     -0.011893163    -0.0076470077       0.01202013    0.00018179166   -0.00028181172
        -65.15625            -22.4              300      0.010741823      -0.01214216     -0.007723155      0.012155124    0.00018049653   -0.00028113811
         -64.6875            -22.4              300      0.010990757     -0.012397869    -0.0077992659      0.012291608    0.00017946238   -0.00028054515
        -64.21875            -22.4              300      0.011245864     -0.012660103    -0.0078755179      0.012429705    0.00017874075   -0.00028006328
           -63.75            -22.4              300      0.011507128     -0.012928733    -0.0079517085      0.012569095    0.00017822361   -0.00027966627
        -63.28125            -22.4              300       0.01177455      -0.01320376    -0.0080278376      0.012709776    0.00017791096   -0.00027935422
         -62.8125            -22.4              300      0.012048127     -0.013485182    -0.0081039062      0.012851752    0.00017780271   -0.00027912707
        -62.34375            -22.4              300      0.012327896     -0.013773202    -0.0081798648       0.01299522    0.00017797571   -0.00027901109
          -61.875            -22.4              300      0.012614939     -0.014069905    -0.0082555627      0.013140355    0.00017816284   -0.00027876344
        -61.40625            -22.4              300      0.012909765     -0.014375684    -0.0083311079      0.013286416    0.00017787356   -0.00027812453
         -60.9375            -22.4              300      0.013212372     -0.014690542    -0.0084064994      0.013433401    0.00017710813   -0.00027709451
        -60.46875            -22.4              300      0.013522759     -0.015014475    -0.0084817382      0.013581309    0.00017586643   -0.00027567334
              -60            -22.4              300      0.013840928     -0.015347486     -0.008556826      0.013730142    0.00017414836   -0.00027386093
        -59.53125            -22.4              300      0.014166876     -0.015689574    -0.0086317593      0.013879899    0.00017195402   -0.00027165731
         -59.0625            -22.4              300      0.014500608     -0.016040737    -0.0087065399      0.014030579    0.00016928348   -0.00026906258
        -58.59375            -22.4              300      0.014842777     -0.016403131    -0.0087806629      0.014179984    0.00016785874   -0.00026683975
          -58.125            -22.4              300       0.01519393      -0.01677544    -0.0088550244      0.014331728      0.000165556   -0.00026453953
        -57.65625            -22.4              300      0.015553975     -0.017158123    -0.0089297695      0.014485036    0.00016369531   -0.00026267779
         -57.1875            -22.4              300      0.015922833     -0.017551269    -0.0090048118      0.014639507    0.00016258215   -0.00026136232
        -56.71875            -22.4              300      0.016301431     -0.017955694    -0.0090798885      0.014794347    0.00016213252   -0.00025990352
           -56.25            -22.4              300      0.016689416     -0.018371016      -0.00915551      0.014949178    0.00016144999   -0.00025842979
        -55.78125            -22.4              300      0.017088491     -0.018799126    -0.0092310561      0.015103625    0.00015969911   -0.00025594249
         -55.3125            -22.4              300      0.017498313     -0.019239582    -0.0093065072      0.015257887    0.00015705866   -0.00025257748
        -54.84375            -22.4              300      0.017918797     -0.019692268    -0.0093818512      0.015412035    0.00015360469   -0.00024837526
          -54.375            -22.4              300      0.018349946     -0.020157175    -0.0094570909      0.015566075    0.00014933702   -0.00024333561
        -53.90625            -22.4              300      0.018794883     -0.020637665    -0.0095298421      0.015718373    0.00014334977   -0.00023872251
         -53.4375            -22.4              300      0.019252442       -0.0211324    -0.0096055176      0.015872207    0.00013837934   -0.00023397496
        -52.96875            -22.4              300      0.019722875     -0.021641314     -0.009681535      0.016025858    0.00013440661   -0.00022976034
            -52.5            -22.4              300      0.020206273     -0.022164455    -0.0097576249      0.016179141    0.00013139352    -0.0002261567
        -52.03125            -22.4              300       0.02070263     -0.022701818    -0.0098337838      0.016332062    0.00012933991   -0.00022316388
         -51.5625            -22.4              300      0.021213142     -0.023253893    -0.0099091651      0.016483214    0.00012862295   -0.00022025744
        -51.09375            -22.4              300      0.021739535     -0.023822853    -0.0099830823      0.016632287    0.00012664555   -0.00021622844
          -50.625            -22.4              300      0.022281818     -0.024408832     -0.010055574      0.016779421    0.00012314256   -0.00021103481
        -50.15625            -22.4              300      0.022839986     -0.025011828     -0.010126645      0.016924622     0.0001181136    -0.0002046766
         -49.6875            -22.4              300      0.023414044     -0.025631841     -0.010196291      0.017067881    0.00011155915   -0.00019715395
        -49.21875            -22.4              300      0.024004439     -0.026269635     -0.010263855      0.017208811    0.00010310813   -0.00018851379
           -48.75            -22.4              300      0.024617955     -0.026932284     -0.010325878      0.017345794    9.2167385e-05   -0.00018028628
        -48.28125            -22.4              300      0.025254149     -0.027615478      -0.01038816      0.017482653    8.3070976e-05   -0.00017307598
         -47.8125            -22.4              300      0.025909178     -0.028316215     -0.010450341      0.017618679    7.7544195e-05   -0.00016407651
        -47.34375            -22.4              300      0.026583076     -0.029038126     -0.010507536      0.017749311    7.3640636e-05   -0.00015563739
          -46.875            -22.4              300      0.027276158     -0.029781671     -0.010559464      0.017874327     7.109961e-05   -0.00014813204
        -46.40625            -22.4              300      0.027985577     -0.030543301     -0.010609467      0.017995702    6.8721274e-05   -0.00014059787
         -45.9375            -22.4              300       0.02872069     -0.031330165     -0.010653916      0.018112876    6.4288761e-05   -0.00013167402
        -45.46875            -22.4              300      0.029482843     -0.032143142     -0.010692655      0.018226029    5.7458863e-05   -0.00012163814
              -45            -22.4              300      0.030272031     -0.032981969     -0.010726066      0.018335404    4.7607977e-05    -0.0001105582
        -44.53125            -22.4              300      0.031084811     -0.033844572     -0.010754092      0.018440209    3.5530327e-05   -9.7427481e-05
         -44.0625            -22.4              300      0.031920388     -0.034730591     -0.010775214      0.018539317    2.1619955e-05   -8.2433442e-05
        -43.59375            -22.4              300      0.032782882     -0.035645932     -0.010785698      0.018630475    9.3095514e-06      -6.7998e-05
          -43.125            -22.4              300      0.033672601     -0.036590956     -0.010785437      0.018713646   -1.2314777e-06   -5.4247132e-05
        -42.65625            -22.4              300      0.034589522     -0.037565656     -0.010774434       0.01878882   -1.0003103e-05   -4.1180909e-05
         -42.1875            -22.4              300      0.035533663     -0.038570039     -0.010752684      0.018856002    -1.700523e-05   -2.8799344e-05
        -41.71875            -22.4              300      0.036506094     -0.039604817     -0.010720078      0.018915903   -2.2478738e-05   -1.6671795e-05
           -41.25            -22.4              300      0.037514035     -0.040673789     -0.010676851      0.018973092   -2.9134535e-05   -2.3605826e-06
        -40.78125            -22.4              300       0.03855285     -0.041779175      -0.01061589      0.019013967    -4.014936e-05    9.9740937e-06
         -40.3125            -22.4              300      0.039620113     -0.042917516     -0.010540716      0.019042658   -5.5857861e-05    2.6342583e-05
        -39.84375            -22.4              300      0.040715832     -0.044088826     -0.010451333      0.019059164   -7.6260301e-05    4.6745048e-05
          -39.375            -22.4              300      0.041830853     -0.045301262     -0.010342228      0.019054024   -8.5278545e-05    6.6758723e-05
        -38.90625            -22.4              300      0.042989876     -0.046542004      -0.01022326      0.019059163   -9.8564706e-05    8.7113382e-05
         -38.4375            -22.4              300      0.044184163     -0.047825985     -0.010083243      0.019047683   -0.00011415375    0.00010842035
        -37.96875            -22.4              300      0.045412552     -0.049155384    -0.0099205486      0.019016361   -0.00013129943    0.00013074162
            -37.5            -22.4              300      0.046675038     -0.050530214    -0.0097351782        0.0189652   -0.00015000178    0.00015407708
        -37.03125            -22.4              300      0.047971625     -0.051950462    -0.0095271319      0.018894196   -0.00017026035    0.00017842626
         -36.5625            -22.4              300      0.049302313      -0.05341614    -0.0092964089      0.018803345   -0.00019207533    0.00020378958
        -36.09375            -22.4              300        0.0506671     -0.054927237      -0.00904301      0.018692657   -0.00021544754     0.0002301674
          -35.625            -22.4              300      0.052071169     -0.056479558    -0.0087682717       0.01856982   -0.00023228666    0.00025020921
        -35.15625            -22.4              300      0.053510174     -0.058073733    -0.0084730852      0.018431259   -0.00024461321    0.00026836855
         -34.6875            -22.4              300      0.054983016     -0.059710376    -0.0081573566      0.018275624   -0.00025367923      0.000286027
        -34.21875            -22.4              300      0.056486428     -0.061435979    -0.0078005465      0.018064989   -0.00028705678    0.00031542443
           -33.75            -22.4              300      0.058031812     -0.063235372    -0.0074055889      0.017829981   -0.00031704808    0.00034413961
        -33.28125            -22.4              300      0.059618603     -0.065068655    -0.0069915447       0.01758947   -0.00032950644    0.00037578467
         -32.8125            -22.4              300      0.061241757     -0.066954084    -0.0065519228      0.017319165   -0.00034793137    0.00040924823
        -32.34375            -22.4              300       0.06290292     -0.068902895    -0.0060813585      0.017012002   -0.00036913593    0.00044407975
          -31.875            -22.4              300       0.06460207     -0.070915073    -0.0055798525      0.016667975   -0.00039311952    0.00048027904
        -31.40625            -22.4              300       0.06633921     -0.072990619    -0.0050474028      0.016287087   -0.00041988253    0.00051784626
         -30.9375            -22.4              300      0.068114348     -0.075129554    -0.0044840127      0.015869336   -0.00044942473    0.00055678131
        -30.46875            -22.4              300      0.069927484     -0.077332951    -0.0038885388       0.01540316   -0.00048861385    0.00059985486
              -30            -22.4              300      0.071790144     -0.079627946    -0.0032557156      0.014886972   -0.00052973442    0.00064244278
        -29.53125            -22.4              300      0.073699251     -0.082012109    -0.0025890034      0.014323209   -0.00056822173    0.00068763626
         -29.0625            -22.4              300      0.075664476     -0.084488221    -0.0018908626      0.013725887    -0.0006021653    0.00073514291
        -28.59375            -22.4              300      0.077676296     -0.087038882    -0.0011536066       0.01307256   -0.00063471863     0.0007816162
          -28.125            -22.4              300      0.079733357     -0.089662798   -0.00037656329      0.012360726   -0.00066622841     0.0008268712
        -27.65625            -22.4              300      0.081835657      -0.09235996    0.00044026808      0.011590386   -0.00069669459    0.00087090809
         -27.1875            -22.4              300       0.08398319     -0.095130347     0.0012968872      0.010761539   -0.00072611705    0.00091372675
        -26.71875            -22.4              300      0.086175971      -0.09797401     0.0021932914     0.0098741883   -0.00075449568    0.00095532677
           -26.25            -22.4              300      0.088443577      -0.10094255     0.0031405536     0.0089142621   -0.00078349892    0.00099405809
        -25.78125            -22.4              300      0.090770371      -0.10400379     0.0041379728     0.0078706322   -0.00082500925     0.0010508733
         -25.3125            -22.4              300      0.093155921      -0.10715692     0.0051854351     0.0067433286   -0.00087912357     0.0011259899
        -24.84375            -22.4              300       0.09559875      -0.11040284     0.0062850146     0.0055215028   -0.00094327994     0.0012183115
          -24.375            -22.4              300      0.098123744      -0.11377685      0.007431176      0.004201605    -0.0010022782     0.0013044048
        -23.90625            -22.4              300       0.10073178      -0.11728009     0.0086236456     0.0027839392    -0.0010556963     0.0013835053
         -23.4375            -22.4              300       0.10342287      -0.12091257     0.0098624201     0.0012685099    -0.0011035351     0.0014556145
        -22.96875            -22.4              300       0.10619967      -0.12467602      0.011150694    -0.0003478305     -0.001145946     0.0015229436
            -22.5            -22.4              300        0.1090572      -0.12854731       0.01251944    -0.0020947831    -0.0011832509     0.0015927934
        -22.03125            -22.4              300       0.11198705      -0.13251245      0.013986012    -0.0039882767    -0.0012047673     0.0016502051
         -21.5625            -22.4              300       0.11500799      -0.13659984      0.015537722     -0.006024369    -0.0012343045     0.0017169697
        -21.09375            -22.4              300       0.11811964       -0.1408103      0.017168887    -0.0081987604    -0.0012773003     0.0017971466
          -20.625            -22.4              300       0.12132203      -0.14514385       0.01887951     -0.010511456    -0.0013337599     0.0018907401
        -20.15625            -22.4              300       0.12461512      -0.14960048      0.020669587     -0.012962447    -0.0014036763     0.0019977451
         -19.6875            -22.4              300       0.12799892       -0.1541802       0.02253912      -0.01555174    -0.0014870552     0.0021181658
        -19.21875            -22.4              300       0.13147138      -0.15887634        0.0244937     -0.018285755    -0.0015835023     0.0022486188
           -18.75            -22.4              300        0.1350387      -0.16368689      0.026589617     -0.021246258    -0.0016857744     0.0023825562
        -18.28125            -22.4              300       0.13873476      -0.16864714      0.028852686     -0.024476994    -0.0017791954     0.0025043618
         -17.8125            -22.4              300       0.14257364      -0.17377597      0.031264808     -0.027948584    -0.0018695929     0.0026277024
        -17.34375            -22.4              300       0.14655533      -0.17907333      0.033825975      -0.03166103    -0.0019569658     0.0027525784
          -16.875            -22.4              300       0.15065528       -0.1845122      0.036508758     -0.035551067    -0.0020446784     0.0028922814
        -16.40625            -22.4              300        0.1548335      -0.19003689      0.039358176     -0.039674997    -0.0021173097     0.0030188302
         -15.9375            -22.4              300       0.15909132      -0.19564673      0.042392462     -0.044065982    -0.0021707767     0.0031222445
        -15.46875            -22.4              300       0.16341645      -0.20132734      0.045623992     -0.048739024    -0.0022034522     0.0032028076
              -15            -22.4              300       0.16783749      -0.20710787      0.049126368     -0.053796828    -0.0022327134     0.0032878127
        -14.53125            -22.4              300       0.17246312       -0.2131172       0.05282665     -0.059164327    -0.0023070644     0.0034173047
         -14.0625            -22.4              300       0.17718396      -0.21922189      0.056745362      -0.06483756    -0.0024016658     0.0035742112
        -13.59375            -22.4              300            0.182      -0.22542199       0.06088252     -0.070816554    -0.0025165149     0.0037585299
          -13.125            -22.4              300       0.18691128      -0.23171751      0.065238118      -0.07710129    -0.0026516181     0.0039702654
        -12.65625            -22.4              300       0.19186999      -0.23804741      0.069847606     -0.083716951    -0.0028742049     0.0042603277
         -12.1875            -22.4              300       0.19685671      -0.24437693      0.074822344     -0.090791598    -0.0031522869     0.0045728898
        -11.71875            -22.4              300       0.20212799      -0.25101545      0.080050625     -0.098253831    -0.0032444787     0.0047282777
           -11.25            -22.4              300       0.20743749      -0.25766936      0.085597172      -0.10613145    -0.0033132923     0.0048641236
        -10.78125            -22.4              300       0.21275786      -0.26430601      0.091472685      -0.11443207    -0.0033753405     0.0049925707
         -10.3125            -22.4              300       0.21808909       -0.2709254      0.097677156      -0.12315568    -0.0034306243     0.0051136194
         -9.84375            -22.4              300       0.22343118      -0.27752757       0.10421059      -0.13230227    -0.0034791464     0.0052272743
           -9.375            -22.4              300       0.22878414      -0.28411245         0.111073      -0.14187185    -0.0035209018     0.0053335293
         -8.90625            -22.4              300       0.23406306      -0.29057795       0.11829727      -0.15189672    -0.0035865379     0.0054804781
          -8.4375            -22.4              300       0.23925109      -0.29689905       0.12593733      -0.16243926    -0.0037327488     0.0057334844
         -7.96875            -22.4              300       0.24443211      -0.30317497       0.13397689      -0.17348671    -0.0039465916     0.0060641491
             -7.5            -22.4              300       0.24957831      -0.30937362       0.14249545       -0.1851349    -0.0043016369      0.006537817
         -7.03125            -22.4              300       0.25490919      -0.31573147       0.15139158      -0.19725886    -0.0044792015      0.006803052
          -6.5625            -22.4              300       0.25995049      -0.32171345       0.16072765      -0.20989732    -0.0046453662     0.0070558637
         -6.09375            -22.4              300       0.26470238      -0.32731956       0.17050365       -0.2230503    -0.0048001255     0.0072962437
           -5.625            -22.4              300       0.26916471      -0.33254972       0.18071957      -0.23671779    -0.0049434826     0.0075241961
         -5.15625            -22.4              300        0.2733475      -0.33741543        0.1913605      -0.25088367    -0.0050748219     0.0077409013
          -4.6875            -22.4              300       0.27729583      -0.34196991       0.20232068      -0.26542997    -0.0052035246     0.0079652499
         -4.21875            -22.4              300       0.28095949      -0.34615621       0.21364824      -0.28040585    -0.0053416449     0.0082011791
            -3.75            -22.4              300       0.28433844      -0.34997439       0.22534324      -0.29581133    -0.0054891892     0.0084486995
         -3.28125            -22.4              300        0.2874327      -0.35342434        0.2374057       -0.3116464    -0.0056461529      0.008707799
          -2.8125            -22.4              300       0.29035473      -0.35663369       0.24987063      -0.32795265    -0.0058319196     0.0089914631
         -2.34375            -22.4              300       0.29312021       -0.3596206       0.26274279      -0.34473774    -0.0060386676     0.0092928689
           -1.875            -22.4              300       0.29539979      -0.36200443       0.27621412      -0.36221921    -0.0062196348     0.0095570814
         -1.40625            -22.4              300       0.29702136      -0.36359349        0.2900756      -0.38012904    -0.0063639204     0.0097752316
          -0.9375            -22.4              300       0.29810166      -0.36451596       0.30374134      -0.39775118    -0.0064076087     0.0099248756
         -0.46875            -22.4              300       0.29865244      -0.36481252       0.31794402      -0.41598329    -0.0067212656      0.010349228
                0            -22.4              300       0.29860482      -0.36439225       0.33220869      -0.43424982    -0.0070310142      0.010768763
          0.46875            -22.4              300        0.2979587      -0.36325514       0.34653535      -0.45255065    -0.0073368493      0.011183476
           0.9375            -22.4              300       0.29671407      -0.36140123       0.36092404      -0.47088593    -0.0076387594      0.011593354
          1.40625            -22.4              300       0.29487091      -0.35883042       0.37537464      -0.48925552    -0.0079367645      0.011998419
            1.875            -22.4              300       0.29244387       -0.3555578       0.38988456      -0.50765496    -0.0082066506      0.012373641
          2.34375            -22.4              300       0.28943846      -0.35158885       0.40448219      -0.52611685    -0.0084428499       0.01271289
           2.8125            -22.4              300        0.2858406      -0.34690914       0.41918036      -0.54465765    -0.0086700674      0.013041575
          3.28125            -22.4              300       0.28165036      -0.34151867       0.43397924      -0.56327724    -0.0088882912       0.01335968
             3.75            -22.4              300       0.27699643      -0.33556163       0.44872734      -0.58180821    -0.0091649825       0.01373909
          4.21875            -22.4              300       0.27156126      -0.32869017        0.4627696       -0.5994857    -0.0095766587       0.01427253
           4.6875            -22.4              300        0.2653425      -0.32091263       0.47655317      -0.61680281    -0.0099148434      0.014725348
          5.15625            -22.4              300        0.2584936      -0.31240198       0.49004221       -0.6337235     -0.010213495      0.015130611
            5.625            -22.4              300       0.25101465      -0.30315828       0.50323683      -0.65024769     -0.010472601      0.015488329
          6.09375            -22.4              300       0.24290557      -0.29318145         0.516137      -0.66637534     -0.010692176      0.015798509
           6.5625            -22.4              300        0.2341664       -0.2824716       0.52874267      -0.68210661     -0.010872201      0.016061123
          7.03125            -22.4              300       0.22479714      -0.27102864       0.54105389      -0.69744146     -0.011012701      0.016276207
              7.5            -22.4              300       0.21479778      -0.25885257       0.55307066      -0.71237969     -0.011113658      0.016443733
          7.96875            -22.4              300       0.20416832      -0.24594346       0.56479293      -0.72692144      -0.01117508      0.016563717
           8.4375            -22.4              300       0.19290876      -0.23230124       0.57622081      -0.74106693     -0.011196952      0.016636146
          8.90625            -22.4              300       0.18101911      -0.21792595       0.58735418      -0.75481576     -0.011179291      0.016661033
            9.375            -22.4              300       0.16869569      -0.20302597       0.59831327      -0.76831526      -0.01104077      0.016555527
          9.84375            -22.4              300        0.1567602      -0.18852878       0.60798967      -0.78025997     -0.011533597      0.017117685
          10.3125            -22.4              300       0.14419143      -0.17331636       0.61621451      -0.79045451     -0.011703443      0.017333157
         10.78125            -22.4              300        0.1311157      -0.15752581       0.62323886       -0.7992028      -0.01189911      0.017574707
            11.25            -22.4              300       0.11678025      -0.14033288        0.6299904       -0.8075307     -0.011450836      0.017134322
         11.71875            -22.4              300       0.10240541      -0.12308211       0.63591713      -0.81484449     -0.011041989      0.016738474
          12.1875            -22.4              300      0.087991193      -0.10577348       0.64101917      -0.82114434     -0.010672525      0.016387122
         12.65625            -22.4              300       0.07354296      -0.08841607       0.64529437      -0.82643092     -0.010506042      0.016249396
           13.125            -22.4              300        0.0590096     -0.070959985       0.64883977      -0.83081913     -0.010660502      0.016440017
         13.59375            -22.4              300      0.044351969       -0.0533574       0.65170926      -0.83436435     -0.010782575      0.016590089
          14.0625            -22.4              300      0.029570032     -0.035608269       0.65390259      -0.83706659      -0.01087225      0.016699601
         14.53125            -22.4              300      0.014663791     -0.017712601       0.65541989      -0.83892572     -0.010929517      0.016768536
               15            -22.4              300   -0.00022102788    0.00017195451       0.65590876      -0.83953935     -0.010871513      0.016709439
         15.46875            -22.4              300     -0.015090509      0.018044719       0.65479785      -0.83824831     -0.010605288      0.016419191
          15.9375            -22.4              300     -0.030405346      0.036388092       0.65338027      -0.83651561      -0.01064592      0.016454294
         16.40625            -22.4              300     -0.045489274       0.05446782       0.65119445         -0.83383     -0.010685917       0.01648465
           16.875            -22.4              300     -0.060342282      0.072283901       0.64824045      -0.83019125     -0.010725303      0.016510285
         17.34375            -22.4              300     -0.074964352      0.089836307       0.64451832      -0.82559943     -0.010764055      0.016531181
          17.8125            -22.4              300     -0.089355528       0.10712507         0.640028      -0.82005447     -0.010802187      0.016547337
         18.28125            -22.4              300      -0.10351576       0.12415019       0.63476938      -0.81355631     -0.010839695       0.01655877
            18.75            -22.4              300       -0.1174451       0.14091165       0.62874264      -0.80610538     -0.010876577      0.016565459
         19.21875            -22.4              300      -0.13111594       0.15737964       0.62203705      -0.79779798     -0.010949885      0.016605578
          19.6875            -22.4              300      -0.14441839        0.1734336       0.61487949      -0.78888452     -0.011079086      0.016694598
         20.15625            -22.4              300      -0.15730725       0.18901563       0.60633594      -0.77832103     -0.010926646      0.016494222
           20.625            -22.4              300      -0.17010021       0.20445123       0.59786463      -0.76775908     -0.010965694      0.016498294
         21.09375            -22.4              300      -0.18214577       0.21903053       0.58855981      -0.75619048     -0.010834051      0.016315039
          21.5625            -22.4              300        -0.193643       0.23297119       0.57857651      -0.74378359     -0.010682821       0.01610541
         22.03125            -22.4              300      -0.20459193       0.24627323       0.56791484      -0.73053831      -0.01051202      0.015869414
             22.5            -22.4              300      -0.21499249       0.25893655       0.55657464       -0.7164548     -0.010321624      0.015607033
         22.96875            -22.4              300      -0.22484477       0.27096128       0.54455608       -0.7015329     -0.010111653      0.015318287
          23.4375            -22.4              300      -0.23414871       0.28234735       0.53185904      -0.68577272    -0.0098820925      0.015003158
         23.90625            -22.4              300      -0.24290434       0.29309475       0.51848364      -0.66917419     -0.009632959      0.014661665
           24.375            -22.4              300      -0.25110495       0.30319571       0.50444698      -0.65175641    -0.0093562938      0.014285117
         24.84375            -22.4              300      -0.25869653       0.31258079        0.4904106      -0.63425976    -0.0089979023      0.013807554
          25.3125            -22.4              300      -0.26572451       0.32129842       0.47651228      -0.61685961    -0.0088042337      0.013500208
         25.78125            -22.4              300      -0.27203515       0.32917508       0.46255386      -0.59934229    -0.0086995112      0.013293264
            26.25            -22.4              300      -0.27762851       0.33621097       0.44853538      -0.58170754    -0.0086837281      0.013186718
         26.71875            -22.4              300      -0.28251421       0.34241632       0.43441841      -0.56391472    -0.0087405946      0.013165874
          27.1875            -22.4              300      -0.28688407       0.34800649       0.42000636      -0.54575258    -0.0087585365      0.013116379
         27.65625            -22.4              300      -0.29075277       0.35299969       0.40535375       -0.5272693    -0.0087724384      0.013064582
           28.125            -22.4              300      -0.29378942       0.35701519        0.3903726      -0.50835556    -0.0087143816      0.012939576
         28.59375            -22.4              300      -0.29608521       0.36015338        0.3754065      -0.48941889    -0.0085255317      0.012656786
          29.0625            -22.4              300       -0.2976402       0.36241445       0.36045554       -0.4704594     -0.008205872      0.012216195
         29.53125            -22.4              300      -0.29843873       0.36378157       0.34556085      -0.45152304    -0.0077645099      0.011631306
               30            -22.4              300      -0.29859382       0.36438566       0.33109999      -0.43304959    -0.0073686307      0.011115488
         30.46875            -22.4              300      -0.29837364       0.36452079       0.31689095       -0.4148494    -0.0070429686      0.010678528
          30.9375            -22.4              300      -0.29777825       0.36418694       0.30293387      -0.39692259    -0.0067875115      0.010320407
         31.40625            -22.4              300      -0.29680756       0.36338416       0.28922859      -0.37926894    -0.0066022682      0.010041139
           31.875            -22.4              300      -0.29546157        0.3621124       0.27577513      -0.36188865    -0.0064872378     0.0098407231
         32.34375            -22.4              300       -0.2937403       0.36037168       0.26257363      -0.34478161    -0.0064424234     0.0097191576
          32.8125            -22.4              300      -0.29164386       0.35816208       0.24962394      -0.32794785    -0.0064678257     0.0096764434
         33.28125            -22.4              300      -0.28832868       0.35451886       0.23704013      -0.31144989     -0.006164398     0.0092478795
            33.75            -22.4              300      -0.28468966       0.35044938       0.22480235      -0.29533988    -0.0055773505     0.0085151428
         34.21875            -22.4              300      -0.28117734       0.34646156        0.2131362      -0.27993694    -0.0053515686     0.0081934109
          34.6875            -22.4              300       -0.2771619       0.34186798       0.20179929      -0.26491797    -0.0052804425     0.0080344696
         35.15625            -22.4              300        -0.272964       0.33702388       0.19084826      -0.25036454    -0.0051593436     0.0078195333
           35.625            -22.4              300      -0.26857591       0.33192009       0.18030392      -0.23629673    -0.0050369613      0.007604741
         36.09375            -22.4              300      -0.26399761       0.32655644       0.17016625      -0.22271456    -0.0049132993     0.0073900977
          36.5625            -22.4              300      -0.25922906       0.32093304       0.16043527        -0.209618    -0.0047883652     0.0071756113
         37.03125            -22.4              300      -0.25427032       0.31504989       0.15111096      -0.19700707    -0.0046621421     0.0069612656
             37.5            -22.4              300      -0.24912137       0.30890697       0.14219336      -0.18488178    -0.0045346445      0.006747074
         37.96875            -22.4              300      -0.24402764       0.30277997       0.13376039      -0.17334464    -0.0043248148     0.0064667058
          38.4375            -22.4              300      -0.23897611       0.29665029       0.12585717      -0.16245699    -0.0039976509     0.0060633854
         38.90625            -22.4              300      -0.23365358       0.29017538       0.11821815      -0.15189853    -0.0037645157     0.0057337293
           39.375            -22.4              300      -0.22829856       0.28362897       0.11091174      -0.14176017    -0.0035687857     0.0054501584
         39.84375            -22.4              300      -0.22292493       0.27702862       0.10385347      -0.13194776     -0.003446473     0.0052375142
          40.3125            -22.4              300       -0.2176538       0.27051035      0.097160973      -0.12261383     -0.003390702     0.0050946479
         40.78125            -22.4              300      -0.21248941       0.26407909      0.090923086         -0.11386    -0.0033662706     0.0049941465
            41.25            -22.4              300      -0.20732972       0.25762412      0.085098147      -0.10562374    -0.0033106948     0.0048676082
         41.71875            -22.4              300       -0.2021541       0.25112227      0.079591274     -0.097794652    -0.0032381453     0.0047207852
          42.1875            -22.4              300      -0.19696259       0.24457358      0.074402481     -0.090372786    -0.0031486221     0.0045536808
         42.65625            -22.4              300      -0.19181074       0.23803774       0.06958165     -0.083431773    -0.0030155992     0.0043435395
           43.125            -22.4              300       -0.1867964       0.23163605       0.06507273     -0.076922663    -0.0028523209     0.0041113989
         43.59375            -22.4              300      -0.18187052       0.22532263      0.060771644     -0.070705853    -0.0027072267     0.0039028493
          44.0625            -22.4              300      -0.17703314       0.21909751      0.056678381     -0.064781353    -0.0025803135     0.0037178877
         44.53125            -22.4              300      -0.17228425       0.21296069      0.052792955     -0.059149146    -0.0024715792     0.0035565123
               45            -22.4              300      -0.16762388       0.20691216      0.049115349      -0.05380924    -0.0023810286     0.0034187273
         45.46875            -22.4              300      -0.16310573       0.20102233      0.045617841      -0.04874824    -0.0022715274     0.0032722743
          45.9375            -22.4              300      -0.15872598       0.19528416      0.042324908     -0.043983009    -0.0021462082     0.0031104926
         46.40625            -22.4              300      -0.15443437       0.18961981      0.039304409     -0.039577331    -0.0020910988     0.0030135598
           46.875            -22.4              300      -0.15027888       0.18411314      0.036442764     -0.035419092    -0.0020198571     0.0028964137
         47.34375            -22.4              300      -0.14625952       0.17876406      0.033739973     -0.031508282    -0.0019324814     0.0027590485
          47.8125            -22.4              300      -0.14237626       0.17357263      0.031196037     -0.027844908    -0.0018289741     0.0026014687
         48.28125            -22.4              300      -0.13863064       0.16854464      0.028818313      -0.02444732    -0.0017015529     0.0024192045
            48.75            -22.4              300      -0.13492243        0.1635689      0.026559506     -0.021231608    -0.0016149987     0.0022836712
         49.21875            -22.4              300      -0.13131642       0.15871756      0.024433866     -0.018223831    -0.0015487487     0.0021754927
          49.6875            -22.4              300      -0.12781112       0.15398863      0.022441352     -0.015423886     -0.001502587     0.0020935526
         50.15625            -22.4              300      -0.12440652       0.14938203      0.020581964     -0.012831775    -0.0014765123     0.0020378507
           50.625            -22.4              300       -0.1211459       0.14496897      0.018793521     -0.010371861    -0.0014360275     0.0019697174
         51.09375            -22.4              300      -0.11795664       0.14064479      0.017097525    -0.0080622919    -0.0013729143     0.0018776248
          51.5625            -22.4              300      -0.11483726       0.13641107      0.015498919    -0.0059146248    -0.0013096794     0.0017873357
         52.03125            -22.4              300      -0.11180696       0.13230178      0.013969661    -0.0038945409    -0.0012484363     0.0017014744
             52.5            -22.4              300      -0.10886576       0.12831697      0.012509747    -0.0020020411    -0.0011891902     0.0016200454
         52.96875            -22.4              300      -0.10602219       0.12447187      0.011121259   -0.00025182767    -0.0011424408     0.0015504087
          53.4375            -22.4              300      -0.10327466       0.12076353     0.0098059867     0.0013653517    -0.0010890798     0.0014736168
         53.90625            -22.4              300      -0.10062163       0.11718911     0.0085637905     0.0028528674    -0.0010253411     0.0013864276
           54.375            -22.4              300     -0.098063074       0.11374861     0.0073946733     0.0042107152   -0.00095122424       0.00128884
         54.84375            -22.4              300     -0.095547289       0.11039524     0.0062524946     0.0055132955   -0.00087896356     0.0012005189
          55.3125            -22.4              300     -0.093096875       0.10713156     0.0051712454     0.0067172884   -0.00083276466     0.0011386574
         55.78125            -22.4              300     -0.090718381       0.10396977     0.0041509503     0.0078215813   -0.00079986069     0.0010877121
            56.25            -22.4              300     -0.088394046       0.10089942     0.0031705215     0.0088609112   -0.00076706428     0.0010365631
         56.71875            -22.4              300     -0.086123839      0.097920485     0.0022299588     0.0098352749   -0.00073437591    0.00098520971
          57.1875            -22.4              300     -0.083907783       0.09503299     0.0013292616      0.010744672   -0.00070179487    0.00093365321
         57.65625            -22.4              300     -0.081745878      0.092236914    0.00046843116      0.011589105   -0.00066932151    0.00088189234
           58.125            -22.4              300     -0.079638124      0.089532271   -0.00035253278      0.012368571    -0.0006369559    0.00082992838
         58.59375            -22.4              300      -0.07758452      0.086919047    -0.0011336308      0.013083073   -0.00060469774    0.00077776017
          59.0625            -22.4              300     -0.075585067      0.084397249    -0.0018748631      0.013732611   -0.00057254685      0.000725388
         59.53125            -22.4              300     -0.073645011      0.081973366    -0.0025766033      0.014326922   -0.00054450601    0.00068270642
               60            -22.4              300     -0.071731813       0.07958544    -0.0032432384      0.014883531   -0.00050169893    0.00064028346
         60.46875            -22.4              300      -0.06986513      0.077288233    -0.0038771646      0.015370547   -0.00047224201     0.0005926849
          60.9375            -22.4              300      -0.06804499      0.075067654    -0.0044777859      0.015826756   -0.00045213115    0.00055220246
         61.40625            -22.4              300     -0.066265732       0.07291472    -0.0050459392      0.016248513   -0.00043143862    0.00051416527
           61.875            -22.4              300     -0.064526401      0.070828408    -0.0055820574      0.016634736   -0.00040929439      0.000477475
         62.34375            -22.4              300     -0.062826991      0.068808734    -0.0060861437      0.016985429   -0.00038569729    0.00044213084
          62.8125            -22.4              300     -0.061167695      0.066856042    -0.0065579964      0.017300384    -0.0003602698    0.00040825497
         63.28125            -22.4              300     -0.059550159      0.064973354      -0.00699641      0.017578349   -0.00033236071    0.00037575216
            63.75            -22.4              300     -0.057974339      0.063160568    -0.0074017812      0.017819745   -0.00030378927    0.00034382599
         64.21875            -22.4              300     -0.056440212       0.06141768    -0.0077741104      0.018024571   -0.00027455555    0.00031247636
          64.6875            -22.4              300     -0.054933231      0.059712399    -0.0081269722      0.018218489   -0.00026217103    0.00029446825
         65.15625            -22.4              300     -0.053462144      0.058053207    -0.0084553314      0.018391255   -0.00024465285     0.0002724677
           65.625            -22.4              300      -0.05202806       0.05643883    -0.0087577431      0.018541414   -0.00022408037    0.00024712807
         66.09375            -22.4              300     -0.050630905      0.054880206    -0.0090326844      0.018667253   -0.00019728218    0.00021655428
          66.5625            -22.4              300     -0.049271554      0.053376786    -0.0092818588      0.018772693   -0.00016650601    0.00018441035
         67.03125            -22.4              300     -0.047943257      0.051911697    -0.0095111895       0.01885684   -0.00014449227    0.00015810732
             67.5            -22.4              300     -0.046650674      0.050493814    -0.0097173117      0.018924525   -0.00012659597    0.00013539464
         67.96875            -22.4              300     -0.045393813      0.049123138    -0.0099002272       0.01897575   -0.00011281549    0.00011627149
          68.4375            -22.4              300     -0.044172674       0.04779968     -0.010059934      0.019010516   -0.00010315137    0.00010073803
         68.90625            -22.4              300     -0.042987257      0.046523429     -0.010196432       0.01902882   -9.7604076e-05     8.879455e-05
           69.375            -22.4              300     -0.041832335      0.045286998     -0.010312241      0.019029379   -8.9615911e-05    7.4608644e-05
         69.84375            -22.4              300     -0.040705875       0.04408237     -0.010414068      0.019018225   -7.8486926e-05    5.7586523e-05
          70.3125            -22.4              300     -0.039609753      0.042911127      -0.01050222      0.018997217   -6.6977183e-05    4.0189225e-05
         70.78125            -22.4              300     -0.038543966       0.04177326     -0.010576705      0.018966349   -5.5085908e-05    2.2416087e-05
            71.25            -22.4              300     -0.037508518      0.040668774     -0.010637519      0.018925628   -4.2813281e-05    4.2673091e-06
         71.71875            -22.4              300     -0.036503412      0.039597671     -0.010684661      0.018875048   -3.0159605e-05   -1.4256994e-05
          72.1875            -22.4              300     -0.035528798      0.038560066     -0.010718314      0.018814916   -1.7053006e-05   -3.2790264e-05
         72.65625            -22.4              300     -0.034582652      0.037555106      -0.01074037      0.018746164   -4.7519279e-06   -4.6221743e-05
           73.125            -22.4              300     -0.033663388      0.036580227     -0.010751018      0.018667499    4.8252468e-06   -5.7153095e-05
         73.59375            -22.4              300     -0.032771755      0.035633683     -0.010752581      0.018582758    1.3989071e-05   -6.8402129e-05
          74.0625            -22.4              300      -0.03190776      0.034715511     -0.010745027      0.018491916    2.2750934e-05   -7.9962992e-05
         74.53125            -22.4              300     -0.031071402      0.033825703     -0.010728361      0.018394973     3.111122e-05   -9.1835929e-05
               75            -22.4              300     -0.030262677      0.032964259      -0.01070258      0.018291933    3.9070015e-05   -0.00010402106
         75.46875            -22.4              300     -0.029481594       0.03213118     -0.010667686      0.018182797    4.6627261e-05   -0.00011651821
          75.9375            -22.4              300     -0.028726835      0.031325541     -0.010624307       0.01806704    5.3774987e-05   -0.00012890277
         76.40625            -22.4              300     -0.027992282      0.030541405     -0.010577354      0.017946009    6.0643084e-05   -0.00013970045
           76.875            -22.4              300     -0.027278751      0.029778473     -0.010527508      0.017822098    6.7327259e-05   -0.00014945579
         77.34375            -22.4              300     -0.026586238      0.029036755     -0.010474771      0.017695304    7.3827876e-05   -0.00015816896
          77.8125            -22.4              300     -0.025914744      0.028316241     -0.010419143       0.01756563     8.014444e-05   -0.00016583977
         78.28125            -22.4              300     -0.025264267      0.027616937     -0.010360624      0.017433073    8.6277512e-05   -0.00017246846
            78.75            -22.4              300      -0.02463313      0.026937408     -0.010298816      0.017297188    9.2357695e-05    -0.0001784237
         79.21875            -22.4              300     -0.024017168      0.026274947     -0.010230839        0.0171542    9.7529482e-05    -0.0001853303
          79.6875            -22.4              300     -0.023419689      0.025630549     -0.010162464      0.017009959    0.00010154209   -0.00019309038
         80.15625            -22.4              300     -0.022849951      0.025013015     -0.010093817       0.01686638    0.00010523933   -0.00019807492
           80.625            -22.4              300      -0.02229546      0.024413019     -0.010021082      0.016718477    0.00010988497   -0.00020377767
         81.09375            -22.4              300     -0.021752376      0.023825565    -0.0099483337      0.016570071    0.00011469572   -0.00021051962
          81.5625            -22.4              300     -0.021223862      0.023253825    -0.0098750582      0.016420528    0.00011919989   -0.00021673601
         82.03125            -22.4              300     -0.020709923      0.022697793    -0.0098012583       0.01626985    0.00012339759   -0.00022242698
             82.5            -22.4              300     -0.020210553       0.02215747    -0.0097269313      0.016118033    0.00012728877   -0.00022759238
         82.96875            -22.4              300     -0.019725757      0.021632859    -0.0096520791      0.015965084    0.00013087341   -0.00023223227
          83.4375            -22.4              300     -0.019256899      0.021125317    -0.0095774569      0.015811317    0.00013410013    -0.0002365737
         83.90625            -22.4              300     -0.018803785      0.020634485    -0.0095026521      0.015656624    0.00013703189   -0.00024057158
           84.375            -22.4              300      -0.01836626      0.020160193    -0.0094275558      0.015500963    0.00013967905   -0.00024419883
         84.84375            -22.4              300     -0.017936055      0.019694524    -0.0093507394      0.015344491     0.0001431382   -0.00024741911
          85.3125            -22.4              300     -0.017517909      0.019243283    -0.0092760874      0.015188319    0.00014743369    -0.0002519266
         85.78125            -22.4              300     -0.017110342      0.018804397     -0.009202037      0.015032655    0.00015098114   -0.00025598827
            86.25            -22.4              300     -0.016712606      0.018377025    -0.0091283247      0.014877624    0.00015367515    -0.0002593408
         86.71875            -22.4              300     -0.016324705      0.017961165    -0.0090549495      0.014723225    0.00015551571   -0.00026198415
          87.1875            -22.4              300     -0.015946779      0.017556909    -0.0089818053       0.01456951    0.00015652779   -0.00026391604
         87.65625            -22.4              300     -0.015578797      0.017164022    -0.0089082178      0.014416149    0.00015743246   -0.00026564801
           88.125            -22.4              300     -0.015219904      0.016781867    -0.0088343173      0.014262648    0.00015856192   -0.00026752678
         88.59375            -22.4              300      -0.01487011       0.01641045    -0.0087601067      0.014109015    0.00015991638   -0.00026955246
          89.0625            -22.4              300     -0.014529405      0.016049769    -0.0086855842      0.013955243     0.0001614958     -0.000271725
         89.53125            -22.4              300     -0.014197793      0.015699822    -0.0086107496      0.013801334    0.00016330002   -0.00027404435
               90            -22.4              300     -0.013874065      0.015358397    -0.0085358247      0.013648309    0.00016519355    -0.0002756555
         90.46875            -22.4              300     -0.013556973      0.015023944    -0.0084610721       0.01349814    0.00016713439   -0.00027663633
          90.9375            -22.4              300     -0.013248362      0.014700258    -0.0083868178      0.013349907    0.00016904459   -0.00027803725
         91.40625            -22.4              300     -0.012947876      0.014386756    -0.0083129872      0.013202418    0.00017058066   -0.00027952355
           91.875            -22.4              300     -0.012654167      0.014080802    -0.0082390057      0.013055876    0.00017186007   -0.00028079984
         92.34375            -22.4              300     -0.012367235      0.013782399    -0.0081648743      0.012910279    0.00017288286   -0.00028186615
          92.8125            -22.4              300     -0.012087079      0.013491541    -0.0080905911      0.012765628    0.00017364904    -0.0002827225
         93.28125            -22.4              300     -0.011813698      0.013208233     -0.008016157      0.012621921    0.00017415851    -0.0002833688
            93.75            -22.4              300     -0.011547099      0.012932474    -0.0079415739      0.012479164    0.00017441134   -0.00028380522
         94.21875            -22.4              300     -0.011287273      0.012664263    -0.0078668389      0.012337349    0.00017440754   -0.00028403159
          94.6875            -22.4              300     -0.011034415       0.01240424    -0.0077917143      0.012195866    0.00017442777    -0.0002842957
         95.15625            -22.4              300     -0.010788102      0.012151071    -0.0077164588      0.012055464    0.00017492408   -0.00028467303
           95.625            -22.4              300     -0.010547369      0.011901929    -0.0076418873      0.011917562     0.0001759616   -0.00028482403
         96.09375            -22.4              300     -0.010313306      0.011659059    -0.0075673768      0.011781891    0.00017728277   -0.00028492854
          96.5625            -22.4              300     -0.010085816       0.01142342    -0.0074925572      0.011647843    0.00017706689   -0.00028482149
         97.03125            -22.4              300    -0.0098639987      0.011193853    -0.0074177934        0.0115148    0.00017666793   -0.00028483997
             97.5            -22.4              300    -0.0096479319      0.010970443    -0.0073430627       0.01138277    0.00017736817   -0.00028518424
         97.96875            -22.4              300    -0.0094373636      0.010752237    -0.0072686845      0.011251994    0.00017789968   -0.00028534362
          98.4375            -22.4              300    -0.0092322938      0.010539236    -0.0071946587      0.011122474    0.00017826229   -0.00028531783
         98.90625            -22.4              300    -0.0090327216      0.010331437    -0.0071209851       0.01099421    0.00017845604   -0.00028510709
           99.375            -22.4              300     -0.008838647      0.010128844    -0.0070476648      0.010867203    0.00017848094   -0.00028471128
         99.84375            -22.4              300     -0.008650071     0.0099314535    -0.0069746962       0.01074145    0.00017833694   -0.00028413042
         100.3125            -22.4              300    -0.0084669935     0.0097392676    -0.0069020805      0.010616952     0.0001780241   -0.00028336453
        100.78125            -22.4              300    -0.0082893362      0.009552069    -0.0068299309      0.010493735    0.00017758903    -0.0002824282
           101.25            -22.4              300     -0.008116453     0.0093675563    -0.0067595704      0.010372464    0.00017745113   -0.00028161341
        101.71875            -22.4              300    -0.0079484768     0.0091883708    -0.0066895131      0.010252591    0.00017684136   -0.00028091919
         102.1875            -22.4              300    -0.0077848937     0.0090131592    -0.0066202134      0.010133868    0.00017640024    -0.0002803072
        102.65625            -22.4              300    -0.0076257074     0.0088419225    -0.0065516713      0.010016291    0.00017612762   -0.00027977733
          103.125            -22.4              300     -0.007470944     0.0086746989    -0.0064838668     0.0098998575    0.00017602247   -0.00027932128
        103.59375            -22.4              300    -0.0073213549     0.0085126888    -0.0064163092     0.0097843492    0.00017595309   -0.00027853312
         104.0625            -22.4              300    -0.0071754809     0.0083537735    -0.0063502155     0.0096701318    0.00017588896   -0.00027770881
        104.53125            -22.4              300    -0.0070333225     0.0081979502    -0.0062855864     0.0095572062    0.00017583002   -0.00027684824
              105            -22.4              300    -0.0068950634     0.0080451425    -0.0062226374     0.0094457045    0.00017575143   -0.00027595455
