           x [mm]           y [mm]           z [mm]       HxRe [A/m]       HxIm [A/m]       HyRe [A/m]       HyIm [A/m]       HzRe [A/m]       HzIm [A/m]
---------------------------------------------------------------------------------------------------------------------------------------------------------
             -105            -22.4              300      0.030499777     -0.032877795     -0.010939421      0.018399417    5.4138498e-05   -0.00014821763
       -104.53125            -22.4              300      0.031301349      -0.03373608     -0.010963512      0.018508296    4.7480291e-05    -0.0001384044
        -104.0625            -22.4              300      0.032130033     -0.034623668     -0.010976763      0.018608196    4.0908635e-05   -0.00012873777
       -103.59375            -22.4              300      0.032986514     -0.035540976     -0.010979196      0.018700495    3.2089738e-05   -0.00011710197
         -103.125            -22.4              300      0.033870809     -0.036487997     -0.010970809      0.018785192    2.1023501e-05   -0.00010349676
       -102.65625            -22.4              300      0.034782898      -0.03746473     -0.010951601      0.018862287    7.7099685e-06   -8.7922206e-05
        -102.1875            -22.4              300      0.035722334      -0.03847101     -0.010923059      0.018932223   -8.3784034e-06   -6.9603993e-05
       -101.71875            -22.4              300      0.036698308     -0.039511833      -0.01088592      0.018999241   -2.5590691e-05   -4.9021946e-05
          -101.25            -22.4              300      0.037700631     -0.040584955     -0.010834359      0.019052887   -4.1130203e-05   -3.0554344e-05
       -100.78125            -22.4              300      0.038730413     -0.041690134     -0.010769204       0.01909467    -5.411579e-05   -1.4150286e-05
        -100.3125            -22.4              300      0.039787844     -0.042827372     -0.010690575      0.019124828   -6.4416556e-05    2.0106381e-07
        -99.84375            -22.4              300      0.040873323     -0.043996818     -0.010598458      0.019143524    -7.210367e-05    1.2280532e-05
          -99.375            -22.4              300      0.041994032     -0.045204096     -0.010490027      0.019151397   -8.0903585e-05    2.3268907e-05
        -98.90625            -22.4              300       0.04314886     -0.046450898     -0.010363205      0.019146211   -9.2649563e-05    3.8154642e-05
         -98.4375            -22.4              300      0.044337805     -0.047737233     -0.010217993      0.019127959     -0.000107342    5.6937846e-05
        -97.96875            -22.4              300      0.045560878     -0.049063094     -0.010054389      0.019096643   -0.00012498104    7.9618752e-05
            -97.5            -22.4              300       0.04681807     -0.050428491    -0.0098723955      0.019052263   -0.00014556581    0.00010619671
        -97.03125            -22.4              300      0.048108403     -0.051834535    -0.0096701067       0.01899346   -0.00017272023     0.0001400969
         -96.5625            -22.4              300      0.049433537     -0.053290986    -0.0094422288      0.018912924   -0.00019909948    0.00017368094
        -96.09375            -22.4              300      0.050794452     -0.054799654    -0.0091885468      0.018809635   -0.00022079876    0.00020308509
          -95.625            -22.4              300      0.052191135     -0.056360528    -0.0089090597      0.018683586   -0.00023781609    0.00022830858
        -95.15625            -22.4              300      0.053625796     -0.057977572    -0.0086016543      0.018538034   -0.00025161725    0.00024905603
         -94.6875            -22.4              300      0.055098478     -0.059646383    -0.0082676075       0.01836767   -0.00026207988    0.00026738062
        -94.21875            -22.4              300      0.056605488     -0.061368689    -0.0079080742      0.018165361   -0.00027452348    0.00029051426
           -93.75            -22.4              300      0.058148876     -0.063145325    -0.0075220768      0.017940614   -0.00029335561    0.00031841296
        -93.28125            -22.4              300      0.059728004     -0.064973697     -0.007109643      0.017690547   -0.00031844361    0.00035114857
         -92.8125            -22.4              300      0.061342869     -0.066853806    -0.0066707712      0.017415153   -0.00034978855    0.00038872138
        -92.34375            -22.4              300      0.062993467     -0.068785653    -0.0062054619      0.017114434   -0.00038739032    0.00043113192
          -91.875            -22.4              300      0.064682052     -0.070776619    -0.0057100742      0.016786166   -0.00041594388    0.00046300067
        -91.40625            -22.4              300      0.066414416      -0.07284601    -0.0051786029      0.016415661    -0.0004352479    0.00048835302
         -90.9375            -22.4              300      0.068190292     -0.074992925    -0.0046126423       0.01600026   -0.00046028988    0.00052364613
        -90.46875            -22.4              300      0.070009679     -0.077217363    -0.0040121921      0.015539963    -0.0004910694    0.00056887936
              -90            -22.4              300       0.07187362     -0.079519972    -0.0033766404      0.015034121   -0.00052815134    0.00062408159
        -89.53125            -22.4              300      0.073790491     -0.081903681    -0.0027012329      0.014476866   -0.00056912692    0.00068003632
         -89.0625            -22.4              300       0.07575155     -0.084361486    -0.0019912629      0.013873111   -0.00060361042    0.00072883401
        -88.59375            -22.4              300      0.077756807     -0.086893402    -0.0012467303      0.013222855   -0.00063160004    0.00077047409
          -88.125            -22.4              300      0.079806261     -0.089499421   -0.00046763645        0.0125261   -0.00065309962    0.00080495881
        -87.65625            -22.4              300      0.081898034     -0.092187569    0.00034607961      0.011740424   -0.00067740132    0.00084653485
         -87.1875            -22.4              300      0.084037304     -0.094951794     0.0011930799      0.010935565   -0.00069686677    0.00087400142
        -86.71875            -22.4              300      0.086240992     -0.097818501     0.0020871274      0.010050486   -0.00072551449    0.00091504469
           -86.25            -22.4              300      0.088509321      -0.10078797     0.0030287693     0.0090823676   -0.00076380291    0.00097073556
        -85.78125            -22.4              300      0.090842269      -0.10386017     0.0040180003     0.0080312155   -0.00081172388     0.0010410678
         -85.3125            -22.4              300      0.093239829      -0.10703512     0.0050548227     0.0068970257   -0.00086928334     0.0011260455
        -84.84375            -22.4              300       0.09570203      -0.11031283     0.0061392374     0.0056797997   -0.00093648059     0.0012256686
          -84.375            -22.4              300      0.098247789      -0.11371596     0.0072901314     0.0043532252   -0.00099315599     0.0013082733
        -83.90625            -22.4              300       0.10086192      -0.11722533      0.008491639     0.0029367863    -0.0010380044     0.0013755544
         -83.4375            -22.4              300       0.10354295      -0.12083915     0.0097422674     0.0014324542    -0.0010718985     0.0014290276
        -82.96875            -22.4              300       0.10629095      -0.12455752      0.011042031   -0.00015987089    -0.0010948925      0.001468786
            -82.5            -22.4              300       0.10915026      -0.12843387      0.012416202    -0.0019209256    -0.0011394995      0.001548856
        -82.03125            -22.4              300       0.11205368       -0.1323664      0.013886644    -0.0038214906    -0.0012189182     0.0016489576
         -81.5625            -22.4              300       0.11504754      -0.13641807      0.015448314    -0.0058705905    -0.0013080407     0.0017499863
        -81.09375            -22.4              300       0.11814859      -0.14061262      0.017094534    -0.0080678649    -0.0013843041      0.001836031
          -80.625            -22.4              300       0.12136035      -0.14495966      0.018794447     -0.010371201    -0.0014231016     0.0018937505
        -80.15625            -22.4              300       0.12467181      -0.14943486      0.020592237     -0.012838867    -0.0014744642     0.0019702269
         -79.6875            -22.4              300       0.12808299      -0.15403825      0.022487912      -0.01547087    -0.0015383929     0.0020654607
        -79.21875            -22.4              300        0.1315939      -0.15876979      0.024481468     -0.018267198    -0.0016148851     0.0021794497
           -78.75            -22.4              300       0.13520452       -0.1636295      0.026572904     -0.021227863    -0.0017039444     0.0023121969
        -78.28125            -22.4              300       0.13891487      -0.16861735      0.028762223      -0.02435286    -0.0018055674     0.0024636991
         -77.8125            -22.4              300       0.14274803      -0.17375132      0.031093881     -0.027701121    -0.0019160727     0.0026340378
        -77.34375            -22.4              300        0.1466912      -0.17900561      0.033614367     -0.031328611    -0.0020103008     0.0027864047
          -76.875            -22.4              300        0.1507358      -0.18437105      0.036318582     -0.035227649    -0.0020852608     0.0029148825
        -76.40625            -22.4              300       0.15488176      -0.18984768       0.03920652     -0.039398242    -0.0021409495     0.0030194672
         -75.9375            -22.4              300       0.15912913      -0.19543545      0.042278182     -0.043840375    -0.0021773686      0.003100161
        -75.46875            -22.4              300       0.16354513      -0.20121662      0.045519903     -0.048547413    -0.0021859752     0.0031494761
              -75            -22.4              300       0.16805661      -0.20709623      0.048955586     -0.053530343    -0.0022152648     0.0032291743
        -74.53125            -22.4              300       0.17267162      -0.21308325      0.052605003     -0.058816403    -0.0022754548     0.0033474639
         -74.0625            -22.4              300       0.17739017      -0.21917775      0.056468166     -0.064405605    -0.0023665472     0.0035043452
        -73.59375            -22.4              300        0.1822122      -0.22537968      0.060545065     -0.070297949    -0.0024885447     0.0036998186
          -73.125            -22.4              300       0.18711472      -0.23166043      0.064865053     -0.076530538    -0.0026429335     0.0039280225
        -72.65625            -22.4              300       0.19197622      -0.23786876      0.069545567     -0.083248436    -0.0028412265     0.0041706618
         -72.1875            -22.4              300        0.1971236      -0.24439009      0.074388459     -0.090206116    -0.0030351065     0.0044529173
        -71.71875            -22.4              300       0.20229228      -0.25090545      0.079574481     -0.097605631    -0.0032071411     0.0047095958
           -71.25            -22.4              300       0.20748225      -0.25741488      0.085103631      -0.10544699     -0.003357328     0.0049406933
        -70.78125            -22.4              300       0.21269351       -0.2639184       0.09097591      -0.11373018     -0.003485675     0.0051462217
         -70.3125            -22.4              300       0.21792606      -0.27041593      0.097191311      -0.12245522    -0.0035921726     0.0053261649
        -69.84375            -22.4              300       0.22317991      -0.27690756       0.10374988      -0.13162211    -0.0036768292       0.00548054
          -69.375            -22.4              300       0.22850226       -0.2834487       0.11066294       -0.1412487    -0.0037444159     0.0056092022
        -68.90625            -22.4              300       0.23386106      -0.28999791         0.118014      -0.15143491    -0.0038184491     0.0057587498
         -68.4375            -22.4              300       0.23921782      -0.29649866        0.1258097      -0.16217697    -0.0040397653     0.0060736374
        -67.96875            -22.4              300       0.24459121      -0.30298302       0.13396141         -0.17337    -0.0042998367     0.0064344415
            -67.5            -22.4              300       0.24972121       -0.3091616       0.14238568      -0.18487832    -0.0043064896     0.0065173307
        -67.03125            -22.4              300        0.2548427      -0.31527615       0.15132433      -0.19700661    -0.0042702118      0.006553323
         -66.5625            -22.4              300       0.25994086      -0.32131299        0.1607161       -0.2096967    -0.0044155945     0.0067906938
        -66.09375            -22.4              300        0.2647818      -0.32701224       0.17049915      -0.22284824    -0.0045887353     0.0070608035
          -65.625            -22.4              300       0.26926106      -0.33225283       0.18056367       -0.2363476    -0.0049895453     0.0075447005
        -65.15625            -22.4              300       0.27366436      -0.33736324       0.19113621      -0.25043747    -0.0052342508     0.0079022711
         -64.6875            -22.4              300       0.27774075      -0.34205535       0.20209564      -0.26497424    -0.0054586986     0.0082369354
        -64.21875            -22.4              300       0.28147975      -0.34631625       0.21346244      -0.27998284    -0.0056480733       0.00852207
           -63.75            -22.4              300       0.28498805      -0.35026973       0.22521271      -0.29544032    -0.0058265366     0.0087951394
        -63.28125            -22.4              300       0.28826553      -0.35391572       0.23734632      -0.31134665     -0.005994082     0.0090561314
         -62.8125            -22.4              300       0.29131237      -0.35725424       0.24986336      -0.32770187    -0.0061507192     0.0093050618
        -62.34375            -22.4              300       0.29408622      -0.36023471       0.26282212      -0.34456801    -0.0062986976     0.0095473696
          -61.875            -22.4              300       0.29630193       -0.3625316       0.27622637       -0.3619177    -0.0064504077     0.0098020434
        -61.40625            -22.4              300       0.29796791      -0.36416489       0.28982863      -0.37946844     -0.006603722      0.010057258
         -60.9375            -22.4              300       0.29908425      -0.36513472       0.30362889      -0.39722022    -0.0067586242      0.010312999
        -60.46875            -22.4              300       0.29965091      -0.36544093       0.31762713      -0.41517311    -0.0069151269      0.010569273
              -60            -22.4              300       0.29966787      -0.36508361       0.33182338      -0.43332708    -0.0070732348      0.010826087
        -59.53125            -22.4              300       0.29913515      -0.36406273        0.3462176      -0.45168218    -0.0072329431      0.011083439
         -59.0625            -22.4              300        0.2980527       -0.3623783       0.36080977      -0.47023827    -0.0073942402      0.011341312
        -58.59375            -22.4              300       0.29654139      -0.36017317       0.37510315      -0.48843232    -0.0074545983      0.011474743
          -58.125            -22.4              300       0.29419789      -0.35697752       0.38990226       -0.5071786    -0.0076442249      0.011768666
        -57.65625            -22.4              300       0.29109034      -0.35288104       0.40486372      -0.52607083    -0.0078956746      0.012135623
         -57.1875            -22.4              300       0.28726801      -0.34794182       0.41989392      -0.54500175    -0.0081865322      0.012547602
        -56.71875            -22.4              300       0.28285092      -0.34229761       0.43473336      -0.56365514     -0.008370596      0.012841042
           -56.25            -22.4              300       0.27774191      -0.33584791       0.44937238      -0.58201945      -0.00859024      0.013169169
        -55.78125            -22.4              300       0.27210718      -0.32877511       0.46367711      -0.59994733    -0.0087862089       0.01346476
         -55.3125            -22.4              300       0.26590294      -0.32103014       0.47775736      -0.61756492    -0.0089523531       0.01372288
        -54.84375            -22.4              300        0.2591157      -0.31259811       0.49164939       -0.6349138    -0.0090814158      0.013936312
          -54.375            -22.4              300       0.25174546      -0.30347905       0.50535315      -0.65199387      -0.00917341      0.014105078
        -53.90625            -22.4              300       0.24407208      -0.29397514       0.51862222        -0.668549    -0.0095099183      0.014520718
         -53.4375            -22.4              300       0.23530503      -0.28322566       0.53121769      -0.68425846    -0.0097983386      0.014882383
        -52.96875            -22.4              300       0.22584493      -0.27167663       0.54342037      -0.69945151     -0.010113754      0.015275579
            -52.5            -22.4              300       0.21573702      -0.25937852       0.55524808      -0.71414989     -0.010466959      0.015712263
        -52.03125            -22.4              300       0.20498131      -0.24633142       0.56670082      -0.72835362     -0.010857969       0.01619244
         -51.5625            -22.4              300       0.19364864      -0.23261717       0.57780206      -0.74207544     -0.011128547      0.016547104
        -51.09375            -22.4              300       0.18190415      -0.21842411       0.58829206      -0.75502938     -0.011329029      0.016821273
          -50.625            -22.4              300       0.16975367      -0.20375867       0.59814578      -0.76718956     -0.011482185       0.01703853
        -50.15625            -22.4              300       0.15719721      -0.18862082       0.60736328      -0.77855617      -0.01158803      0.017198887
         -49.6875            -22.4              300       0.14423478      -0.17301065       0.61594456      -0.78912914     -0.011646545      0.017302316
        -49.21875            -22.4              300       0.13092674      -0.15699047       0.62388706      -0.79890722     -0.011662057      0.017352868
           -48.75            -22.4              300        0.1176689      -0.14097665       0.63088042      -0.80754149     -0.011739264      0.017464608
        -48.28125            -22.4              300       0.10399237      -0.12449035       0.63671148      -0.81477153     -0.011905317       0.01767583
         -47.8125            -22.4              300      0.089634977      -0.10726528       0.64175791      -0.82102001     -0.011874502      0.017669816
        -47.34375            -22.4              300      0.075144939      -0.08988452       0.64622742      -0.82654029     -0.011839377      0.017659094
          -46.875            -22.4              300      0.060577925     -0.072406217       0.65010297      -0.83131438     -0.011834998       0.01768245
        -46.40625            -22.4              300      0.045689788     -0.054576408       0.65308791      -0.83497202     -0.011684351      0.017553607
         -45.9375            -22.4              300      0.030719612     -0.036647763       0.65516394       -0.8375141     -0.011474982      0.017353972
        -45.46875            -22.4              300      0.015666392     -0.018616926       0.65631968      -0.83893251        -0.011298      0.017178796
              -45            -22.4              300    0.00047900225   -0.00042911759       0.65657437      -0.83925468     -0.011275809      0.017154872
        -44.53125            -22.4              300     -0.014809307      0.017873039       0.65601766      -0.83857477     -0.011178987       0.01704067
         -44.0625            -22.4              300     -0.030118579      0.036198288       0.65469348      -0.83694088     -0.011117902      0.016962806
        -43.59375            -22.4              300     -0.045213155      0.054275915       0.65259582      -0.83435023       -0.0110827      0.016913252
          -43.125            -22.4              300     -0.060085207      0.072096892       0.64972091      -0.83079946     -0.011064915      0.016882474
        -42.65625            -22.4              300     -0.074734725      0.089661196       0.64606887      -0.82628846     -0.011064541      0.016870474
         -42.1875            -22.4              300     -0.089161716       0.10696886       0.64163971      -0.82081711     -0.011081566       0.01687724
        -41.71875            -22.4              300      -0.10331833       0.12396811       0.63632256      -0.81426346     -0.011076022      0.016860113
           -41.25            -22.4              300      -0.11700178       0.14043698       0.62947887      -0.80591702     -0.010832358      0.016584927
        -40.78125            -22.4              300      -0.13065802       0.15685982       0.62251842      -0.79732424     -0.010719819      0.016428106
         -40.3125            -22.4              300      -0.14404994       0.17297363       0.61495894      -0.78797805     -0.010526937        0.0161738
        -39.84375            -22.4              300      -0.15717752       0.18877846       0.60680032      -0.77787852     -0.010253713      0.015822014
          -39.375            -22.4              300       -0.1695493       0.20372963       0.59885365      -0.76791668     -0.010281999      0.015812326
        -38.90625            -22.4              300      -0.18156295        0.2182523       0.58903491      -0.75576538     -0.010142803      0.015612487
         -38.4375            -22.4              300      -0.19309859       0.23221268       0.57857966      -0.74282879    -0.0099608302      0.015361755
        -37.96875            -22.4              300      -0.20410176       0.24555153       0.56765908      -0.72929889    -0.0097651146      0.015092896
            -37.5            -22.4              300      -0.21457249       0.25826892       0.55627322      -0.71517599    -0.0095556593      0.014805903
        -37.03125            -22.4              300      -0.22451067       0.27036476       0.54442203      -0.70045972    -0.0093324482      0.014500765
         -36.5625            -22.4              300      -0.23391643       0.28183916       0.53210545      -0.68515015    -0.0090954928       0.01417749
        -36.09375            -22.4              300      -0.24278969       0.29269201       0.51932365      -0.66924745    -0.0088448077      0.013836097
          -35.625            -22.4              300      -0.25117779       0.30298847       0.50611329       -0.6528039    -0.0091223484      0.014050116
        -35.15625            -22.4              300      -0.25906572       0.31270218       0.49238777      -0.63571501    -0.0095753008      0.014454035
         -34.6875            -22.4              300      -0.26644588       0.32182208       0.47813419      -0.61796415     -0.010099507      0.014938354
        -34.21875            -22.4              300      -0.27277035       0.32970467       0.46414122      -0.60037941    -0.0094031375      0.014108326
           -33.75            -22.4              300      -0.27794206       0.33626625       0.45019305        -0.582762    -0.0086534414       0.01322688
        -33.28125            -22.4              300      -0.28265589       0.34227285       0.43583027      -0.56469017    -0.0086114192      0.013114898
         -32.8125            -22.4              300      -0.28685778       0.34765854       0.42104176      -0.54611582    -0.0084216064      0.012836394
        -32.34375            -22.4              300      -0.29045478       0.35232735         0.406214      -0.52745509    -0.0081809685      0.012501207
          -31.875            -22.4              300       -0.2934469       0.35627925       0.39134693      -0.50870818    -0.0078894999       0.01210933
        -31.40625            -22.4              300      -0.29583412        0.3595143       0.37644058      -0.48987493    -0.0075472035      0.011660764
         -30.9375            -22.4              300      -0.29761648       0.36203241       0.36149496      -0.47095537    -0.0071540773       0.01115551
        -30.46875            -22.4              300      -0.29895118        0.3640027        0.3466503      -0.45210502    -0.0067187217      0.010591348
              -30            -22.4              300      -0.29959735       0.36514154       0.33217207      -0.43362287    -0.0067536943       0.01051707
        -29.53125            -22.4              300      -0.29952419       0.36542109       0.31802756      -0.41549432    -0.0069096652       0.01057878
         -29.0625            -22.4              300      -0.29872555       0.36483753       0.30426484      -0.39778239    -0.0068898248      0.010469913
        -28.59375            -22.4              300      -0.29749116       0.36371997       0.29069364      -0.38028026    -0.0068265661      0.010315826
          -28.125            -22.4              300      -0.29583961       0.36208916       0.27729839      -0.36297029    -0.0067515047      0.010148472
        -27.65625            -22.4              300      -0.29377076       0.35994512       0.26407918      -0.34585238    -0.0066646375      0.009967844
         -27.1875            -22.4              300      -0.29128474       0.35728776       0.25103593      -0.32892659    -0.0065659638     0.0097739436
        -26.71875            -22.4              300      -0.28838146        0.3541173        0.2381687      -0.31219295     -0.006455488     0.0095667709
           -26.25            -22.4              300      -0.28491428       0.35025954       0.22564586      -0.29582274    -0.0061096312     0.0090994071
        -25.78125            -22.4              300       -0.2811639       0.34603748       0.21344131      -0.27982306    -0.0057974667      0.008672107
         -25.3125            -22.4              300      -0.27713439       0.34145594       0.20155324      -0.26419219     -0.005523812     0.0082902191
        -24.84375            -22.4              300      -0.27297565       0.33667308       0.19029889      -0.24931212    -0.0053167837     0.0079877824
          -24.375            -22.4              300      -0.26867554       0.33167219       0.17971037        -0.235212    -0.0051098014     0.0076864222
        -23.90625            -22.4              300      -0.26422757       0.32644638       0.16977628      -0.22187784    -0.0048994655     0.0073820972
         -23.4375            -22.4              300      -0.25963181       0.32099578       0.16049659      -0.20930958     -0.004685781     0.0070748162
        -22.96875            -22.4              300      -0.25486359       0.31529617       0.15177602      -0.19740213    -0.0045081843     0.0068087345
            -22.5            -22.4              300      -0.24987768        0.3093248       0.14305836      -0.18553931    -0.0044957437     0.0067274813
        -22.03125            -22.4              300      -0.24481669       0.30323789       0.13455786      -0.17394984    -0.0044334643     0.0065978523
         -21.5625            -22.4              300      -0.23967725       0.29702586        0.1264168       -0.1628069    -0.0043196939     0.0064131543
        -21.09375            -22.4              300      -0.23445772       0.29068589       0.11866619      -0.15214822    -0.0041619879     0.0061793854
          -20.625            -22.4              300      -0.22915807       0.28421783       0.11130601      -0.14197375     -0.003960364     0.0058965571
        -20.15625            -22.4              300      -0.22377835       0.27762181       0.10433628      -0.13228352    -0.0037148041     0.0055646552
         -19.6875            -22.4              300      -0.21831851       0.27089775      0.097756982      -0.12307754    -0.0034253213     0.0051836926
        -19.21875            -22.4              300      -0.21283427       0.26410586      0.091536477      -0.11431877     -0.003158713     0.0048229741
           -18.75            -22.4              300      -0.20744586       0.25739515      0.085628234      -0.10597593    -0.0029584204     0.0045318455
        -18.28125            -22.4              300       -0.2022332       0.25085965      0.080061048     -0.098098367    -0.0028467327     0.0043341261
         -17.8125            -22.4              300      -0.19714597       0.24444002       0.07483387     -0.090673938    -0.0028044907     0.0042155674
        -17.34375            -22.4              300      -0.19218425       0.23813629      0.069946706     -0.083702669    -0.0028316958     0.0041761687
          -16.875            -22.4              300      -0.18721344       0.23179746      0.065339766     -0.077087954    -0.0028014062     0.0040916279
        -16.40625            -22.4              300      -0.18228421       0.22549161      0.060942516     -0.070756599    -0.0027089044     0.0039444948
         -15.9375            -22.4              300      -0.17745416        0.2192855      0.056763198     -0.064729534    -0.0025987434     0.0037759996
        -15.46875            -22.4              300      -0.17273016       0.21318781      0.052800033     -0.059006315    -0.0024699068     0.0035866483
              -15            -22.4              300      -0.16818371        0.2072828      0.049081985     -0.053641055    -0.0023180519     0.0033789843
        -14.53125            -22.4              300      -0.16371012       0.20144328       0.04566215     -0.048693292     -0.002173946     0.0031753653
         -14.0625            -22.4              300      -0.15933429       0.19570903      0.042434525     -0.044023488    -0.0020543784     0.0030039803
        -13.59375            -22.4              300      -0.15505621       0.19008006      0.039399084     -0.039631661    -0.0019593469     0.0028648255
          -13.125            -22.4              300       -0.1508759       0.18455635      0.036555842     -0.035517816    -0.0018888556     0.0027579057
        -12.65625            -22.4              300      -0.14679064       0.17914069      0.033867627     -0.031620037    -0.0018340944     0.0026545667
         -12.1875            -22.4              300      -0.14284411       0.17389596      0.031282138     -0.027880559    -0.0017832426     0.0025213026
        -11.71875            -22.4              300      -0.13906884       0.16883841      0.028937247     -0.024528388    -0.0017390808     0.0024341217
           -11.25            -22.4              300      -0.13538927        0.1638981      0.026714126     -0.021371696    -0.0016905337     0.0023473678
        -10.78125            -22.4              300      -0.13180035       0.15907137      0.024599172     -0.018389223    -0.0016376367     0.0022557667
         -10.3125            -22.4              300       -0.1283021       0.15435827      0.022592388     -0.015580976    -0.0015803893     0.0021593177
         -9.84375            -22.4              300      -0.12489451       0.14975876      0.020693773     -0.012946952    -0.0015187939     0.0020580231
           -9.375            -22.4              300      -0.12157759       0.14527285      0.018903326     -0.010487149    -0.0014528472     0.0019518806
         -8.90625            -22.4              300      -0.11834664        0.1409023      0.017197566    -0.0081705777    -0.0013826081     0.0018528518
          -8.4375            -22.4              300      -0.11520867       0.13666102      0.015564198    -0.0059850803    -0.0013072481     0.0017634791
         -7.96875            -22.4              300      -0.11217099       0.13255192      0.014023815    -0.0039592232    -0.0012264217     0.0016720025
             -7.5            -22.4              300       -0.1092423       0.12858619      0.012558113    -0.0020714626    -0.0011309502     0.0015606127
         -7.03125            -22.4              300      -0.10641681       0.12475724        0.0112015   -0.00037692583    -0.0010739238     0.0014730459
          -6.5625            -22.4              300      -0.10366186       0.12103891     0.0098939547     0.0012305181    -0.0010231198      0.001392402
         -6.09375            -22.4              300      -0.10097747       0.11743121     0.0086354744     0.0027508729   -0.00097853667     0.0013186784
           -5.625            -22.4              300     -0.098363608       0.11393413     0.0074260612     0.0041841348   -0.00094017538     0.0012518761
         -5.15625            -22.4              300     -0.095819697       0.11054632     0.0062664635     0.0055284984   -0.00090673286     0.0011922583
          -4.6875            -22.4              300     -0.093340881       0.10725754     0.0051616104     0.0067752283   -0.00086802873     0.0011367438
         -4.21875            -22.4              300     -0.090928577       0.10407203     0.0041088038     0.0079330932   -0.00082760508     0.0010809249
            -3.75            -22.4              300     -0.088582784       0.10098978     0.0031080446     0.0090020914   -0.00078546285     0.0010248022
         -3.28125            -22.4              300     -0.086303458      0.098010786     0.0021593336     0.0099822227   -0.00074160116    0.00096837495
          -2.8125            -22.4              300     -0.084092826      0.095133714     0.0012661415      0.010866547   -0.00070279377    0.00091242761
         -2.34375            -22.4              300     -0.081949539        0.0923566    0.00042935257      0.011652374   -0.00066874875    0.00085809466
           -1.875            -22.4              300     -0.079854906      0.089670882   -0.00037942204      0.012385936   -0.00065303949    0.00082037796
         -1.40625            -22.4              300     -0.077793807      0.087056272    -0.0011736582      0.013101187   -0.00064499711    0.00078839349
          -0.9375            -22.4              300     -0.075785972      0.084518522    -0.0019213958      0.013768345   -0.00059590006    0.00073834794
         -0.46875            -22.4              300     -0.073829323      0.082082815    -0.0026253515      0.014359035   -0.00055325747    0.00067849952
                0            -22.4              300     -0.071915589      0.079716541    -0.0032955098      0.014908927   -0.00051360735    0.00062325463
          0.46875            -22.4              300     -0.070044786      0.077419683    -0.0039318711      0.015418022     -0.000476949    0.00057261204
           0.9375            -22.4              300      -0.06821689      0.075192273    -0.0045344364      0.015886322   -0.00044328161    0.00052657124
          1.40625            -22.4              300     -0.066431925      0.073034286    -0.0051032025      0.016313823   -0.00041260663    0.00048513385
            1.875            -22.4              300     -0.064689033      0.070944212    -0.0056380625      0.016700476   -0.00038449897    0.00044867652
          2.34375            -22.4              300     -0.062988237      0.068923138    -0.0061389823      0.017045299   -0.00035910727     0.0004172622
           2.8125            -22.4              300      -0.06133046      0.066973075    -0.0066060731      0.017347997   -0.00033695443    0.00039050091
          3.28125            -22.4              300     -0.059715696      0.065094039    -0.0070393314      0.017608574   -0.00031803921    0.00036839207
             3.75            -22.4              300     -0.058143113      0.063278757     -0.007440588      0.017832404   -0.00030188041    0.00034939672
          4.21875            -22.4              300      -0.05660801      0.061517123    -0.0078139147      0.018055955   -0.00027628161    0.00032044924
           4.6875            -22.4              300     -0.055106841       0.05980961    -0.0081621027      0.018258218   -0.00025054152    0.00029158304
          5.15625            -22.4              300     -0.053639125      0.058149971    -0.0084867533      0.018438308   -0.00022683185    0.00026396243
            5.625            -22.4              300     -0.052204851      0.056538202    -0.0087878658      0.018596223   -0.00020515255     0.0002375879
          6.09375            -22.4              300      -0.05080403      0.054974306    -0.0090654399      0.018731959   -0.00018550374     0.0002124593
           6.5625            -22.4              300     -0.049436662      0.053458281    -0.0093194768      0.018845527   -0.00016788469    0.00018857632
          7.03125            -22.4              300      -0.04810274      0.051990125    -0.0095499735      0.018936915   -0.00015229668     0.0001659398
              7.5            -22.4              300     -0.046802275       0.05056984    -0.0097569358      0.019006131   -0.00013873854    0.00014454901
          7.96875            -22.4              300     -0.045535255      0.049197428     -0.009940356      0.019053174   -0.00012721113      0.000124404
           8.4375            -22.4              300     -0.044301681       0.04787289     -0.010100241      0.019078039   -0.00011771356    0.00010550489
          8.90625            -22.4              300     -0.043101568      0.046596222     -0.010236587      0.019080732   -0.00011024659    8.7851731e-05
            9.375            -22.4              300     -0.041926004      0.045357689     -0.010354635      0.019062221   -9.4115283e-05    6.0630889e-05
          9.84375            -22.4              300     -0.040788375      0.044132963     -0.010469703       0.01905939   -7.9735881e-05    4.4447588e-05
          10.3125            -22.4              300     -0.039690431      0.042948801     -0.010568325      0.019051168   -6.0085149e-05    2.5143061e-05
         10.78125            -22.4              300     -0.038633864      0.041804262     -0.010649445      0.019037127   -3.8142818e-05      4.72584e-06
            11.25            -22.4              300     -0.037600558      0.040715259     -0.010697979      0.018988956    -3.537086e-05   -4.0039449e-06
         11.71875            -22.4              300     -0.036594369      0.039653804     -0.010737971      0.018933725   -2.9691528e-05   -1.3498167e-05
          12.1875            -22.4              300      -0.03561531      0.038619895     -0.010769422      0.018871436   -2.1103257e-05   -2.3757812e-05
         12.65625            -22.4              300     -0.034665294      0.037613969     -0.010792241      0.018803081   -8.2172883e-06   -3.6773239e-05
           13.125            -22.4              300     -0.033745669      0.036637411     -0.010804731      0.018728007    7.1643735e-06   -5.3155731e-05
         13.59375            -22.4              300     -0.032852281      0.035689816     -0.010806258      0.018643402    2.0634208e-05   -6.8192938e-05
          14.0625            -22.4              300     -0.031985126      0.034771182     -0.010796817       0.01854926    3.2192533e-05   -8.1885009e-05
         14.53125            -22.4              300       -0.0311442      0.033881504     -0.010776413      0.018445583    4.1839608e-05   -9.4231829e-05
               15            -22.4              300      -0.03033031      0.033018697     -0.010749242      0.018337257    4.8487338e-05   -0.00010538084
         15.46875            -22.4              300     -0.029547935      0.032182001     -0.010720321      0.018231997    5.1035469e-05   -0.00011518812
          15.9375            -22.4              300     -0.028792081      0.031376805      -0.01067731       0.01811577    5.8162688e-05   -0.00012544877
         16.40625            -22.4              300     -0.028056318      0.030592171     -0.010630934       0.01799617    6.5267013e-05   -0.00013539124
           16.875            -22.4              300     -0.027340639      0.029828107     -0.010581193      0.017873196    7.2347975e-05   -0.00014501507
         17.34375            -22.4              300     -0.026645049      0.029084604     -0.010528085      0.017746847    7.9405858e-05   -0.00015432066
          17.8125            -22.4              300     -0.025969543      0.028361661     -0.010471612      0.017617129    8.6440763e-05   -0.00016330781
         18.28125            -22.4              300     -0.025314124      0.027659286     -0.010411773      0.017484035    9.3452429e-05   -0.00017197648
            18.75            -22.4              300     -0.024678793      0.026977478     -0.010348571      0.017347571    0.00010044107   -0.00018032684
         19.21875            -22.4              300     -0.024063068      0.026315803     -0.010281954      0.017207379    0.00010627486   -0.00018772064
          19.6875            -22.4              300     -0.023466367      0.025673617     -0.010211899      0.017062746    0.00010784964   -0.00019231995
         20.15625            -22.4              300     -0.022887303      0.025048183     -0.010143189      0.016919902    0.00011591247   -0.00020088178
           20.625            -22.4              300     -0.022325983      0.024443297     -0.010067461      0.016770314      0.000120475   -0.00020780826
         21.09375            -22.4              300     -0.021780305      0.023854414    -0.0099938661      0.016621867    0.00012454421   -0.00021373655
          21.5625            -22.4              300     -0.021250015      0.023282027    -0.0099200057      0.016472483    0.00012850604   -0.00021923827
         22.03125            -22.4              300     -0.020735109      0.022726137    -0.0098458817      0.016322168    0.00013236016   -0.00022431338
             22.5            -22.4              300     -0.020235594      0.022186747    -0.0097714933      0.016170913    0.00013610703   -0.00022896208
         22.96875            -22.4              300     -0.019751463      0.021663852    -0.0096968403      0.016018724    0.00013974629   -0.00023318408
          23.4375            -22.4              300     -0.019282725      0.021157455    -0.0096219238        0.0158656    0.00014327813   -0.00023697963
         23.90625            -22.4              300      -0.01882937      0.020667557    -0.0095467418       0.01571154    0.00014670237   -0.00024034854
           24.375            -22.4              300     -0.018391062      0.020193862     -0.009471368      0.015556623    0.00015011599   -0.00024334765
         24.84375            -22.4              300     -0.017960086      0.019729374    -0.0093964459      0.015402212    0.00015433546   -0.00024672909
          25.3125            -22.4              300     -0.017539531      0.019276574    -0.0093205739      0.015247554    0.00015762607   -0.00025012068
         25.78125            -22.4              300     -0.017129377      0.018835826     -0.009244483      0.015092991    0.00016025835   -0.00025354099
            26.25            -22.4              300     -0.016729625      0.018407129    -0.0091681723      0.014938526    0.00016223243   -0.00025699008
         26.71875            -22.4              300     -0.016340299      0.017990559    -0.0090917246      0.014784039    0.00016360421   -0.00026043615
          27.1875            -22.4              300     -0.015961334      0.017586349    -0.0090149064      0.014628373    0.00016524752    -0.0002638938
         27.65625            -22.4              300      -0.01559257      0.017194204    -0.0089374781      0.014471874    0.00016739471   -0.00026751211
           28.125            -22.4              300     -0.015232982      0.016813187    -0.0088618202      0.014317131    0.00016956788   -0.00027042834
         28.59375            -22.4              300      -0.01488162      0.016442139    -0.0087867416      0.014163734    0.00017140283   -0.00027250891
          29.0625            -22.4              300     -0.014538486      0.016081067    -0.0087122433      0.014011687    0.00017289964   -0.00027375395
         29.53125            -22.4              300     -0.014203879       0.01573023    -0.0086381696      0.013861015    0.00017411566   -0.00027421364
               30            -22.4              300     -0.013878933      0.015390106    -0.0085631032      0.013711544    0.00017547992   -0.00027473221
         30.46875            -22.4              300     -0.013561105      0.015058067    -0.0084877275      0.013562758    0.00017666417   -0.00027538551
          30.9375            -22.4              300     -0.013250395      0.014734114    -0.0084120389      0.013414659    0.00017766868   -0.00027617373
         31.40625            -22.4              300     -0.012946803      0.014418247    -0.0083360411      0.013267245    0.00017849322   -0.00027709675
           31.875            -22.4              300      -0.01265033      0.014110466    -0.0082597304      0.013120517    0.00017913792   -0.00027815459
         32.34375            -22.4              300     -0.012360974      0.013810772    -0.0081831105      0.012974476    0.00017960272   -0.00027934721
          32.8125            -22.4              300     -0.012078737      0.013519163    -0.0081061805      0.012829119    0.00017988755   -0.00028067466
         33.28125            -22.4              300       -0.0118034      0.013235876    -0.0080309557      0.012687661    0.00018247766   -0.00028217229
            33.75            -22.4              300     -0.011535025      0.012960087    -0.0079556145      0.012547019    0.00018578599   -0.00028293463
         34.21875            -22.4              300     -0.011273923      0.012691594    -0.0078785215      0.012406695    0.00018573944   -0.00028265073
          34.6875            -22.4              300     -0.011019089      0.012430434    -0.0078015826      0.012268405    0.00018553564   -0.00028284284
         35.15625            -22.4              300     -0.010770305      0.012175595    -0.0077246195      0.012131363    0.00018573183   -0.00028313094
           35.625            -22.4              300     -0.010527721      0.011927197    -0.0076475497      0.011995609    0.00018590661   -0.00028335743
         36.09375            -22.4              300     -0.010291341      0.011685233    -0.0075703738      0.011861142    0.00018605999   -0.00028352236
          36.5625            -22.4              300     -0.010061163      0.011449707    -0.0074930904      0.011727961    0.00018619173    -0.0002836255
         37.03125            -22.4              300    -0.0098371869      0.011220617    -0.0074157007      0.011596066    0.00018630218   -0.00028366712
             37.5            -22.4              300     -0.009619412      0.010997966    -0.0073382044       0.01146546    0.00018639112   -0.00028364704
         37.96875            -22.4              300    -0.0094073573      0.010780127    -0.0072610104      0.011336491    0.00018698809   -0.00028349162
          38.4375            -22.4              300    -0.0092007127      0.010566572    -0.0071843299      0.011209554    0.00018808756    -0.0002831633
         38.90625            -22.4              300     -0.008999452      0.010359074    -0.0071076984      0.011083757    0.00018849173   -0.00028278271
           39.375            -22.4              300    -0.0088034151      0.010156669    -0.0070313415      0.010959228    0.00018844605   -0.00028209414
         39.84375            -22.4              300    -0.0086122034     0.0099593261    -0.0069553545        0.0108354     0.0001877989    -0.0002813022
          40.3125            -22.4              300    -0.0084260283      0.009766343    -0.0068801441      0.010713037    0.00018694189   -0.00028065543
         40.78125            -22.4              300    -0.0082451589      0.009577686    -0.0068056276      0.010592592     0.0001861387   -0.00028012707
            41.25            -22.4              300    -0.0080694305     0.0093937656    -0.0067313896      0.010473846     0.0001856639   -0.00027968109
         41.71875            -22.4              300    -0.0078985905     0.0092146071     -0.006657491      0.010356469    0.00018536535   -0.00027930373
          42.1875            -22.4              300    -0.0077326396     0.0090402132    -0.0065839337       0.01024046    0.00018524303   -0.00027899499
         42.65625            -22.4              300    -0.0075718262     0.0088704657    -0.0065110596      0.010126092    0.00018534526   -0.00027863105
           43.125            -22.4              300    -0.0074155116     0.0087044658    -0.0064393715      0.010013364     0.0001854326   -0.00027800346
         43.59375            -22.4              300    -0.0072630257     0.0085420208    -0.0063685225     0.0099018393    0.00018532673   -0.00027722499
          44.0625            -22.4              300    -0.0071143699     0.0083831334    -0.0062985132     0.0097915167    0.00018502765   -0.00027629573
         44.53125            -22.4              300    -0.0069695436     0.0082278028    -0.0062293438     0.0096823955    0.00018453546   -0.00027521569
               45            -22.4              300    -0.0068285475     0.0080760289    -0.0061610145     0.0095744757    0.00018385006   -0.00027398486
         45.46875            -22.4              300    -0.0066910647     0.0079274699    -0.0060940571     0.0094677564    0.00018362627   -0.00027298095
          45.9375            -22.4              300    -0.0065572811     0.0077823414    -0.0060280617     0.0093622282    0.00018362817   -0.00027209253
         46.40625            -22.4              300    -0.0064279092     0.0076410519      -0.00596256     0.0092581287    0.00018266961   -0.00027071574
           46.875            -22.4              300    -0.0063016769     0.0075025819    -0.0058983867     0.0091554401    0.00018183488   -0.00026940039
         47.34375            -22.4              300    -0.0061785853     0.0073669329    -0.0058355406     0.0090541597    0.00018112409   -0.00026814654
          47.8125            -22.4              300    -0.0060586319      0.007234104     -0.005774023     0.0089542894    0.00018053711   -0.00026695416
         48.28125            -22.4              300    -0.0059418506     0.0071042646    -0.0057139089     0.0088558076    0.00018022319   -0.00026588739
            48.75            -22.4              300    -0.0058277692     0.0069774999    -0.0056543937     0.0087582888    0.00017968057   -0.00026477102
         49.21875            -22.4              300    -0.0057165809      0.006853668    -0.0055958494     0.0086619658    0.00017897699   -0.00026353996
          49.6875            -22.4              300    -0.0056082956     0.0067327786    -0.0055382764     0.0085668387    0.00017810213   -0.00026219414
         50.15625            -22.4              300    -0.0055029127     0.0066148313    -0.0054816711     0.0084729036    0.00017705596   -0.00026073359
           50.625            -22.4              300    -0.0053996136     0.0064989915     -0.005426419     0.0083802976    0.00017617003   -0.00025930806
         51.09375            -22.4              300    -0.0052988855     0.0063858526    -0.0053719482      0.008288634    0.00017558597   -0.00025803916
          51.5625            -22.4              300    -0.0052006403     0.0062753307    -0.0053183911     0.0081980657    0.00017502799   -0.00025677207
         52.03125            -22.4              300    -0.0051044282     0.0061670151    -0.0052659195     0.0081086718    0.00017442407   -0.00025544508
             52.5            -22.4              300     -0.005010251     0.0060609062    -0.0052145328     0.0080204504    0.00017377413   -0.00025405816
         52.96875            -22.4              300    -0.0049181357     0.0059571047    -0.0051644822      0.007933517    0.00017297706   -0.00025261336
          53.4375            -22.4              300    -0.0048280009     0.0058555268    -0.0051155211      0.007847785    0.00017223475   -0.00025118148
         53.90625            -22.4              300    -0.0047398321     0.0057561453    -0.0050675841     0.0077632284    0.00017158549   -0.00024976998
           54.375            -22.4              300    -0.0046536303     0.0056589618    -0.0050206711     0.0076798457    0.00017102933   -0.00024837887
         54.84375            -22.4              300    -0.0045686532     0.0055635306    -0.0049745278      0.007597412    0.00017041812   -0.00024687217
          55.3125            -22.4              300    -0.0044857054     0.0054704472    -0.0049288985     0.0075158887    0.00016954463   -0.00024528141
         55.78125            -22.4              300    -0.0044046463     0.0053795073     -0.004883884     0.0074354089    0.00016857369   -0.00024371018
            56.25            -22.4              300    -0.0043249633     0.0052902703     -0.004839465     0.0073559275    0.00016761999   -0.00024215972
         56.71875            -22.4              300    -0.0042466563     0.0052027344    -0.0047956412     0.0072774421    0.00016668344   -0.00024062995
          57.1875            -22.4              300    -0.0041697249     0.0051169014    -0.0047524134     0.0071999542    0.00016576414   -0.00023912091
         57.65625            -22.4              300    -0.0040941699     0.0050327703    -0.0047097807     0.0071234638    0.00016486207   -0.00023763264
           58.125            -22.4              300    -0.0040199906     0.0049503418     -0.004667744     0.0070479708    0.00016397714   -0.00023616508
         58.59375            -22.4              300    -0.0039471877     0.0048696161    -0.0046263025     0.0069734748    0.00016310946   -0.00023471825
          59.0625            -22.4              300    -0.0038757604      0.004790592     -0.004585457     0.0068999757    0.00016225901   -0.00023329217
         59.53125            -22.4              300    -0.0038056448     0.0047131069    -0.0045450847     0.0068275528    0.00016137725   -0.00023178931
               60            -22.4              300     -0.003736947     0.0046370793    -0.0045048697     0.0067557753    0.00016058954   -0.00023010606
         60.46875            -22.4              300     -0.003669569     0.0045630657    -0.0044653751     0.0066848728    0.00015967796   -0.00022864647
          60.9375            -22.4              300     -0.003603393     0.0044903276    -0.0044261185     0.0066149533    0.00015867647   -0.00022720078
         61.40625            -22.4              300    -0.0035384409     0.0044189463    -0.0043871356      0.006545946    0.00015768649   -0.00022573347
           61.875            -22.4              300    -0.0034747147     0.0043489467    -0.0043484475     0.0064778384    0.00015671711   -0.00022424979
         62.34375            -22.4              300    -0.0034122146     0.0042803297    -0.0043100561     0.0064106304    0.00015576839   -0.00022274978
          62.8125            -22.4              300    -0.0033509412     0.0042130961    -0.0042719529      0.006344324    0.00015485327   -0.00022123294
         63.28125            -22.4              300    -0.0032909007     0.0041472567    -0.0042341161     0.0062789386    0.00015401289   -0.00021971072
            63.75            -22.4              300    -0.0032320893     0.0040828111    -0.0041965707     0.0062144739    0.00015319715   -0.00021819428
         64.21875            -22.4              300    -0.0031745078     0.0040197591    -0.0041593141     0.0061509283    0.00015240604   -0.00021668353
          64.6875            -22.4              300    -0.0031181045     0.0039576655    -0.0041223904     0.0060880277    0.00015141007   -0.00021509886
         65.15625            -22.4              300    -0.0030628955     0.0038966865    -0.0040857219     0.0060258619    0.00015052922   -0.00021357196
           65.625            -22.4              300    -0.0030089011     0.0038368499    -0.0040492439     0.0059644021    0.00014978604    -0.0002121226
         66.09375            -22.4              300     -0.002956118      0.003778229    -0.0040130951     0.0059037907    0.00014906927   -0.00021071309
          66.5625            -22.4              300    -0.0029045222     0.0037207617    -0.0039772987     0.0058440343    0.00014829537   -0.00020927537
         67.03125            -22.4              300    -0.0028540194     0.0036644305    -0.0039418209     0.0057849241    0.00014748913    -0.0002078361
             67.5            -22.4              300    -0.0028046945     0.0036091455    -0.0039066477      0.005726615     0.0001466441   -0.00020638562
         67.96875            -22.4              300    -0.0027565486     0.0035549076     -0.003871778     0.0056691067    0.00014576036     -0.000204924
          68.4375            -22.4              300    -0.0027095808     0.0035017163    -0.0038372127      0.005612399    0.00014483786   -0.00020345123
         68.90625            -22.4              300    -0.0026637916      0.003449572    -0.0038029517     0.0055564921    0.00014387662   -0.00020196728
           69.375            -22.4              300    -0.0026191007     0.0033985022    -0.0037689251     0.0055012964    0.00014289812   -0.00020048559
         69.84375            -22.4              300    -0.0025754049     0.0033483389    -0.0037352727     0.0054467302    0.00014194087   -0.00019902931
          70.3125            -22.4              300    -0.0025327187     0.0032990337    -0.0037020547     0.0053928155    0.00014100337   -0.00019759734
         70.78125            -22.4              300    -0.0024910413     0.0032505875    -0.0036692717     0.0053395526    0.00014008573   -0.00019618978
            71.25            -22.4              300    -0.0024503733     0.0032029995    -0.0036369229     0.0052869413    0.00013918789   -0.00019480658
         71.71875            -22.4              300     -0.002410714     0.0031562701    -0.0036050088     0.0052349828     0.0001383099   -0.00019344776
          72.1875            -22.4              300    -0.0023720658      0.003110396    -0.0035735397     0.0051836763    0.00013744911   -0.00019210354
         72.65625            -22.4              300    -0.0023343882     0.0030653833    -0.0035425331      0.005132989    0.00013656351   -0.00019066389
           73.125            -22.4              300    -0.0022976014     0.0030212179    -0.0035119066     0.0050829202    0.00013564709    -0.0001892054
         73.59375            -22.4              300    -0.0022616617     0.0029778306     -0.003481776     0.0050335149    0.00013474542   -0.00018777879
          74.0625            -22.4              300    -0.0022265692     0.0029352224     -0.003452142     0.0049847718    0.00013385844    -0.0001863837
         74.53125            -22.4              300     -0.002192324     0.0028933929    -0.0034230039     0.0049366928     0.0001329861   -0.00018502012
               75            -22.4              300    -0.0021589268     0.0028523426    -0.0033943621     0.0048892768    0.00013212842    -0.0001836881
         75.46875            -22.4              300    -0.0021263768      0.002812071    -0.0033662166     0.0048425244     0.0001312854   -0.00018238762
          75.9375            -22.4              300    -0.0020946574     0.0027725825    -0.0033385558     0.0047963969    0.00013044832   -0.00018110647
         76.40625            -22.4              300    -0.0020635966     0.0027337847    -0.0033113789     0.0047507621    0.00012960055    -0.0001797994
           76.875            -22.4              300    -0.0020331563     0.0026956159    -0.0032847226     0.0047056694    0.00012876079   -0.00017848046
         77.34375            -22.4              300    -0.0020033359     0.0026580761    -0.0032585869     0.0046611195    0.00012792904   -0.00017714973
          77.8125            -22.4              300    -0.0019741356     0.0026211645    -0.0032329718     0.0046171118    0.00012710526   -0.00017580713
         78.28125            -22.4              300    -0.0019455557     0.0025848818    -0.0032078773     0.0045736469    0.00012628951    -0.0001744527
            78.75            -22.4              300    -0.0019175671     0.0025492229    -0.0031832128     0.0045306836    0.00012550283   -0.00017310127
         79.21875            -22.4              300    -0.0018901452      0.002514265    -0.0031587374     0.0044881161    0.00012468129   -0.00017178629
          79.6875            -22.4              300    -0.0018631527     0.0024798592     -0.003134785     0.0044460925    0.00012383395   -0.00017051498
         80.15625            -22.4              300    -0.0018367986     0.0024460529    -0.0031117692     0.0044048522    0.00012310036   -0.00016922448
           80.625            -22.4              300    -0.0018109645     0.0024128917    -0.0030890517     0.0043640682    0.00012234919   -0.00016794138
         81.09375            -22.4              300    -0.0017854586     0.0023802288    -0.0030666075     0.0043236921    0.00012153482   -0.00016667508
          81.5625            -22.4              300    -0.0017603351     0.0023480998    -0.0030445475     0.0042837905    0.00012072449   -0.00016541105
         82.03125            -22.4              300     -0.001735594     0.0023165049    -0.0030228726     0.0042443648    0.00011991822   -0.00016414931
             82.5            -22.4              300    -0.0017112355     0.0022854435    -0.0030015828      0.004205415    0.00011911599   -0.00016288989
         82.96875            -22.4              300    -0.0016872593     0.0022549168    -0.0029806772     0.0041669393    0.00011831782   -0.00016163275
          83.4375            -22.4              300    -0.0016636502     0.0022249355    -0.0029602444     0.0041289805    0.00011750932   -0.00016038031
         83.90625            -22.4              300    -0.0016404326     0.0021954968     -0.002940251     0.0040915222    0.00011669972    -0.0001591334
           84.375            -22.4              300    -0.0016176096     0.0021665988    -0.0029206853     0.0040545603    0.00011589122   -0.00015789186
         84.84375            -22.4              300    -0.0015951003     0.0021381227    -0.0029011192     0.0040179086     0.0001151531   -0.00015666829
          85.3125            -22.4              300    -0.0015727713     0.0021101045    -0.0028820622     0.0039817253    0.00011441411   -0.00015547873
         85.78125            -22.4              300    -0.0015506977     0.0020825265    -0.0028632882       0.00394597    0.00011366221   -0.00015429212
            86.25            -22.4              300    -0.0015288774     0.0020553756     -0.002844729     0.0039106254    0.00011290307   -0.00015310498
         86.71875            -22.4              300      -0.00150731     0.0020286513    -0.0028263854     0.0038756926    0.00011213672   -0.00015191732
          87.1875            -22.4              300    -0.0014859986     0.0020023566    -0.0028082395     0.0038411771    0.00011136435   -0.00015072878
         87.65625            -22.4              300     -0.001464979     0.0019764989    -0.0027902385     0.0038070714    0.00011059866   -0.00014954698
           88.125            -22.4              300    -0.0014442584     0.0019510726    -0.0027724477     0.0037733382    0.00010984125   -0.00014837884
         88.59375            -22.4              300     -0.001423837     0.0019260782    -0.0027548675     0.0037399784    0.00010909214   -0.00014722439
          89.0625            -22.4              300    -0.0014037146     0.0019015154    -0.0027374979     0.0037069914    0.00010835131   -0.00014608366
         89.53125            -22.4              300     -0.001383891     0.0018773843    -0.0027203383     0.0036743772    0.00010761876   -0.00014495659
               90            -22.4              300    -0.0013643638     0.0018536069    -0.0027032793      0.003642092    0.00010690905   -0.00014382735
         90.46875            -22.4              300    -0.0013450776     0.0018300976    -0.0026861525     0.0036101458    0.00010621358   -0.00014269847
          90.9375            -22.4              300    -0.0013259895      0.001806967    -0.0026691365     0.0035786359    0.00010551618   -0.00014159412
         91.40625            -22.4              300    -0.0013071648      0.001784238    -0.0026523469     0.0035475094    0.00010482035   -0.00014050594
           91.875            -22.4              300    -0.0012886605     0.0017618493     -0.002635678     0.0035166885    0.00010412534   -0.00013942255
         92.34375            -22.4              300    -0.0012704766     0.0017398008    -0.0026191296     0.0034861728    0.00010343116   -0.00013834398
          92.8125            -22.4              300    -0.0012526131     0.0017180927     -0.002602702     0.0034559618    0.00010273783   -0.00013727021
         93.28125            -22.4              300    -0.0012350702     0.0016967249    -0.0025863955     0.0034260559     0.0001020453    -0.0001362012
            93.75            -22.4              300    -0.0012178476     0.0016756975    -0.0025702091     0.0033964561    0.00010135362   -0.00013513703
         94.21875            -22.4              300    -0.0012009455     0.0016550103     -0.002554144     0.0033671611    0.00010066276   -0.00013407762
          94.6875            -22.4              300    -0.0011843591     0.0016347107     -0.002538213       0.00333818    9.9960671e-05   -0.00013302664
         95.15625            -22.4              300    -0.0011681144     0.0016147256    -0.0025224062     0.0033094846    9.9312616e-05   -0.00013199537
           95.625            -22.4              300    -0.0011522553     0.0015949265    -0.0025067502      0.003281028    9.8685108e-05    -0.0001309723
         96.09375            -22.4              300    -0.0011367976     0.0015753991    -0.0024911731      0.003252886    9.8048637e-05   -0.00012995863
          96.5625            -22.4              300    -0.0011216785     0.0015561745    -0.0024756449     0.0032250443    9.7339449e-05     -0.000128927
         97.03125            -22.4              300    -0.0011068773      0.001537245    -0.0024602599     0.0031974535    9.6620701e-05   -0.00012790301
             97.5            -22.4              300    -0.0010924053     0.0015186307    -0.0024450137     0.0031701264     9.596294e-05    -0.0001269154
         97.96875            -22.4              300    -0.0010782761     0.0015002869    -0.0024299468     0.0031430433    9.5307572e-05   -0.00012592938
          98.4375            -22.4              300    -0.0010644895     0.0014822141    -0.0024150591     0.0031162042    9.4654555e-05   -0.00012494491
         98.90625            -22.4              300    -0.0010510457     0.0014644121    -0.0024003508     0.0030896089    9.4003917e-05   -0.00012396202
           99.375            -22.4              300    -0.0010379448      0.001446881    -0.0023858217     0.0030632573    9.3355644e-05   -0.00012298069
         99.84375            -22.4              300    -0.0010251867     0.0014296205    -0.0023714721     0.0030371493    9.2709735e-05   -0.00012200092
         100.3125            -22.4              300    -0.0010127714     0.0014126311    -0.0023573015     0.0030112856    9.2066199e-05   -0.00012102272
        100.78125            -22.4              300    -0.0010006956     0.0013959039    -0.0023433245     0.0029856588    9.1425449e-05   -0.00012004666
           101.25            -22.4              300   -0.00098896492      0.001379337    -0.0023296997     0.0029602107    9.0782232e-05    -0.0001190774
        101.71875            -22.4              300   -0.00097756519     0.0013630351    -0.0023162463     0.0029349865    9.0110952e-05   -0.00011810468
         102.1875            -22.4              300   -0.00096645422     0.0013469565    -0.0023030282     0.0029099472    8.9447043e-05   -0.00011714193
        102.65625            -22.4              300   -0.00095563201     0.0013311008    -0.0022900456     0.0028850934     8.879049e-05   -0.00011618913
          103.125            -22.4              300    -0.0009451005     0.0013154711    -0.0022772956     0.0028604264    8.8142406e-05   -0.00011524637
        103.59375            -22.4              300   -0.00093490264     0.0013001467    -0.0022647185     0.0028359909    8.7544264e-05   -0.00011431165
         104.0625            -22.4              300   -0.00092492875     0.0012850047    -0.0022524642     0.0028117108    8.6948225e-05   -0.00011337813
        104.53125            -22.4              300   -0.00091517897     0.0012700453    -0.0022405332     0.0027875849    8.6354266e-05   -0.00011244581
              105            -22.4              300   -0.00090569304     0.0012552532    -0.0022289779     0.0027635978    8.5747888e-05   -0.00011151317
