           x [mm]           y [mm]           z [mm]       HxRe [A/m]       HxIm [A/m]       HyRe [A/m]       HyIm [A/m]       HzRe [A/m]       HzIm [A/m]
---------------------------------------------------------------------------------------------------------------------------------------------------------
             -105            -22.4              300       0.16911308      -0.20684564       0.04925013       -0.0530858    -0.0021608607     0.0031212342
       -104.53125            -22.4              300       0.17375417      -0.21292129      0.052818831     -0.058296666    -0.0022321718     0.0032402868
        -104.0625            -22.4              300       0.17847005      -0.21905756      0.056652244     -0.063868314    -0.0023029717      0.003354308
       -103.59375            -22.4              300       0.18326052      -0.22525646      0.060770601     -0.069821015    -0.0023965104     0.0034973708
         -103.125            -22.4              300       0.18812555        -0.231518      0.065173917     -0.076154731    -0.0025127907     0.0036694799
       -102.65625            -22.4              300       0.19306515      -0.23784219      0.069862172     -0.082869492    -0.0026518111     0.0038706309
        -102.1875            -22.4              300       0.19807906      -0.24423121      0.074818239     -0.089952029    -0.0028188869     0.0041140723
       -101.71875            -22.4              300       0.20328614      -0.25082007      0.080170847     -0.097577058    -0.0029739414     0.0043456415
          -101.25            -22.4              300       0.20847371       -0.2573601      0.085783787      -0.10553697    -0.0031315582     0.0045800828
       -100.78125            -22.4              300       0.21366997       -0.2638824      0.091675699      -0.11385909    -0.0032682212     0.0047896593
        -100.3125            -22.4              300       0.21887892      -0.27039135      0.097850502      -0.12254906    -0.0033802362     0.0049699196
        -99.84375            -22.4              300       0.22410552      -0.27689198       0.10431342      -0.13161318     -0.003473575     0.0051276889
          -99.375            -22.4              300       0.22938725      -0.28341508       0.11117776      -0.14118241    -0.0036193486     0.0053465259
        -98.90625            -22.4              300       0.23466533      -0.28989458       0.11844347      -0.15125246     -0.003768506     0.0055722627
         -98.4375            -22.4              300       0.23993981      -0.29633042       0.12611051       -0.1618233    -0.0039210483     0.0058049029
        -97.96875            -22.4              300       0.24521066       -0.3027226       0.13417894      -0.17289495    -0.0040769791     0.0060444498
            -97.5            -22.4              300       0.25047791      -0.30907112        0.1426487      -0.18446743    -0.0042362874      0.006290894
        -97.03125            -22.4              300       0.25572032       -0.3153491       0.15157449      -0.19661623    -0.0044221454     0.0065787239
         -96.5625            -22.4              300       0.26074967      -0.32133928       0.16094318      -0.20929965    -0.0046024271     0.0068656285
        -96.09375            -22.4              300        0.2655316      -0.32700312       0.17072007        -0.222464    -0.0047558448     0.0071212817
          -95.625            -22.4              300       0.27006602      -0.33234075        0.1809051      -0.23610917    -0.0048823943     0.0073456727
        -95.15625            -22.4              300       0.27430734      -0.33729991       0.19164644      -0.25041726    -0.0050256606     0.0075925859
         -94.6875            -22.4              300       0.27835217      -0.34198463       0.20276947      -0.26516661    -0.0051423325     0.0078077735
        -94.21875            -22.4              300       0.28207505      -0.34625304       0.21405803      -0.28008327    -0.0052184621     0.0079727583
           -93.75            -22.4              300       0.28549859      -0.35013363        0.2257911      -0.29551983    -0.0053579053     0.0082078148
        -93.28125            -22.4              300       0.28867972      -0.35369325       0.23790152      -0.31139481    -0.0055571026     0.0085104993
         -92.8125            -22.4              300       0.29161841      -0.35693192        0.2503894      -0.32770818     -0.005816062     0.0088808127
        -92.34375            -22.4              300       0.29431465      -0.35984963       0.26325461      -0.34445998    -0.0061347866     0.0093187634
          -91.875            -22.4              300       0.29665461      -0.36231369       0.27656639      -0.36172748    -0.0064577302     0.0097629232
        -91.40625            -22.4              300       0.29834974      -0.36400241       0.29019395      -0.37933373    -0.0066975132      0.010113919
         -90.9375            -22.4              300       0.29941663      -0.36493987       0.30402601      -0.39714438    -0.0068798922      0.010399325
        -90.46875            -22.4              300       0.29985523      -0.36512622        0.3180626       -0.4151594    -0.0070048594      0.010619139
              -90            -22.4              300        0.2996791      -0.36457565       0.33231187      -0.43338916    -0.0070852353      0.010788274
        -89.53125            -22.4              300       0.29904097      -0.36345312       0.34681728      -0.45189261     -0.007250777      0.011057166
         -89.0625            -22.4              300       0.29786301      -0.36167872       0.36149272      -0.47056288    -0.0074155941      0.011325426
        -88.59375            -22.4              300       0.29614529      -0.35925254       0.37633812          -0.4894    -0.0075796731      0.011593036
          -88.125            -22.4              300       0.29388779      -0.35617453       0.39135355      -0.50840408    -0.0077430522      0.011860033
        -87.65625            -22.4              300       0.29100284      -0.35236007       0.40553695      -0.52640522    -0.0078550596      0.012056381
         -87.1875            -22.4              300       0.28747457      -0.34776694       0.42051619       -0.5452776    -0.0081461156      0.012458496
        -86.71875            -22.4              300       0.28326723      -0.34237778       0.43531573      -0.56389028    -0.0083898529      0.012805829
           -86.25            -22.4              300       0.27838722      -0.33620095       0.44988626      -0.58218694    -0.0085755726      0.013086041
        -85.78125            -22.4              300        0.2728346       -0.3292366       0.46422762      -0.60016745    -0.0087032095       0.01329905
         -85.3125            -22.4              300       0.26660928      -0.32148457       0.47833982      -0.61783183    -0.0087728016      0.013444911
        -84.84375            -22.4              300       0.25971135      -0.31294492       0.49222302      -0.63518012    -0.0087843528      0.013523624
          -84.375            -22.4              300       0.25212324      -0.30359289       0.50592673      -0.65227467    -0.0088892449       0.01370564
        -83.90625            -22.4              300       0.24386424      -0.29345775       0.51934403      -0.66898584    -0.0090457089      0.013946569
         -83.4375            -22.4              300       0.23493588      -0.28254172       0.53246814      -0.68530571    -0.0092451628      0.014236858
        -82.96875            -22.4              300       0.22533797      -0.27084464       0.54529732      -0.70123196     -0.009487085      0.014575887
            -82.5            -22.4              300       0.21513361      -0.25844973       0.55668783      -0.71544993    -0.0094703548      0.014609305
        -82.03125            -22.4              300       0.20477319      -0.24584661       0.56783128      -0.72933817     -0.009830839       0.01504509
         -81.5625            -22.4              300       0.19396168       -0.2327168       0.57849383      -0.74261278     -0.010400008      0.015705524
        -81.09375            -22.4              300       0.18256694       -0.2189191       0.58854687       -0.7551192     -0.010997729      0.016399998
          -80.625            -22.4              300        0.1703757      -0.20421818       0.59813589      -0.76699972     -0.011340772      0.016834909
        -80.15625            -22.4              300       0.15776208      -0.18902823       0.60705692      -0.77804792     -0.011608999      0.017180508
         -79.6875            -22.4              300       0.14472608      -0.17334925       0.61531007      -0.78826398     -0.011802422       0.01743681
        -79.21875            -22.4              300       0.13126773      -0.15718128       0.62289536      -0.79764777     -0.011921018      0.017603783
           -78.75            -22.4              300       0.11738695      -0.14052427       0.62981272      -0.80619943     -0.011964813      0.017681468
        -78.28125            -22.4              300       0.10308384      -0.12337824       0.63606226      -0.81391877     -0.011933789      0.017669827
         -77.8125            -22.4              300      0.088512234      -0.10591584       0.64157903      -0.82071531     -0.011753727      0.017496005
        -77.34375            -22.4              300      0.073909484     -0.088408276        0.6462453       -0.8264606     -0.011591619       0.01734489
          -76.875            -22.4              300      0.059270158     -0.070850268       0.65006053      -0.83115983     -0.011495172      0.017266687
        -76.40625            -22.4              300      0.044594266     -0.053241804       0.65302479      -0.83481288      -0.01146438      0.017261371
         -75.9375            -22.4              300       0.02988179     -0.035582893        0.6551379      -0.83741987     -0.011499245      0.017328955
        -75.46875            -22.4              300      0.014913921     -0.017634809        0.6563049      -0.83887249     -0.011570489      0.017436555
              -75            -22.4              300   -0.00011539747    0.00037556453       0.65677989      -0.83945537     -0.011526885      0.017408185
        -74.53125            -22.4              300     -0.015161298      0.018400948       0.65644968      -0.83904207     -0.011423757      0.017304335
         -74.0625            -22.4              300     -0.030223766      0.036441319       0.65531415      -0.83763272     -0.011261112       0.01712501
        -73.59375            -22.4              300      -0.04530279      0.054496676        0.6533733      -0.83522713     -0.011038943      0.016870216
          -73.125            -22.4              300     -0.060284428      0.072442174       0.65053165      -0.83172089      -0.01089555      0.016688364
        -72.65625            -22.4              300     -0.074618243      0.089671284       0.64645648      -0.82675457     -0.011396087      0.017190896
         -72.1875            -22.4              300     -0.089316361       0.10728361       0.64178175      -0.82099932     -0.011110049      0.016856413
        -71.71875            -22.4              300      -0.10364897       0.12447567       0.63640642      -0.81437314     -0.010869594      0.016570605
           -71.25            -22.4              300      -0.11761608       0.14124745       0.63033056      -0.80687606     -0.010674707      0.016333465
        -70.78125            -22.4              300      -0.13121769       0.15759897       0.62355399      -0.79850811     -0.010525422      0.016145017
         -70.3125            -22.4              300      -0.14445378       0.17353021       0.61607683      -0.78926909     -0.010421697      0.016005233
        -69.84375            -22.4              300      -0.15732443       0.18904123       0.60789901      -0.77915937     -0.010363572      0.015914146
          -69.375            -22.4              300      -0.16988054       0.20419134       0.59892642      -0.76807284     -0.010441516      0.015967524
        -68.90625            -22.4              300      -0.18194416       0.21878447        0.5889774      -0.75581086     -0.010317979      0.015805658
         -68.4375            -22.4              300      -0.19345857       0.23273847       0.57823193      -0.74257165     -0.010190998      0.015614818
        -67.96875            -22.4              300      -0.20458758       0.24624074       0.56681669      -0.72849822     -0.010024976       0.01537035
            -67.5            -22.4              300       -0.2152712       0.25922388       0.55596089       -0.7149362     -0.010026792      0.015324462
        -67.03125            -22.4              300      -0.22532737       0.27147168       0.54442179      -0.70052123    -0.0099254176       0.01516781
         -66.5625            -22.4              300      -0.23485141       0.28308696       0.53170317      -0.68473947    -0.0096575841      0.014810537
        -66.09375            -22.4              300      -0.24374166       0.29396135       0.51871789      -0.66859519    -0.0093625598      0.014418898
          -65.625            -22.4              300      -0.25181884       0.30389079       0.50511396      -0.65169591    -0.0095319897      0.014491233
        -65.15625            -22.4              300      -0.25953934       0.31339145       0.49165577       -0.6348812    -0.0090898555      0.013933084
         -64.6875            -22.4              300       -0.2665197       0.32202971       0.47801507      -0.61780399    -0.0086795716      0.013409796
        -64.21875            -22.4              300      -0.27263939        0.3296769       0.46405295      -0.60031509    -0.0084997155      0.013135915
           -63.75            -22.4              300      -0.27813777       0.33659583       0.44979891      -0.58244145    -0.0083381478       0.01288142
        -63.28125            -22.4              300      -0.28301483       0.34278631       0.43525296      -0.56418264    -0.0081948508       0.01264629
         -62.8125            -22.4              300      -0.28727061       0.34824845       0.42041513      -0.54553896    -0.0080698412      0.012430551
        -62.34375            -22.4              300      -0.29085827       0.35292667       0.40533045      -0.52655947    -0.0079421708      0.012212059
          -61.875            -22.4              300      -0.29371083       0.35673055       0.39036652      -0.50767338     -0.007755924      0.011930838
        -61.40625            -22.4              300      -0.29598784       0.35984343       0.37555239      -0.48892927    -0.0075670867      0.011645462
         -60.9375            -22.4              300      -0.29768941       0.36226538         0.360888      -0.47032717    -0.0073756333      0.011355918
        -60.46875            -22.4              300       -0.2988154       0.36399633       0.34637344      -0.45186704     -0.007181576      0.011062214
              -60            -22.4              300      -0.29936585       0.36503628       0.33200866      -0.43354887    -0.0069849198      0.010764358
        -59.53125            -22.4              300      -0.29934087       0.36538529       0.31779361      -0.41537273    -0.0067856628      0.010462338
         -59.0625            -22.4              300      -0.29874033       0.36504328        0.3037284      -0.39733857    -0.0065837912      0.010156156
        -58.59375            -22.4              300      -0.29792932       0.36441806       0.28998169      -0.37964624    -0.0065796217      0.010070226
          -58.125            -22.4              300      -0.29626665       0.36278236        0.2762959      -0.36198452     -0.006391969     0.0097825192
        -57.65625            -22.4              300       -0.2940166       0.36043501       0.26292685      -0.34466144    -0.0061385627     0.0094222799
         -57.1875            -22.4              300      -0.29125991       0.35746753        0.2499072       -0.3277173    -0.0058573904     0.0090314858
        -56.71875            -22.4              300      -0.28825012       0.35416108       0.23744971      -0.31142113    -0.0056031542     0.0086753024
           -56.25            -22.4              300      -0.28485119       0.35037011       0.22528721      -0.29547921    -0.0053324299     0.0082950816
        -55.78125            -22.4              300      -0.28127414       0.34633082       0.21354774      -0.28003347    -0.0051107984     0.0079698162
         -55.3125            -22.4              300      -0.27745074       0.34196734       0.20218131      -0.26502308    -0.0049234987      0.007683944
        -54.84375            -22.4              300      -0.27336067       0.33725715       0.19117188      -0.25042853    -0.0047650137     0.0074318568
          -54.375            -22.4              300      -0.26900387       0.33220014       0.18051946      -0.23624982    -0.0046353489     0.0072135627
        -53.90625            -22.4              300      -0.26462108       0.32706398       0.17022678      -0.22249544    -0.0045189657     0.0069967359
         -53.4375            -22.4              300      -0.25994086       0.32153437       0.16058145      -0.20950979    -0.0044765375     0.0068650735
        -52.96875            -22.4              300      -0.25506437       0.31573763       0.15136231      -0.19703484    -0.0044176122     0.0067145685
            -52.5            -22.4              300      -0.25001389        0.3096998       0.14255407      -0.18505292    -0.0043321382     0.0065335068
        -52.03125            -22.4              300      -0.24478951       0.30342087       0.13415675      -0.17356405    -0.0042201215     0.0063218926
         -51.5625            -22.4              300      -0.23945548       0.29697603       0.12611693      -0.16251656    -0.0040803468     0.0060883346
        -51.09375            -22.4              300       -0.2341021       0.29047444       0.11842487       -0.1519096    -0.0039444696     0.0058645406
          -50.625            -22.4              300      -0.22872949       0.28391674       0.11108595       -0.1417491    -0.0038153366     0.0056522102
        -50.15625            -22.4              300      -0.22333772       0.27730286       0.10410018      -0.13203505    -0.0036929529     0.0054513505
         -49.6875            -22.4              300      -0.21792677       0.27063286      0.097467549      -0.12276747    -0.0035773085     0.0052619521
        -49.21875            -22.4              300      -0.21250944       0.26392204      0.091178194       -0.1139347     -0.003455424     0.0050699436
           -48.75            -22.4              300      -0.20728353       0.25739977      0.085204139      -0.10551936    -0.0032093502     0.0047429446
        -48.28125            -22.4              300      -0.20224018       0.25104964      0.079650916     -0.097658768    -0.0029138154     0.0043584211
         -47.8125            -22.4              300      -0.19717467       0.24464417      0.074505046     -0.090323567     -0.002842031      0.004226869
        -47.34375            -22.4              300      -0.19213909        0.2382561      0.069589831     -0.083296701      -0.00278999     0.0041173487
          -46.875            -22.4              300      -0.18715324       0.23190826      0.064895183     -0.076566815    -0.0027229069     0.0039903894
        -46.40625            -22.4              300      -0.18214963       0.22551969      0.060532667     -0.070282727    -0.0026083754     0.0038205467
         -45.9375            -22.4              300       -0.1772771         0.219264      0.056417406     -0.064344406    -0.0024957263     0.0036577079
        -45.46875            -22.4              300      -0.17255129       0.21315843      0.052544978     -0.058745876    -0.0023809688     0.0034926964
              -45            -22.4              300      -0.16796461       0.20719357      0.048919614     -0.053490095    -0.0022724499     0.0033281276
        -44.53125            -22.4              300       -0.1634815       0.20133151      0.045535848     -0.048570022    -0.0021993555     0.0032079858
         -44.0625            -22.4              300      -0.15908737       0.19556038      0.042362802     -0.043951735    -0.0021372065     0.0031002364
        -43.59375            -22.4              300      -0.15480371       0.18991752      0.039345078     -0.039570652     -0.002070664     0.0029870602
          -43.125            -22.4              300      -0.15063277       0.18440586      0.036481708      -0.03542551    -0.0020005952     0.0028697238
        -42.65625            -22.4              300      -0.14657457       0.17902543      0.033772673     -0.031516284    -0.0019270024     0.0027482267
         -42.1875            -22.4              300      -0.14262912       0.17377625      0.031217985     -0.027842989    -0.0018498832     0.0026225687
        -41.71875            -22.4              300      -0.13880782        0.1686736      0.028816452     -0.024409717    -0.0017699528     0.0024956085
           -41.25            -22.4              300      -0.13518274       0.16381022      0.026576011     -0.021257531    -0.0016889351     0.0023805047
        -40.78125            -22.4              300      -0.13158609       0.15897295      0.024449948     -0.018256078    -0.0015770333     0.0022249147
         -40.3125            -22.4              300      -0.12806894       0.15423323      0.022434501     -0.015428803    -0.0014836444     0.0020952891
        -39.84375            -22.4              300      -0.12463131       0.14959116      0.020529665     -0.012775712    -0.0014087697     0.0019916289
          -39.375            -22.4              300      -0.12128405       0.14507307      0.018708736     -0.010237914    -0.0013844086     0.0019284621
        -38.90625            -22.4              300      -0.11813267       0.14079893      0.017037248    -0.0079867765    -0.0013419094     0.0018558435
         -38.4375            -22.4              300      -0.11506481       0.13664053      0.015442099    -0.0058716638    -0.0012946345     0.0017812229
        -37.96875            -22.4              300      -0.11206974       0.13258672      0.013912676    -0.0038718572    -0.0012470286     0.0017078381
            -37.5            -22.4              300      -0.10914746       0.12863755       0.01244898    -0.0019873502     -0.001199092     0.0016356892
        -37.03125            -22.4              300      -0.10629795       0.12479299       0.01105101   -0.00021815067     -0.001150823     0.0015647747
         -36.5625            -22.4              300      -0.10352124       0.12105303     0.0097187646     0.0014357454    -0.0011022221     0.0014950951
        -36.09375            -22.4              300      -0.10081732       0.11741768      0.008452245     0.0029743398    -0.0010532918     0.0014266525
          -35.625            -22.4              300     -0.098214358       0.11391695     0.0072706337     0.0043757926    -0.0010114757     0.0013405441
        -35.15625            -22.4              300     -0.095700651       0.11053878     0.0061687049     0.0056418581   -0.00097278168      0.001249895
         -34.6875            -22.4              300     -0.093271405       0.10727815      0.005143451      0.006775571   -0.00093585881     0.0011584146
        -34.21875            -22.4              300     -0.090849847       0.10406412     0.0040945597     0.0079327486   -0.00086206984      0.001086783
           -33.75            -22.4              300     -0.088489406       0.10096653      0.003062739     0.0090548983   -0.00078546419     0.0010154485
        -33.28125            -22.4              300     -0.086228065      0.098011084     0.0021178159      0.010036796   -0.00076082128    0.00096775818
         -32.8125            -22.4              300     -0.084019691       0.09514305     0.0012213668      0.010926803    -0.0007279623     0.0009189765
        -32.34375            -22.4              300     -0.081861973      0.092358857     0.0003655995      0.011752507   -0.00069307094    0.00087115006
          -31.875            -22.4              300     -0.079754904      0.089658543    -0.0004494857      0.012513909   -0.00065614673    0.00082427863
        -31.40625            -22.4              300     -0.077698469      0.087042063    -0.0012238892      0.013211008   -0.00061718997    0.00077836215
         -30.9375            -22.4              300     -0.075692691       0.08450944    -0.0019576116      0.013843807   -0.00057620049    0.00073340099
        -30.46875            -22.4              300     -0.073733486      0.082048118    -0.0026558796      0.014424822   -0.00053281488     0.0006877954
              -30            -22.4              300     -0.071814418      0.079661384    -0.0033266619      0.014976961   -0.00050511991    0.00063679047
        -29.53125            -22.4              300     -0.069938987      0.077355601    -0.0039647762      0.015491898   -0.00048836891    0.00059305644
         -29.0625            -22.4              300     -0.068126082      0.075153843    -0.0045613488      0.015959883   -0.00047250208    0.00056002772
        -28.59375            -22.4              300     -0.066353396      0.073018581    -0.0051251296       0.01638536   -0.00045464764    0.00052728056
          -28.125            -22.4              300     -0.064618036      0.070945658    -0.0056573623      0.016769372   -0.00043541944    0.00049389631
        -27.65625            -22.4              300     -0.062920026      0.068935081     -0.006158046      0.017111922   -0.00041481748    0.00045987492
         -27.1875            -22.4              300     -0.061259348      0.066986836    -0.0066271806      0.017413002    -0.0003928415    0.00042521628
        -26.71875            -22.4              300     -0.059636015       0.06510096    -0.0070647639      0.017672619   -0.00036949161    0.00038992043
           -26.25            -22.4              300     -0.058042184       0.06327229    -0.0074778097      0.017911358   -0.00033221129     0.0003503226
        -25.78125            -22.4              300     -0.056482408      0.061495457    -0.0078650936      0.018123588   -0.00030142139    0.00031731962
         -25.3125            -22.4              300     -0.054956801      0.059770443    -0.0082265353      0.018309051    -0.0002774435    0.00029105257
        -24.84375            -22.4              300     -0.053480789      0.058107797     -0.008556609      0.018471371   -0.00025880395    0.00026871852
          -24.375            -22.4              300     -0.052047104      0.056498989    -0.0088571589      0.018616971   -0.00023895592     0.0002450968
        -23.90625            -22.4              300     -0.050654877      0.054943308    -0.0091284644      0.018745922   -0.00021773198    0.00022011796
         -23.4375            -22.4              300     -0.049304124      0.053440738    -0.0093705263      0.018858228   -0.00019513266    0.00019378241
        -22.96875            -22.4              300     -0.047993168       0.05199093    -0.0095850984      0.018952053   -0.00017428213    0.00016785043
            -22.5            -22.4              300     -0.046708241      0.050582893    -0.0097846501      0.019020006   -0.00016557143     0.0001482899
        -22.03125            -22.4              300     -0.045452029      0.049212102    -0.0099677322      0.019070262   -0.00015449678    0.00012892782
         -21.5625            -22.4              300     -0.044226952      0.047881424     -0.010131798      0.019105513   -0.00014128249    0.00010999382
        -21.09375            -22.4              300     -0.043033157      0.046591129     -0.010276073      0.019125968   -0.00012603856    9.1136579e-05
          -20.625            -22.4              300     -0.041870642      0.045341223     -0.010400559      0.019131627   -0.00010876634    7.2357019e-05
        -20.15625            -22.4              300      -0.04073941      0.044131704     -0.010505254      0.019122491   -8.9464447e-05    5.3654014e-05
         -19.6875            -22.4              300     -0.039639454      0.042962562     -0.010590158      0.019098556   -6.8133901e-05    3.5028414e-05
        -19.21875            -22.4              300      -0.03857065      0.041831024     -0.010656399      0.019059973   -4.8582151e-05    1.7374989e-05
           -18.75            -22.4              300     -0.037531976      0.040730819     -0.010711177      0.019012859   -3.2925658e-05    9.2789151e-07
        -18.28125            -22.4              300     -0.036525637      0.039660957     -0.010757091      0.018961057   -2.1311995e-05    -1.543247e-05
         -17.8125            -22.4              300     -0.035551287      0.038623117     -0.010791978      0.018902732   -1.4009489e-05   -2.9924977e-05
        -17.34375            -22.4              300      -0.03460893      0.037617303     -0.010815838      0.018837892   -1.1018055e-05   -4.2549618e-05
          -16.875            -22.4              300     -0.033693925      0.036644794     -0.010824203      0.018760633   -6.5787717e-06   -5.2779185e-05
        -16.40625            -22.4              300     -0.032803226      0.035700105     -0.010822235      0.018674072    1.3334284e-06   -6.3585147e-05
         -15.9375            -22.4              300      -0.03193792      0.034781754     -0.010812494      0.018580902    1.1035047e-05   -7.5710799e-05
        -15.46875            -22.4              300      -0.03109788      0.033889309     -0.010795363      0.018481363    2.2529443e-05   -8.9003239e-05
              -15            -22.4              300     -0.030285297      0.033022098     -0.010773303      0.018378707    3.5190558e-05    -0.0001019835
        -14.53125            -22.4              300     -0.029500151      0.032185055     -0.010742004      0.018271092    4.7181617e-05   -0.00011446087
         -14.0625            -22.4              300     -0.028738394      0.031372596     -0.010704303      0.018158013    5.6953621e-05   -0.00012509944
        -13.59375            -22.4              300     -0.028000016      0.030584719     -0.010660198      0.018039471    6.4506617e-05    -0.0001338993
          -13.125            -22.4              300     -0.027285021      0.029821426     -0.010609693      0.017915469     6.984036e-05   -0.00014086009
        -12.65625            -22.4              300     -0.026590107      0.029078862     -0.010553161       0.01778619    7.3559524e-05   -0.00014736324
         -12.1875            -22.4              300      -0.02591344      0.028353235      -0.01049464      0.017654683    7.7695302e-05   -0.00015666871
        -11.71875            -22.4              300     -0.025267694      0.027658502     -0.010432767      0.017520493    8.2417588e-05   -0.00016481231
           -11.25            -22.4              300     -0.024640324       0.02698312     -0.010368369      0.017383568    8.7423279e-05   -0.00017267038
        -10.78125            -22.4              300     -0.024030065      0.026325803     -0.010301682      0.017244022    9.2661401e-05   -0.00018049672
         -10.3125            -22.4              300     -0.023436923      0.025686553     -0.010232706      0.017101854    9.8131975e-05   -0.00018829126
         -9.84375            -22.4              300      -0.02286089      0.025065368     -0.010161437       0.01695706    0.00010383467   -0.00019605394
           -9.375            -22.4              300     -0.022301974      0.024462251     -0.010087881      0.016809646    0.00010976996   -0.00020378485
         -8.90625            -22.4              300     -0.021758003      0.023875169      -0.01001309      0.016660189    0.00011539623   -0.00021004444
          -8.4375            -22.4              300      -0.02122814      0.023303023    -0.0099381516      0.016509535    0.00012035825   -0.00021411761
         -7.96875            -22.4              300     -0.020714382      0.022747582    -0.0098623196      0.016357366     0.0001251061   -0.00021727984
             -7.5            -22.4              300     -0.020216174      0.022207806    -0.0097873025      0.016204981    0.00013079743   -0.00022097401
         -7.03125            -22.4              300     -0.019736538      0.021688512    -0.0097106369      0.016050212    0.00013521357   -0.00022641494
          -6.5625            -22.4              300     -0.019268194      0.021182036    -0.0096343849      0.015895709    0.00013909675   -0.00023148792
         -6.09375            -22.4              300      -0.01881114       0.02068837    -0.0095585454      0.015741481    0.00014244718    -0.0002361932
           -5.625            -22.4              300     -0.018365378      0.020207521    -0.0094831167      0.015587525    0.00014526473   -0.00024053059
         -5.15625            -22.4              300     -0.017930992      0.019739594    -0.0094080437      0.015433734     0.0001476356   -0.00024442916
          -4.6875            -22.4              300     -0.017508304      0.019285079     -0.009332804       0.01527941    0.00015024209   -0.00024765593
         -4.21875            -22.4              300     -0.017096849      0.018843401    -0.0092574842      0.015124927    0.00015285469   -0.00025063357
            -3.75            -22.4              300     -0.016696628      0.018414564    -0.0091820862      0.014970286    0.00015547323   -0.00025336206
         -3.28125            -22.4              300     -0.016307645      0.017998567    -0.0091066109      0.014815485    0.00015809787   -0.00025584147
          -2.8125            -22.4              300     -0.015930496      0.017595951    -0.0090308795      0.014660295    0.00016021973   -0.00025824609
         -2.34375            -22.4              300     -0.015565283        0.0172069    -0.0089548435      0.014504594    0.00016187145   -0.00026050574
           -1.875            -22.4              300     -0.015208418      0.016827779    -0.0088800034      0.014350369      0.000162093   -0.00026221544
         -1.40625            -22.4              300     -0.014857286      0.016455695    -0.0088062091      0.014198202    0.00016193071   -0.00026402046
          -0.9375            -22.4              300     -0.014513971      0.016092166    -0.0087304637      0.014045133    0.00016499269   -0.00026566657
         -0.46875            -22.4              300     -0.014180753      0.015741792    -0.0086550843      0.013893466     0.0001675914   -0.00026830132
                0            -22.4              300     -0.013854977      0.015399881    -0.0085795643      0.013742906    0.00016989344   -0.00027061187
          0.46875            -22.4              300     -0.013536642      0.015066423    -0.0085038999      0.013593449    0.00017189888   -0.00027259818
           0.9375            -22.4              300     -0.013225747      0.014741426     -0.008428094      0.013445096    0.00017360787   -0.00027426044
          1.40625            -22.4              300     -0.012922294       0.01442489    -0.0083521446      0.013297849    0.00017502009   -0.00027559837
            1.875            -22.4              300     -0.012626224      0.014116803    -0.0082759913      0.013151607    0.00017617349   -0.00027656645
          2.34375            -22.4              300     -0.012337592      0.013817331    -0.0081996592      0.013006364    0.00017706158   -0.00027716983
           2.8125            -22.4              300     -0.012056489      0.013526538    -0.0081232321      0.012862233    0.00017764003   -0.00027746017
          3.28125            -22.4              300     -0.011782906      0.013244423    -0.0080467071      0.012719214    0.00017790905   -0.00027743756
             3.75            -22.4              300      -0.01151662      0.012970378    -0.0079699364      0.012577115    0.00017786986   -0.00027717877
          4.21875            -22.4              300     -0.011256961      0.012702944    -0.0078930333      0.012437806    0.00017866466   -0.00027748715
           4.6875            -22.4              300       -0.0110034      0.012442132    -0.0078162123      0.012300204    0.00017954435   -0.00027781469
          5.15625            -22.4              300     -0.010755717      0.012187431    -0.0077393278      0.012163789    0.00018027854   -0.00027808413
            5.625            -22.4              300     -0.010513912      0.011938847    -0.0076623792      0.012028565     0.0001808672   -0.00027829554
          6.09375            -22.4              300     -0.010277985      0.011696376    -0.0075853663      0.011894528    0.00018131026   -0.00027844892
           6.5625            -22.4              300     -0.010047936      0.011460019    -0.0075082886      0.011761682    0.00018160792   -0.00027854426
          7.03125            -22.4              300    -0.0098237647      0.011229775    -0.0074311467      0.011630024    0.00018175994   -0.00027858149
              7.5            -22.4              300     -0.009605472      0.011005646    -0.0073539405      0.011499555    0.00018176647   -0.00027856071
          7.96875            -22.4              300    -0.0093930569       0.01078763    -0.0072766691      0.011370275    0.00018162746   -0.00027848186
           8.4375            -22.4              300    -0.0091865212      0.010575727    -0.0071993354      0.011242184    0.00018134298   -0.00027834496
          8.90625            -22.4              300    -0.0089858621      0.010369939    -0.0071219355      0.011115284    0.00018091296   -0.00027815005
            9.375            -22.4              300    -0.0087903552      0.010169859    -0.0070446613      0.010989179    0.00018155419   -0.00027871603
          9.84375            -22.4              300    -0.0085988082     0.0099710347    -0.0069685462      0.010865055      0.000181154   -0.00027781105
          10.3125            -22.4              300    -0.0084129041      0.009776759    -0.0068936236      0.010743241    0.00018154549   -0.00027729227
         10.78125            -22.4              300      -0.00823275     0.0095868306    -0.0068196002       0.01062366    0.00018216688   -0.00027683529
            11.25            -22.4              300    -0.0080584902     0.0094050104    -0.0067448886      0.010505177    0.00018145468   -0.00027601421
         11.71875            -22.4              300    -0.0078883441     0.0092268772    -0.0066710724      0.010387945    0.00018097123    -0.0002751456
          12.1875            -22.4              300    -0.0077223112     0.0090524303    -0.0065981527      0.010271962    0.00018071673   -0.00027422959
         12.65625            -22.4              300    -0.0075605176     0.0088815568    -0.0065261386      0.010157336    0.00018075375   -0.00027338788
           13.125            -22.4              300    -0.0074031898     0.0087144151    -0.0064548338      0.010044089    0.00018088706   -0.00027272644
         13.59375            -22.4              300    -0.0072501218     0.0085513778    -0.0063841143     0.0099319583    0.00018086085   -0.00027199136
          14.0625            -22.4              300    -0.0071013127      0.008392442    -0.0063139801     0.0098209446    0.00018067515   -0.00027118268
         14.53125            -22.4              300    -0.0069567626     0.0082376087    -0.0062444303     0.0097110495    0.00018032995   -0.00027030034
               15            -22.4              300    -0.0068161641     0.0080862409    -0.0061761183      0.009602665    0.00017983705   -0.00026946835
         15.46875            -22.4              300    -0.0066795014     0.0079375263    -0.0061100223     0.0094965864    0.00017918028   -0.00026874978
          15.9375            -22.4              300    -0.0065474403      0.007793352    -0.0060439659     0.0093916925    0.00017866188   -0.00026779849
         16.40625            -22.4              300    -0.0064183949      0.007652075     -0.005978981     0.0092880055    0.00017813743   -0.00026680651
           16.875            -22.4              300    -0.0062923669     0.0075136954    -0.0059150681     0.0091855256    0.00017760679   -0.00026577368
         17.34375            -22.4              300     -0.006169355     0.0073782112    -0.0058522266     0.0090842517    0.00017707006   -0.00026470001
          17.8125            -22.4              300    -0.0060493601     0.0072456258    -0.0057904571     0.0089841839    0.00017652722   -0.00026358559
         18.28125            -22.4              300    -0.0059323823     0.0071159373    -0.0057297591     0.0088853221     0.0001759782   -0.00026243037
            18.75            -22.4              300     -0.005818421     0.0069891457     -0.005670134     0.0087876664    0.00017542312   -0.00026123435
         19.21875            -22.4              300    -0.0057074167     0.0068652364    -0.0056114844     0.0086911228     0.0001747089   -0.00025992969
          19.6875            -22.4              300    -0.0055992501     0.0067442078    -0.0055535957     0.0085954983    0.00017348047   -0.00025836084
         20.15625            -22.4              300    -0.0054934607     0.0066252844    -0.0054976461     0.0085016144    0.00017325566   -0.00025733435
           20.625            -22.4              300    -0.0053906939     0.0065097553    -0.0054417513     0.0084084012    0.00017260131   -0.00025617017
         21.09375            -22.4              300    -0.0052898917     0.0063963528    -0.0053872899     0.0083166063    0.00017197136   -0.00025493646
          21.5625            -22.4              300    -0.0051912549     0.0062853196    -0.0053339377     0.0082260277    0.00017132596   -0.00025365423
         22.03125            -22.4              300    -0.0050947852     0.0061766552    -0.0052816952     0.0081366645    0.00017066509   -0.00025232349
             22.5            -22.4              300    -0.0050004814     0.0060703587    -0.0052305609     0.0080485158    0.00016998879   -0.00025094429
         22.96875            -22.4              300    -0.0049083428     0.0059664305    -0.0051805368     0.0079615824    0.00016929703   -0.00024951657
          23.4375            -22.4              300     -0.004818372     0.0058648717    -0.0051316214     0.0078758653    0.00016858985   -0.00024804042
         23.90625            -22.4              300    -0.0047305664     0.0057656798    -0.0050838152     0.0077913613    0.00016786717   -0.00024651567
           24.375            -22.4              300    -0.0046448838     0.0056688245     -0.005037101     0.0077080615    0.00016714445      -0.00024495
         24.84375            -22.4              300     -0.004560424     0.0055735628     -0.004990825      0.007625577    0.00016652883   -0.00024342778
          25.3125            -22.4              300    -0.0044775698     0.0054801754    -0.0049448917     0.0075439801    0.00016573988   -0.00024190448
         25.78125            -22.4              300    -0.0043962118     0.0053886548    -0.0048995516     0.0074633947    0.00016490949   -0.00024044191
            26.25            -22.4              300      -0.00431635     0.0052990019    -0.0048548062     0.0073838201    0.00016403761   -0.00023904008
         26.71875            -22.4              300    -0.0042380006     0.0052112439    -0.0048106997     0.0073052496     0.0001631366   -0.00023769632
          27.1875            -22.4              300     -0.004161329     0.0051255673     -0.004767349     0.0072275745    0.00016231468   -0.00023638897
         27.65625            -22.4              300    -0.0040862886     0.0050418805    -0.0047246153        0.0071508    0.00016156303   -0.00023510524
           28.125            -22.4              300    -0.0040124515     0.0049598115    -0.0046827495     0.0070751719    0.00016081838   -0.00023372317
         28.59375            -22.4              300    -0.0039398288     0.0048793005    -0.0046414337     0.0070005842    0.00016004407   -0.00023225337
          29.0625            -22.4              300    -0.0038684215     0.0048003495    -0.0046006679     0.0069270357     0.0001592402   -0.00023069589
         29.53125            -22.4              300    -0.0037982592     0.0047229831    -0.0045604166     0.0068545542    0.00015841991   -0.00022905604
               30            -22.4              300    -0.0037295497     0.0046472745    -0.0045203362     0.0067831576    0.00015766828   -0.00022743767
         30.46875            -22.4              300    -0.0036621117     0.0045729838    -0.0044805706      0.006712554    0.00015689989   -0.00022586052
          30.9375            -22.4              300    -0.0035959459     0.0045001116    -0.0044411202     0.0066427444    0.00015611477   -0.00022432463
         31.40625            -22.4              300    -0.0035310523     0.0044286577    -0.0044019856     0.0065737292     0.0001553129   -0.00022282993
           31.875            -22.4              300    -0.0034674304     0.0043586208    -0.0043631671     0.0065055052    0.00015449426   -0.00022137644
         32.34375            -22.4              300    -0.0034050811     0.0042900024    -0.0043246634     0.0064380756     0.0001536589   -0.00021996416
          32.8125            -22.4              300    -0.0033440038     0.0042228024     -0.004286475     0.0063714404    0.00015280678   -0.00021859312
         33.28125            -22.4              300    -0.0032838101     0.0041566538    -0.0042488105     0.0063060638    0.00015218141   -0.00021718969
            33.75            -22.4              300    -0.0032248183     0.0040918076    -0.0042114747     0.0062414603    0.00015174452   -0.00021570895
         34.21875            -22.4              300    -0.0031673617     0.0040284111    -0.0041741286     0.0061775753    0.00015086574   -0.00021414566
          34.6875            -22.4              300    -0.0031110046     0.0039662323    -0.0041370769     0.0061146575    0.00014991872   -0.00021265414
         35.15625            -22.4              300    -0.0030558156       0.00390522    -0.0041003246     0.0060525159    0.00014904833   -0.00021119538
           35.625            -22.4              300     -0.003001817     0.0038453834    -0.0040638447     0.0059911562    0.00014818567   -0.00020974643
         36.09375            -22.4              300    -0.0029490085     0.0037867231    -0.0040276377     0.0059305788    0.00014733076   -0.00020830729
          36.5625            -22.4              300    -0.0028973906     0.0037292389    -0.0039917035     0.0058707828    0.00014648354   -0.00020687794
         37.03125            -22.4              300     -0.002846963     0.0036729302    -0.0039560418     0.0058117681    0.00014564408   -0.00020545843
             37.5            -22.4              300    -0.0027977256     0.0036177982    -0.0039206534     0.0057535358    0.00014481234   -0.00020404873
         37.96875            -22.4              300    -0.0027496512     0.0035635764    -0.0038855977     0.0056960336    0.00014418896   -0.00020266729
          38.4375            -22.4              300    -0.0027027265      0.003510152    -0.0038509229     0.0056392844    0.00014369506   -0.00020128573
         38.90625            -22.4              300    -0.0026568798     0.0034578482     -0.003816575     0.0055832579    0.00014294568    -0.0001998646
           39.375            -22.4              300    -0.0026121046       0.00340654     -0.003782576     0.0055279261    0.00014213541   -0.00019840882
         39.84375            -22.4              300    -0.0025682957     0.0033562682    -0.0037489433     0.0054731779    0.00014116932    -0.0001969396
          40.3125            -22.4              300    -0.0025255166     0.0033068657    -0.0037157768     0.0054191109    0.00014015203   -0.00019550257
         40.78125            -22.4              300    -0.0024838301     0.0032582935     -0.003683039      0.005365801    0.00013918438   -0.00019410628
            41.25            -22.4              300    -0.0024431995     0.0032106335    -0.0036506122     0.0053132363    0.00013832051   -0.00019274959
         41.71875            -22.4              300    -0.0024035804     0.0031639098    -0.0036185393     0.0052613686    0.00013748791   -0.00019141725
          42.1875            -22.4              300    -0.0023649724     0.0031181227    -0.0035868213      0.005210198    0.00013668656   -0.00019010925
         42.65625            -22.4              300    -0.0023274356     0.0030732425     -0.003555567     0.0051597613    0.00013595397    -0.0001888165
           43.125            -22.4              300    -0.0022908389      0.003029126    -0.0035248927     0.0051099956    0.00013526883    -0.0001875086
         43.59375            -22.4              300    -0.0022550314     0.0029857594    -0.0034946713     0.0050608106    0.00013456149   -0.00018618748
          44.0625            -22.4              300    -0.0022200134     0.0029431432    -0.0034649028     0.0050122077      0.000133832   -0.00018485311
         44.53125            -22.4              300    -0.0021857854     0.0029012775    -0.0034355866     0.0049641863    0.00013308036   -0.00018350553
               45            -22.4              300    -0.0021523468     0.0028601622     -0.003406723     0.0049167466    0.00013230657   -0.00018214474
         45.46875            -22.4              300    -0.0021195982     0.0028197481    -0.0033784704     0.0048698704    0.00013170486   -0.00018086722
          45.9375            -22.4              300    -0.0020875817     0.0027800777    -0.0033506788     0.0048235776    0.00013116885   -0.00017963066
         46.40625            -22.4              300    -0.0020565144      0.002741185    -0.0033232158     0.0047779074    0.00013033244   -0.00017826475
           46.875            -22.4              300    -0.0020260504     0.0027028993    -0.0032963078     0.0047328169    0.00012951561   -0.00017692041
         47.34375            -22.4              300    -0.0019961889      0.002665221    -0.0032699546     0.0046883058    0.00012871837   -0.00017559771
          47.8125            -22.4              300    -0.0019669302     0.0026281492    -0.0032441558      0.004644373    0.00012794069    -0.0001742966
         48.28125            -22.4              300    -0.0019382676      0.002591725    -0.0032189591     0.0046010385    0.00012723442   -0.00017304083
            48.75            -22.4              300    -0.0019101559     0.0025559952    -0.0031941026     0.0045582145    0.00012648696   -0.00017178533
         49.21875            -22.4              300    -0.0018826067     0.0025209214      -0.00316968     0.0045159408    0.00012572485   -0.00017052257
          49.6875            -22.4              300    -0.0018556234     0.0024865053    -0.0031456922     0.0044742166    0.00012494207   -0.00016925161
         50.15625            -22.4              300    -0.0018292066      0.002452746     -0.003122139     0.0044330419    0.00012413862   -0.00016797241
           50.625            -22.4              300    -0.0018030878     0.0024194582    -0.0030990185     0.0043923883    0.00012339005   -0.00016671358
         51.09375            -22.4              300    -0.0017775006     0.0023867879    -0.0030762646     0.0043522008    0.00012273292   -0.00016550523
          51.5625            -22.4              300    -0.0017524096     0.0023547078    -0.0030539292     0.0043125073    0.00012209421   -0.00016431244
         52.03125            -22.4              300    -0.0017276666     0.0023231297    -0.0030320073     0.0042732996     0.0001214498   -0.00016311787
             52.5            -22.4              300    -0.0017032721     0.0022920538    -0.0030104991     0.0042345775    0.00012079965    -0.0001619215
         52.96875            -22.4              300    -0.0016792108     0.0022615008    -0.0029895043      0.004196384    0.00012010486   -0.00016071863
          53.4375            -22.4              300     -0.001655469     0.0022314561    -0.0029689181     0.0041586976    0.00011942143   -0.00015952885
         53.90625            -22.4              300    -0.0016320476     0.0022019143    -0.0029487137     0.0041215084    0.00011876177   -0.00015835499
           54.375            -22.4              300    -0.0016089471     0.0021728757    -0.0029288915     0.0040848157    0.00011812586   -0.00015719709
         54.84375            -22.4              300    -0.0015860314      0.002144262    -0.0029093251     0.0040485333    0.00011748458    -0.0001560276
          55.3125            -22.4              300    -0.0015635237     0.0021162138    -0.0028899685     0.0040126895    0.00011678372   -0.00015484716
         55.78125            -22.4              300    -0.0015413701     0.0020886706    -0.0028708382     0.0039772987    0.00011606074   -0.00015367811
            56.25            -22.4              300    -0.0015194585     0.0020615363    -0.0028518997     0.0039423211    0.00011534527   -0.00015252322
         56.71875            -22.4              300    -0.0014977887     0.0020348104    -0.0028331527     0.0039077555    0.00011463724   -0.00015138248
          57.1875            -22.4              300     -0.001476361     0.0020084931    -0.0028145972      0.003873603    0.00011393669    -0.0001502559
         57.65625            -22.4              300    -0.0014551751     0.0019825846    -0.0027962334      0.003839863     0.0001132436   -0.00014914348
           58.125            -22.4              300    -0.0014342312     0.0019570845    -0.0027780612     0.0038065356    0.00011255799    -0.0001480452
         58.59375            -22.4              300    -0.0014135293     0.0019319932    -0.0027600809     0.0037736208    0.00011187982    -0.0001469611
          59.0625            -22.4              300    -0.0013930693     0.0019073106    -0.0027422919     0.0037411191    0.00011120916   -0.00014589113
         59.53125            -22.4              300    -0.0013728446     0.0018829943    -0.0027246124     0.0037090383    0.00011055289   -0.00014481833
               60            -22.4              300    -0.0013530159     0.0018590625    -0.0027070153     0.0036772599    0.00010995337   -0.00014373015
         60.46875            -22.4              300    -0.0013333837     0.0018356255    -0.0026896978     0.0036458906    0.00010927452    -0.0001426861
          60.9375            -22.4              300     -0.001314027     0.0018125012    -0.0026724066     0.0036148967    0.00010857113    -0.0001416509
         61.40625            -22.4              300     -0.001294961     0.0017897191    -0.0026551806     0.0035842685    0.00010787862   -0.00014062232
           61.875            -22.4              300    -0.0012761848     0.0017672863    -0.0026380329     0.0035540042    0.00010719837   -0.00013960146
         62.34375            -22.4              300    -0.0012576986     0.0017452035    -0.0026209634     0.0035241048    0.00010653043   -0.00013858838
          62.8125            -22.4              300    -0.0012395021     0.0017234702    -0.0026039677     0.0034945705    0.00010588163    -0.0001375837
         63.28125            -22.4              300    -0.0012215911     0.0017020868    -0.0025870306     0.0034654082     0.0001052729   -0.00013659161
            63.75            -22.4              300    -0.0012039666     0.0016810541    -0.0025701651     0.0034366183    0.00010467726    -0.0001356112
         64.21875            -22.4              300    -0.0011866281     0.0016603721    -0.0025533726     0.0034081994    0.00010409472   -0.00013464247
          64.6875            -22.4              300    -0.0011696597     0.0016399402    -0.0025367243     0.0033800306    0.00010346351   -0.00013365694
         65.15625            -22.4              300    -0.0011530285     0.0016198056    -0.0025201698     0.0033521634     0.0001028731   -0.00013269462
           65.625            -22.4              300    -0.0011367345      0.001599978    -0.0025036864      0.003324592    0.00010234217   -0.00013175972
         66.09375            -22.4              300    -0.0011207734     0.0015804678    -0.0024873163     0.0032973599    0.00010179622    -0.0001308427
          66.5625            -22.4              300     -0.001105149     0.0015612624    -0.0024710698     0.0032704643     0.0001012065   -0.00012992724
         67.03125            -22.4              300    -0.0010898217     0.0015423701    -0.0024549684     0.0032438524    0.00010063348   -0.00012901625
             67.5            -22.4              300    -0.0010748423     0.0015237562    -0.0024389769     0.0032175521    0.00010005601   -0.00012810914
         67.96875            -22.4              300    -0.0010602109     0.0015054214    -0.0024230951     0.0031915642    9.9474128e-05   -0.00012720595
          68.4375            -22.4              300    -0.0010459272     0.0014873651    -0.0024073229     0.0031658884    9.8887816e-05   -0.00012630664
         68.90625            -22.4              300    -0.0010319914     0.0014695877    -0.0023916606     0.0031405245    9.8297074e-05   -0.00012541124
           69.375            -22.4              300    -0.0010183725     0.0014521047    -0.0023760872     0.0031154542    9.7686767e-05   -0.00012452113
         69.84375            -22.4              300    -0.0010050477     0.0014348775    -0.0023606794      0.003090641    9.7073025e-05   -0.00012364208
          70.3125            -22.4              300   -0.00099202571     0.0014178914    -0.0023454623     0.0030660853    9.6465956e-05   -0.00012277465
         70.78125            -22.4              300   -0.00097930687     0.0014011458    -0.0023304361     0.0030417866    9.5865602e-05   -0.00012191891
            71.25            -22.4              300   -0.00096689095     0.0013846413    -0.0023156006     0.0030177457    9.5271942e-05   -0.00012107482
         71.71875            -22.4              300   -0.00095477811     0.0013683771    -0.0023009558     0.0029939616    9.4684969e-05   -0.00012024239
          72.1875            -22.4              300    -0.0009429694     0.0013523531     -0.002286507     0.0029704354     9.410458e-05   -0.00011941935
         72.65625            -22.4              300   -0.00093145354     0.0013365722    -0.0022722713     0.0029471591    9.3531358e-05   -0.00011858084
           73.125            -22.4              300   -0.00092019653     0.0013210344    -0.0022582044      0.002924138    9.2954957e-05   -0.00011774327
         73.59375            -22.4              300   -0.00090918189     0.0013057244    -0.0022443584     0.0029013779    9.2384449e-05   -0.00011691824
          74.0625            -22.4              300   -0.00089841033     0.0012906421    -0.0022307339     0.0028788797    9.1819777e-05   -0.00011610567
         74.53125            -22.4              300   -0.00088788162     0.0012757878    -0.0022173303     0.0028566429    9.1260939e-05   -0.00011530558
               75            -22.4              300   -0.00087759574     0.0012611612    -0.0022041476     0.0028346682     9.070793e-05   -0.00011451793
         75.46875            -22.4              300   -0.00086755288     0.0012467627    -0.0021911862     0.0028129551    9.0160756e-05   -0.00011374276
          75.9375            -22.4              300   -0.00085774768     0.0012325943    -0.0021784434     0.0027914927    8.9616013e-05   -0.00011297652
         76.40625            -22.4              300   -0.00084811868     0.0012186341    -0.0021659238     0.0027702351    8.9070476e-05   -0.00011220742
           76.875            -22.4              300   -0.00083864899      0.001204863    -0.0021536378     0.0027491923    8.8533197e-05   -0.00011144028
         77.34375            -22.4              300   -0.00082933862      0.001191281     -0.002141586     0.0027283642    8.8004192e-05    -0.0001106751
          77.8125            -22.4              300   -0.00082018739     0.0011778882    -0.0021297678      0.002707751    8.7483466e-05   -0.00010991189
         78.28125            -22.4              300   -0.00081119552     0.0011646848    -0.0021181833     0.0026873527    8.6971006e-05   -0.00010915063
            78.75            -22.4              300   -0.00080235448      0.001151669    -0.0021067876     0.0026671574    8.6477055e-05   -0.00010839535
         79.21875            -22.4              300   -0.00079366344     0.0011388711    -0.0020954723     0.0026471419    8.5959189e-05   -0.00010764949
          79.6875            -22.4              300   -0.00078504975     0.0011262456    -0.0020843807     0.0026273443    8.5423031e-05   -0.00010691415
         80.15625            -22.4              300   -0.00077657611     0.0011137947    -0.0020737215     0.0026078348    8.4962674e-05   -0.00010618477
           80.625            -22.4              300   -0.00076823455     0.0011015441    -0.0020631931     0.0025885168    8.4485917e-05   -0.00010546025
         81.09375            -22.4              300   -0.00075995637     0.0010894545    -0.0020527656     0.0025693669    8.3966821e-05   -0.00010473986
          81.5625            -22.4              300   -0.00075174961     0.0010775325    -0.0020424984     0.0025504096    8.3451654e-05   -0.00010402386
         82.03125            -22.4              300   -0.00074361422     0.0010657784    -0.0020323917     0.0025316458    8.2940453e-05   -0.00010331225
             82.5            -22.4              300   -0.00073555019     0.0010541916    -0.0020224457     0.0025130745    8.2433187e-05   -0.00010260502
         82.96875            -22.4              300   -0.00072755752     0.0010427726    -0.0020126603     0.0024946972    8.1929858e-05   -0.00010190217
          83.4375            -22.4              300   -0.00071961957     0.0010315253    -0.0020030765     0.0024765271     8.142132e-05   -0.00010120331
         83.90625            -22.4              300   -0.00071175088      0.001020448    -0.0019936794     0.0024585587    8.0913145e-05   -0.00010050923
           84.375            -22.4              300   -0.00070395425     0.0010095402    -0.0019844633     0.0024407897    8.0406739e-05   -9.9820041e-05
         84.84375            -22.4              300   -0.00069625123    0.00099876802    -0.0019752192     0.0024231579    7.9937134e-05   -9.9142999e-05
          85.3125            -22.4              300   -0.00068851578    0.00098814303     -0.001966187     0.0024057073    7.9457866e-05   -9.8475743e-05
         85.78125            -22.4              300   -0.00068081415    0.00097765913    -0.0019572573      0.002388428    7.8974103e-05   -9.7811513e-05
            86.25            -22.4              300   -0.00067315332    0.00096731272    -0.0019483968     0.0023713154     7.849047e-05   -9.7149998e-05
         86.71875            -22.4              300   -0.00066553336     0.0009571035    -0.0019396052     0.0023543697    7.8006917e-05   -9.6491232e-05
          87.1875            -22.4              300   -0.00065795635    0.00094703241    -0.0019308729     0.0023375938    7.7524419e-05   -9.5835145e-05
         87.65625            -22.4              300   -0.00065044611    0.00093710161     -0.001922177     0.0023209876    7.7047021e-05   -9.5183852e-05
           88.125            -22.4              300   -0.00064300536    0.00092730933     -0.001913558      0.002304533    7.6572265e-05    -9.453902e-05
         88.59375            -22.4              300   -0.00063563441    0.00091765559     -0.001905016     0.0022882305    7.6100157e-05   -9.3900628e-05
          89.0625            -22.4              300   -0.00062833313    0.00090814021    -0.0018965509     0.0022720799    7.5630698e-05   -9.3268703e-05
         89.53125            -22.4              300   -0.00062110147    0.00089876348    -0.0018881625      0.002256081    7.5163865e-05   -9.2643219e-05
               90            -22.4              300    -0.0006139591    0.00088950049    -0.0018797924      0.002240214    7.4709031e-05   -9.2022012e-05
         90.46875            -22.4              300   -0.00060690165    0.00088032335    -0.0018713376     0.0022244814    7.4260504e-05   -9.1405527e-05
          90.9375            -22.4              300   -0.00059987511    0.00087126723    -0.0018628861      0.002208926    7.3809832e-05   -9.0797825e-05
         91.40625            -22.4              300   -0.00059291255    0.00086234102     -0.001854519     0.0021935245    7.3362673e-05   -9.0196212e-05
           91.875            -22.4              300   -0.00058606477    0.00085352489    -0.0018461916     0.0021782429    7.2917443e-05   -8.9597714e-05
         92.34375            -22.4              300   -0.00057933165    0.00084481912    -0.0018379038     0.0021630803    7.2474155e-05   -8.9002351e-05
          92.8125            -22.4              300   -0.00057271332    0.00083622342    -0.0018296556     0.0021480373    7.2032795e-05   -8.8410125e-05
         93.28125            -22.4              300   -0.00056620961    0.00082773803    -0.0018214468      0.002133114    7.1593357e-05   -8.7821012e-05
            93.75            -22.4              300   -0.00055982068    0.00081936305    -0.0018132777     0.0021183104     7.115586e-05   -8.7235057e-05
         94.21875            -22.4              300   -0.00055354642    0.00081109809    -0.0018051484      0.002103626    7.0720293e-05    -8.665221e-05
          94.6875            -22.4              300   -0.00054737751    0.00080296124     -0.001797069     0.0020890695    7.0275833e-05   -8.6073633e-05
         95.15625            -22.4              300   -0.00054134155    0.00079492555    -0.0017890377     0.0020746228    6.9861897e-05   -8.5503241e-05
           95.625            -22.4              300   -0.00053549127    0.00078694843    -0.0017810831     0.0020602569     6.945325e-05   -8.4939311e-05
         96.09375            -22.4              300   -0.00052982417    0.00077905657    -0.0017731471       0.00204601    6.9033224e-05   -8.4381449e-05
          96.5625            -22.4              300   -0.00052428996    0.00077125872    -0.0017652009      0.002031873    6.8580281e-05   -8.3813036e-05
         97.03125            -22.4              300    -0.0005188795    0.00076355727     -0.001757315     0.0020178261    6.8121328e-05   -8.3246152e-05
             97.5            -22.4              300   -0.00051360152    0.00075596129    -0.0017494924     0.0020038795    6.7689187e-05   -8.2695689e-05
         97.96875            -22.4              300   -0.00050846837    0.00074845448    -0.0017417598     0.0019900198      6.72596e-05   -8.2146362e-05
          98.4375            -22.4              300   -0.00050348009    0.00074103696    -0.0017341174     0.0019762469    6.6832581e-05   -8.1598177e-05
         98.90625            -22.4              300   -0.00049863663    0.00073370873    -0.0017265646     0.0019625609    6.6408116e-05   -8.1051126e-05
           99.375            -22.4              300   -0.00049393805    0.00072646973     -0.001719102     0.0019489616     6.598622e-05   -8.0505211e-05
         99.84375            -22.4              300   -0.00048938434    0.00071931997    -0.0017117296     0.0019354492    6.5566877e-05   -7.9960446e-05
         100.3125            -22.4              300   -0.00048497543    0.00071225938    -0.0017044467     0.0019220232    6.5150096e-05   -7.9416801e-05
        100.78125            -22.4              300   -0.00048071018    0.00070528558    -0.0016972636     0.0019086805    6.4735599e-05   -7.8874567e-05
           101.25            -22.4              300   -0.00047660398    0.00069836556     -0.001690285     0.0018953815    6.4314103e-05   -7.8333935e-05
        101.71875            -22.4              300    -0.0004726428    0.00069153117    -0.0016833888     0.0018821537     6.387692e-05   -7.7787809e-05
         102.1875            -22.4              300   -0.00046880177    0.00068477145    -0.0016766204     0.0018689798    6.3441075e-05   -7.7244949e-05
        102.65625            -22.4              300   -0.00046508104     0.0006780866    -0.0016699797     0.0018558593    6.3006555e-05    -7.670535e-05
          103.125            -22.4              300   -0.00046148128    0.00067147717    -0.0016634653     0.0018427939    6.2574181e-05   -7.6169141e-05
        103.59375            -22.4              300    -0.0004580213     0.0006649727    -0.0016570424     0.0018298149    6.2176434e-05   -7.5638876e-05
         104.0625            -22.4              300   -0.00045464723    0.00065853097     -0.001650803     0.0018168688    6.1778643e-05   -7.5107688e-05
        104.53125            -22.4              300   -0.00045135894      0.000652152    -0.0016447476      0.001803956    6.1380808e-05   -7.4575604e-05
              105            -22.4              300   -0.00044818292    0.00064582843    -0.0016389082     0.0017910624    6.0973056e-05   -7.4042429e-05
