           x [mm]           y [mm]           z [mm]       HxRe [A/m]       HxIm [A/m]       HyRe [A/m]       HyIm [A/m]       HzRe [A/m]       HzIm [A/m]
---------------------------------------------------------------------------------------------------------------------------------------------------------
             -105            -22.4              300      0.008466864     0.0017528809       0.65612453      -0.83316201    -0.0093988255      0.014446762
       -104.53125            -22.4              300    -0.0072794403      0.020298263       0.65574038       -0.8328585     -0.009559717      0.014640035
        -104.0625            -22.4              300     -0.022771034      0.038566351        0.6546033      -0.83160597    -0.0098270774      0.014942055
       -103.59375            -22.4              300     -0.037993461      0.056539863       0.65269208       -0.8293848     -0.010056184      0.015194271
         -103.125            -22.4              300     -0.052946713      0.074218795       0.65000665      -0.82619494     -0.010247053      0.015396709
       -102.65625            -22.4              300      -0.06763079       0.09160313       0.64654714      -0.82203627     -0.010399675      0.015549349
        -102.1875            -22.4              300      -0.08210735       0.10875826       0.64220715      -0.81679428     -0.010361658      0.015489997
       -101.71875            -22.4              300     -0.096399777       0.12571096       0.63656151      -0.80998814     -0.010294294      0.015393201
          -101.25            -22.4              300      -0.11042891       0.14235957       0.63045204      -0.80257803     -0.010215876      0.015282801
       -100.78125            -22.4              300      -0.12418791       0.15869515       0.62373132      -0.79439807     -0.010179891       0.01521894
        -100.3125            -22.4              300      -0.13767275       0.17471303       0.61636895      -0.78541362     -0.010197209      0.015213769
        -99.84375            -22.4              300       -0.1508821       0.19041122       0.60835099      -0.77560908       -0.0102625      0.015261635
          -99.375            -22.4              300      -0.16368186       0.20563355       0.59954637      -0.76483554     -0.010284912      0.015260178
        -98.90625            -22.4              300      -0.17598525       0.22028625       0.59009773      -0.75325286     -0.010285602      0.015226656
         -98.4375            -22.4              300      -0.18779221       0.23436944       0.58000493      -0.74086124     -0.010264572      0.015161075
        -97.96875            -22.4              300      -0.19910279       0.24788299       0.56926787      -0.72766048     -0.010221826      0.015063439
            -97.5            -22.4              300      -0.20991701         0.260827       0.55788678       -0.7136507      -0.01015735      0.014933728
        -97.03125            -22.4              300      -0.22021498       0.27317753       0.54566973      -0.69860482    -0.0098922169      0.014586348
         -96.5625            -22.4              300      -0.22987501       0.28478882       0.53296953       -0.6829375    -0.0095362943      0.014145936
        -96.09375            -22.4              300      -0.23887849       0.29563859       0.51998442      -0.66688228    -0.0092197917      0.013750182
          -95.625            -22.4              300      -0.24722537       0.30572677       0.50671411      -0.65043914    -0.0089426814      0.013399078
        -95.15625            -22.4              300      -0.25466895        0.3147912       0.49280271      -0.63321018    -0.0086129196      0.012995061
         -94.6875            -22.4              300      -0.26151744       0.32315311       0.47879475      -0.61580068    -0.0083834641      0.012699492
        -94.21875            -22.4              300      -0.26787004       0.33090675       0.46522236      -0.59881938    -0.0083172545      0.012574818
           -93.75            -22.4              300      -0.27343547       0.33775479       0.45116696      -0.58125043    -0.0082319975      0.012421447
        -93.28125            -22.4              300      -0.27843833       0.34393945       0.43684512      -0.56332469    -0.0080926847      0.012201883
         -92.8125            -22.4              300      -0.28287873       0.34946078       0.42225677      -0.54504204    -0.0078993291      0.011916135
        -92.34375            -22.4              300      -0.28675658       0.35431865       0.40740192      -0.52640247    -0.0076519316      0.011564204
          -91.875            -22.4              300      -0.28988594       0.35830578       0.39223447      -0.50735736    -0.0073674479      0.011172739
        -91.40625            -22.4              300      -0.29225063        0.3613928       0.37712616      -0.48834521    -0.0071181771      0.010825332
         -90.9375            -22.4              300      -0.29402825       0.36377394        0.3622452      -0.46955878    -0.0069113486      0.010523433
        -90.46875            -22.4              300       -0.2952188       0.36544925       0.34759152      -0.45099795     -0.006746958      0.010267026
              -90            -22.4              300      -0.29582027       0.36641708        0.3331582      -0.43265375    -0.0066084987      0.010038388
        -89.53125            -22.4              300      -0.29582608       0.36667728       0.31887496      -0.41443896    -0.0063510686     0.0096820546
         -89.0625            -22.4              300      -0.29526129       0.36625481       0.30478907      -0.39641857     -0.006103633     0.0093367426
        -88.59375            -22.4              300      -0.29412594       0.36514968       0.29090065      -0.37859273    -0.0058661783     0.0090024322
          -88.125            -22.4              300      -0.29242003       0.36336192       0.27720967      -0.36096132    -0.0056387363     0.0086791627
        -87.65625            -22.4              300      -0.29077232       0.36157757       0.26436043      -0.34431612    -0.0055928258     0.0085553648
         -87.1875            -22.4              300      -0.28819361       0.35870469       0.25134799       -0.3274478    -0.0054172818     0.0082801571
        -86.71875            -22.4              300      -0.28531033       0.35544032       0.23872131       -0.3110249    -0.0052572298     0.0080247447
           -86.25            -22.4              300      -0.28215706        0.3518233       0.22650355      -0.29507571      -0.00512027     0.0077980072
        -85.78125            -22.4              300      -0.27873385       0.34785369       0.21469474      -0.27960032    -0.0050063552     0.0075998972
         -85.3125            -22.4              300      -0.27504063       0.34353146       0.20329484      -0.26459855    -0.0049155159     0.0074304449
        -84.84375            -22.4              300      -0.27107748       0.33885658       0.19230385      -0.25007054    -0.0048477496     0.0072896485
          -84.375            -22.4              300      -0.26681316       0.33379346       0.18166503      -0.23594122    -0.0046603181     0.0070140627
        -83.90625            -22.4              300      -0.26227376       0.32837415       0.17145315      -0.22231033    -0.0044380152     0.0066982992
         -83.4375            -22.4              300       -0.2574617       0.32260162       0.16167375       -0.2091853    -0.0041907071     0.0063535618
        -82.96875            -22.4              300       -0.2523776       0.31647655       0.15232739      -0.19656682    -0.0039189905     0.0059805326
            -82.5            -22.4              300      -0.24746799       0.31050158       0.14361763      -0.18475573    -0.0039475225     0.0059532849
        -82.03125            -22.4              300      -0.24244124       0.30436879       0.13505644      -0.17313436    -0.0039445041     0.0058729858
         -81.5625            -22.4              300      -0.23733342       0.29811084       0.12681809      -0.16191468    -0.0039045734     0.0057422416
        -81.09375            -22.4              300      -0.23217271       0.29175565       0.11898944      -0.15120234    -0.0038276229     0.0055698729
          -80.625            -22.4              300      -0.22688605        0.2852107       0.11170863      -0.14115326    -0.0036031173     0.0052478574
        -80.15625            -22.4              300      -0.22160104         0.278635       0.10479169      -0.13156489    -0.0034160288     0.0049723596
         -79.6875            -22.4              300      -0.21631762       0.27202863      0.098238602      -0.12243721    -0.0032663611     0.0047433814
        -79.21875            -22.4              300      -0.21103585       0.26539156      0.092049375      -0.11377024    -0.0031541064     0.0045609153
           -78.75            -22.4              300      -0.20575573       0.25872377      0.086224005      -0.10556396     -0.003079274     0.0044249711
        -78.28125            -22.4              300      -0.20047723       0.25202528      0.080762491      -0.09781839    -0.0030418541     0.0043355394
         -77.8125            -22.4              300      -0.19527894       0.24539027      0.075583838     -0.090450123    -0.0029920924     0.0042427741
        -77.34375            -22.4              300      -0.19021203       0.23889005       0.07063888     -0.083410457    -0.0029046934     0.0041087517
          -76.875            -22.4              300      -0.18526241        0.2325094       0.06594266     -0.076715134    -0.0027896625     0.0039414791
        -76.40625            -22.4              300      -0.18043011       0.22624838      0.061495163     -0.070364162    -0.0026469931     0.0037409475
         -75.9375            -22.4              300      -0.17571515       0.22010693      0.057296392     -0.064357534    -0.0024766887     0.0035071636
        -75.46875            -22.4              300      -0.17108469       0.21404408      0.053419288     -0.058782279    -0.0023071258     0.0032708107
              -75            -22.4              300      -0.16653073       0.20805933       0.04975896     -0.053508222    -0.0021803873     0.0030883495
        -74.53125            -22.4              300      -0.16207448       0.20217815      0.046306692     -0.048531048    -0.0020833402     0.0029437852
         -74.0625            -22.4              300      -0.15771596       0.19640052      0.043062501     -0.043850768    -0.0020159851     0.0028371203
        -73.59375            -22.4              300      -0.15345511       0.19072643      0.040026389     -0.039467379    -0.0019783226     0.0027683543
          -73.125            -22.4              300      -0.14930713       0.18517813      0.037181586     -0.035366043    -0.0019663596     0.0027256026
        -72.65625            -22.4              300      -0.14532769       0.17984338      0.034430142     -0.031450186    -0.0019294849     0.0026214775
         -72.1875            -22.4              300      -0.14144889       0.17460328      0.031945236      -0.02789766    -0.0018801785      0.002547041
        -71.71875            -22.4              300      -0.13766852       0.16948786      0.029570393     -0.024523696    -0.0018233863      0.002462633
           -71.25            -22.4              300      -0.13398661       0.16449712      0.027305612     -0.021328297    -0.0017591077     0.0023682525
        -70.78125            -22.4              300       -0.1304031       0.15963104      0.025150895     -0.018311456    -0.0016873465     0.0022639034
         -70.3125            -22.4              300      -0.12691805       0.15488964      0.023106236     -0.015473176    -0.0016080979     0.0021495798
        -69.84375            -22.4              300      -0.12353142       0.15027292      0.021171639     -0.012813454    -0.0015213668     0.0020252876
          -69.375            -22.4              300        -0.120248       0.14578427      0.019355213     -0.010345843    -0.0014215466     0.0018801377
        -68.90625            -22.4              300      -0.11707187       0.14143695       0.01763765    -0.0080565838     -0.001314481     0.0017377018
         -68.4375            -22.4              300      -0.11399384       0.13722505      0.015999317    -0.0059158476    -0.0012589488     0.0016539964
        -67.96875            -22.4              300       -0.1110093       0.13313529      0.014461894    -0.0039426493    -0.0012258799     0.0015986932
            -67.5            -22.4              300      -0.10809112        0.1291306      0.013009775    -0.0020633452    -0.0012122457     0.0015572233
        -67.03125            -22.4              300      -0.10528202       0.12527861       0.01162596   -0.00031950849    -0.0011517073      0.001467921
         -66.5625            -22.4              300       -0.1025629       0.12155928      0.010307193     0.0012769783    -0.0010775123     0.0013725292
        -66.09375            -22.4              300     -0.099907055       0.11793968     0.0090392716     0.0027861288    -0.0010113738     0.0012882859
          -65.625            -22.4              300     -0.097316593       0.11443167      0.007816474     0.0041954927   -0.00096470164     0.0012038464
        -65.15625            -22.4              300     -0.094788566        0.1110068     0.0066624931      0.005518089   -0.00093171548     0.0011661868
         -64.6875            -22.4              300     -0.092330582       0.10769438     0.0055591688     0.0067554265   -0.00089456665     0.0011227498
        -64.21875            -22.4              300     -0.089949712        0.1045086     0.0045019416     0.0079058716   -0.00085966091     0.0010710539
           -63.75            -22.4              300     -0.087636389       0.10142798     0.0034997859     0.0089614261    -0.0008209041     0.0010146516
        -63.28125            -22.4              300     -0.085390575      0.098452494     0.0025527016     0.0099220881   -0.00077829458    0.00095354195
         -62.8125            -22.4              300     -0.083212309      0.095582157     0.0016606883      0.010787861   -0.00073183398    0.00088772702
        -62.34375            -22.4              300     -0.081096806      0.092813924     0.0008169011      0.011569052   -0.00068297581    0.00081997219
          -61.875            -22.4              300     -0.079020277      0.090124197   -4.8014917e-06      0.012315874   -0.00064010301    0.00076276611
        -61.40625            -22.4              300     -0.076988637      0.087511845   -0.00079090352      0.013014522    -0.0006020625    0.00071180862
         -60.9375            -22.4              300     -0.075001866      0.084976867    -0.0015414043      0.013664994   -0.00056885253    0.00066709827
        -60.46875            -22.4              300     -0.073059984      0.082519248    -0.0022563036      0.014267289   -0.00054047367    0.00062863622
              -60            -22.4              300     -0.071162984      0.080139011    -0.0029356026      0.014821408   -0.00051692716    0.00059642247
        -59.53125            -22.4              300     -0.069310874      0.077836141    -0.0035793013      0.015327354   -0.00049821206    0.00057045685
         -59.0625            -22.4              300     -0.067503639      0.075610645    -0.0041873977      0.015785119   -0.00048432749     0.0005507383
        -58.59375            -22.4              300     -0.065730363      0.073431253    -0.0047616661      0.016204987    -0.0004721389    0.00052295794
          -58.125            -22.4              300     -0.063996553      0.071335949    -0.0053082225      0.016584387   -0.00044870557     0.0004923715
        -57.65625            -22.4              300     -0.062304299      0.069314398    -0.0058241263      0.016930405   -0.00041722169     0.0004560033
         -57.1875            -22.4              300     -0.060652968      0.067361951    -0.0063086087      0.017243395   -0.00037844107    0.00041265902
        -56.71875            -22.4              300      -0.05904774      0.065474056    -0.0067576095      0.017526727   -0.00034364167    0.00037292452
           -56.25            -22.4              300     -0.057479333      0.063649222    -0.0071726977      0.017770637   -0.00031206122    0.00033760953
        -55.78125            -22.4              300     -0.055947185      0.061874431    -0.0075602457      0.017990138   -0.00028709701    0.00030803742
         -55.3125            -22.4              300     -0.054450579       0.06015221    -0.0079201348        0.0181832   -0.00026750716    0.00028353184
        -54.84375            -22.4              300     -0.052989379      0.058483426    -0.0082523264      0.018349178   -0.00025279573    0.00026381609
          -54.375            -22.4              300     -0.051563591      0.056868073    -0.0085568223      0.018488079   -0.00024296343     0.0002488906
        -53.90625            -22.4              300     -0.050173603      0.055294048     -0.008841591      0.018609952   -0.00023122432    0.00023099268
         -53.4375            -22.4              300     -0.048822638      0.053777725     -0.009099016      0.018718092   -0.00022179419    0.00021218346
        -52.96875            -22.4              300     -0.047505479      0.052309778    -0.0093326522      0.018807957   -0.00020918813    0.00019045686
            -52.5            -22.4              300     -0.046221949       0.05088906    -0.0095428452      0.018879341   -0.00019275186    0.00016553575
        -52.03125            -22.4              300     -0.044972051      0.049515568    -0.0097295921      0.018932244   -0.00017248606    0.00013742053
         -51.5625            -22.4              300     -0.043755349      0.048187185    -0.0098918909      0.018962696   -0.00015257136    0.00011171954
        -51.09375            -22.4              300     -0.042569868      0.046896949     -0.010036124      0.018978577    -0.0001354509    8.9713139e-05
          -50.625            -22.4              300      -0.04141549      0.045644514     -0.010162953      0.018981021   -0.00012084555    7.0856418e-05
        -50.15625            -22.4              300     -0.040292218      0.044429891     -0.010272377      0.018970031   -0.00010875548    5.5149794e-05
         -49.6875            -22.4              300     -0.039200045      0.043253075     -0.010364396      0.018945605   -9.9180077e-05    4.2592514e-05
        -49.21875            -22.4              300     -0.038138591      0.042112965     -0.010439787      0.018908203    -9.142093e-05     3.304569e-05
           -48.75            -22.4              300     -0.037108302      0.041000374     -0.010506637      0.018865902   -7.7347999e-05    2.2619148e-05
        -48.28125            -22.4              300     -0.036114559      0.039922323      -0.01056132      0.018819131   -5.9569575e-05    1.0032294e-05
         -47.8125            -22.4              300     -0.035153352      0.038884506     -0.010599816      0.018764006   -5.0925475e-05   -2.8947034e-06
        -47.34375            -22.4              300      -0.03421627      0.037874904     -0.010626423      0.018698275   -4.2095198e-05   -1.7033628e-05
          -46.875            -22.4              300     -0.033303112      0.036892299     -0.010641731      0.018622104   -3.1460717e-05   -3.2585725e-05
        -46.40625            -22.4              300     -0.032416951      0.035945017     -0.010642141      0.018534329   -1.9720348e-05   -4.6249741e-05
         -45.9375            -22.4              300     -0.031558156      0.035024904     -0.010634764      0.018441206   -9.1255934e-06   -5.8136386e-05
        -45.46875            -22.4              300     -0.030727034      0.034131251     -0.010620112      0.018343356    6.6004941e-07   -6.8718509e-05
              -45            -22.4              300     -0.029923672      0.033264372     -0.010597703      0.018240584    9.0840003e-06   -7.8151133e-05
        -44.53125            -22.4              300      -0.02914664      0.032425016     -0.010566671       0.01813139    1.4432109e-05   -8.5234191e-05
         -44.0625            -22.4              300     -0.028393544      0.031611592     -0.010528055      0.018015698    1.9020634e-05   -9.1905633e-05
        -43.59375            -22.4              300      -0.02766172      0.030820284     -0.010485396      0.017896248     2.436027e-05   -9.9297511e-05
          -43.125            -22.4              300     -0.026951196      0.030050999     -0.010438821      0.017773205    3.0372292e-05   -0.00010733628
        -42.65625            -22.4              300     -0.026261967      0.029303715      -0.01038833      0.017646573    3.7056587e-05   -0.00011602193
         -42.1875            -22.4              300      -0.02559403      0.028578451     -0.010333922      0.017516347     4.441334e-05   -0.00012535456
        -41.71875            -22.4              300     -0.024947865      0.027875341     -0.010276349      0.017383067    5.2339892e-05   -0.00013511966
           -41.25            -22.4              300     -0.024326893       0.02719567     -0.010219342      0.017249845      6.01379e-05   -0.00014384244
        -40.78125            -22.4              300     -0.023719564      0.026531784     -0.010156265       0.01711189    6.8703375e-05   -0.00015201018
         -40.3125            -22.4              300     -0.023129122      0.025886307     -0.010090078       0.01697062    7.5305325e-05   -0.00015830641
        -39.84375            -22.4              300      -0.02255558      0.025259245      -0.01002078       0.01682603    7.9943631e-05   -0.00016273094
          -39.375            -22.4              300     -0.021996262      0.024647776    -0.0099483933      0.016678113    8.2734485e-05   -0.00016858627
        -38.90625            -22.4              300     -0.021463085      0.024061663    -0.0098779127      0.016531102    8.6356551e-05   -0.00017382547
         -38.4375            -22.4              300     -0.020944223      0.023491275    -0.0098069552      0.016383151    9.0072586e-05   -0.00017866163
        -37.96875            -22.4              300     -0.020438235      0.022935342    -0.0097353859       0.01623413     9.369458e-05   -0.00018320783
            -37.5            -22.4              300     -0.019945115      0.022393877    -0.0096632028      0.016084043    9.7222641e-05   -0.00018746403
        -37.03125            -22.4              300     -0.019464863      0.021866871    -0.0095904041      0.015932886    0.00010065673   -0.00019143039
         -36.5625            -22.4              300     -0.018997481      0.021354327    -0.0095169917      0.015780658    0.00010399698   -0.00019510678
        -36.09375            -22.4              300     -0.018542968      0.020856244    -0.0094429664      0.015627362    0.00010724297   -0.00019849312
          -35.625            -22.4              300     -0.018103773      0.020373896    -0.0093680322      0.015473717    0.00011014484   -0.00020341671
        -35.15625            -22.4              300     -0.017679185      0.019907311    -0.0092922365      0.015319102      0.000113036   -0.00020896642
         -34.6875            -22.4              300     -0.017268818      0.019456323    -0.0092156241      0.015163368    0.00011598066   -0.00021481703
        -34.21875            -22.4              300     -0.016861435      0.019011473     -0.009141488      0.015008176     0.0001206278   -0.00021694288
           -33.75            -22.4              300     -0.016461944      0.018576423    -0.0090696728      0.014855627    0.00012546493    -0.0002188903
        -33.28125            -22.4              300     -0.016077656      0.018158169    -0.0089968042      0.014703679    0.00012727223   -0.00022198263
         -32.8125            -22.4              300     -0.015703773      0.017752802    -0.0089236554      0.014551047    0.00012947456   -0.00022458495
        -32.34375            -22.4              300     -0.015338761      0.017357947    -0.0088502364      0.014398521    0.00013171956   -0.00022688317
          -31.875            -22.4              300     -0.014982612      0.016973596    -0.0087765474      0.014246103    0.00013400726   -0.00022887732
        -31.40625            -22.4              300     -0.014635333      0.016599752    -0.0087025883      0.014093792    0.00013633764   -0.00023056741
         -30.9375            -22.4              300     -0.014296921      0.016236419    -0.0086283581      0.013941587    0.00013871069    -0.0002319534
        -30.46875            -22.4              300     -0.013966789      0.015882634    -0.0085540256      0.013789629    0.00014106298   -0.00023307776
              -30            -22.4              300     -0.013643635      0.015537327    -0.0084801819      0.013639628    0.00014218989   -0.00023499186
        -29.53125            -22.4              300     -0.013327819      0.015200901    -0.0084064743      0.013491305    0.00014258256   -0.00023687218
         -29.0625            -22.4              300     -0.013021189      0.014874728    -0.0083329864      0.013345513    0.00014304501      -0.00023825
        -28.59375            -22.4              300     -0.012721943      0.014557338    -0.0082591549      0.013200451    0.00014368078   -0.00023954756
          -28.125            -22.4              300     -0.012429826      0.014248533    -0.0081849387      0.013055941    0.00014443297   -0.00024082798
        -27.65625            -22.4              300     -0.012144838      0.013948315     -0.008110337      0.012911981    0.00014530164   -0.00024209134
         -27.1875            -22.4              300     -0.011866979      0.013656681    -0.0080353515      0.012768572    0.00014628675   -0.00024333755
        -26.71875            -22.4              300     -0.011596251      0.013373637    -0.0079599814      0.012625713    0.00014738829   -0.00024456671
           -26.25            -22.4              300     -0.011331154       0.01309702     -0.007884657      0.012484736    0.00014951058   -0.00024557914
        -25.78125            -22.4              300     -0.011072273      0.012827301    -0.0078091961      0.012344852    0.00015097726   -0.00024610723
         -25.3125            -22.4              300     -0.010819627      0.012564507    -0.0077335881      0.012206049    0.00015176302   -0.00024615027
        -24.84375            -22.4              300     -0.010574034      0.012308495    -0.0076576304      0.012068806    0.00015214991   -0.00024599058
          -24.375            -22.4              300     -0.010334902       0.01205853    -0.0075815609      0.011933626    0.00015269274   -0.00024596392
        -23.90625            -22.4              300     -0.010102176      0.011814586     -0.007505395      0.011800501    0.00015339947   -0.00024607065
         -23.4375            -22.4              300    -0.0098758573      0.011576664    -0.0074291346      0.011669431    0.00015427008   -0.00024631072
        -22.96875            -22.4              300    -0.0096558984      0.011344926     -0.007352889      0.011540239    0.00015505086   -0.00024663538
            -22.5            -22.4              300    -0.0094413618      0.011119594    -0.0072770962       0.01141155    0.00015489415    -0.0002468552
        -22.03125            -22.4              300    -0.0092318803      0.010899518     -0.007201347      0.011283592    0.00015504337    -0.0002470825
         -21.5625            -22.4              300    -0.0090276618       0.01068471    -0.0071257916      0.011157013    0.00015533147   -0.00024715537
        -21.09375            -22.4              300    -0.0088287434      0.010475219    -0.0070504383      0.011031918    0.00015571412   -0.00024707188
          -20.625            -22.4              300    -0.0086351242      0.010271047    -0.0069752876      0.010908308    0.00015619116   -0.00024683191
        -20.15625            -22.4              300    -0.0084468042      0.010072191    -0.0069003385      0.010786184    0.00015676279   -0.00024643561
         -19.6875            -22.4              300    -0.0082637835     0.0098786531    -0.0068255919      0.010665542    0.00015742882   -0.00024588284
        -19.21875            -22.4              300    -0.0080860127      0.009690254    -0.0067509217      0.010546039    0.00015788313   -0.00024526083
           -18.75            -22.4              300    -0.0079128239     0.0095060179    -0.0066770301      0.010427805    0.00015800275    -0.0002446736
        -18.28125            -22.4              300    -0.0077441153     0.0093254661    -0.0066043646       0.01031118    0.00015783649   -0.00024427971
         -17.8125            -22.4              300    -0.0075800656     0.0091488585    -0.0065326947      0.010196213    0.00015734659   -0.00024387054
        -17.34375            -22.4              300    -0.0074206777     0.0089761987    -0.0064620217      0.010082904    0.00015653305   -0.00024344613
          -16.875            -22.4              300    -0.0072659473     0.0088081434    -0.0063914126     0.0099707479    0.00015589569    -0.0002427315
        -16.40625            -22.4              300    -0.0071152262     0.0086440854    -0.0063212225     0.0098596159      0.000155599   -0.00024198483
         -15.9375            -22.4              300    -0.0069683944     0.0084836744    -0.0062518506     0.0097496677    0.00015549484   -0.00024135277
        -15.46875            -22.4              300    -0.0068253828     0.0083268471    -0.0061833519     0.0096409144    0.00015559384   -0.00024081921
              -15            -22.4              300    -0.0066861087     0.0081732217    -0.0061162915     0.0095337676     0.0001558379   -0.00024021922
        -14.53125            -22.4              300    -0.0065511419     0.0080235414    -0.0060504372      0.009428421    0.00015592284   -0.00023949401
         -14.0625            -22.4              300    -0.0064197634     0.0078773201     -0.005985484     0.0093243234    0.00015581738   -0.00023864521
        -13.59375            -22.4              300    -0.0062919748     0.0077345585    -0.0059214332     0.0092214737    0.00015552154   -0.00023767291
          -13.125            -22.4              300     -0.006167775      0.007595256    -0.0058582854     0.0091198711     0.0001550353   -0.00023657699
        -12.65625            -22.4              300    -0.0060466286     0.0074589527    -0.0057956832     0.0090192789    0.00015419684   -0.00023539018
         -12.1875            -22.4              300    -0.0059279269     0.0073249899    -0.0057338816     0.0089197438    0.00015307372   -0.00023438096
        -11.71875            -22.4              300    -0.0058136191     0.0071949745    -0.0056741503     0.0088221701    0.00015254262   -0.00023349602
           -11.25            -22.4              300    -0.0057020606     0.0070677628    -0.0056154737     0.0087257866    0.00015210253   -0.00023260525
        -10.78125            -22.4              300     -0.005593068     0.0069432128    -0.0055577587     0.0086305141    0.00015168465   -0.00023170916
         -10.3125            -22.4              300    -0.0054866425      0.006821326    -0.0055010058     0.0085363537    0.00015128897   -0.00023080772
         -9.84375            -22.4              300    -0.0053827828     0.0067020999    -0.0054452149     0.0084433053    0.00015091547   -0.00022990091
           -9.375            -22.4              300    -0.0052814893     0.0065855365    -0.0053903861     0.0083513707     0.0001505642   -0.00022898879
         -8.90625            -22.4              300    -0.0051823771      0.006471402    -0.0053364914     0.0082604717    0.00015025394   -0.00022793256
          -8.4375            -22.4              300    -0.0050852131     0.0063595003    -0.0052836309     0.0081706466    0.00014993577   -0.00022664049
         -7.96875            -22.4              300    -0.0049903244     0.0062500113    -0.0052318657     0.0080819894    0.00014957308   -0.00022522772
             -7.5            -22.4              300    -0.0048975353     0.0061427392    -0.0051812977     0.0079945214    0.00014922005    -0.0002238255
         -7.03125            -22.4              300    -0.0048074485     0.0060384488    -0.0051319366     0.0079083648    0.00014872893   -0.00022272402
          -6.5625            -22.4              300    -0.0047189347     0.0059361011    -0.0050833551     0.0078232819    0.00014818436   -0.00022160147
         -6.09375            -22.4              300    -0.0046319915     0.0058356961    -0.0050355531     0.0077392743    0.00014758648   -0.00022045791
           -5.625            -22.4              300    -0.0045466218     0.0057372325    -0.0049885316     0.0076563405    0.00014693521   -0.00021929329
         -5.15625            -22.4              300    -0.0044628517     0.0056407345    -0.0049423017     0.0075744744    0.00014625514   -0.00021810328
          -4.6875            -22.4              300    -0.0043808348     0.0055463314    -0.0048968722     0.0074936217    0.00014568758    -0.0002168701
         -4.21875            -22.4              300    -0.0043004435     0.0054539223    -0.0048521492     0.0074137934    0.00014512862   -0.00021561711
            -3.75            -22.4              300    -0.0042216801     0.0053635067    -0.0048081321     0.0073349881    0.00014457827   -0.00021434436
         -3.28125            -22.4              300    -0.0041445433     0.0052750865    -0.0047648204     0.0072572078    0.00014403654   -0.00021305181
          -2.8125            -22.4              300     -0.004069163     0.0051887678    -0.0047222339     0.0071804631    0.00014337712   -0.00021174665
         -2.34375            -22.4              300    -0.0039955699     0.0051045874    -0.0046803956     0.0071047535    0.00014261981   -0.00021042612
           -1.875            -22.4              300    -0.0039231423     0.0050218659    -0.0046392772     0.0070300507    0.00014167275   -0.00020906792
         -1.40625            -22.4              300    -0.0038515816     0.0049402467    -0.0045985873     0.0069562141    0.00014068755    -0.0002077473
          -0.9375            -22.4              300    -0.0037812763     0.0048601958    -0.0045578345     0.0068829749    0.00014037036   -0.00020646017
         -0.46875            -22.4              300    -0.0037124271     0.0047821351     -0.004517762     0.0068110586    0.00013979014   -0.00020526569
                0            -22.4              300    -0.0036448191     0.0047055185    -0.0044780211     0.0067400411    0.00013918882   -0.00020405087
          0.46875            -22.4              300    -0.0035784524     0.0046303463    -0.0044386098     0.0066699232    0.00013856639   -0.00020281566
           0.9375            -22.4              300    -0.0035133262     0.0045566177    -0.0043995287     0.0066007031    0.00013792289   -0.00020156016
          1.40625            -22.4              300    -0.0034494412     0.0044843331    -0.0043607783     0.0065323827    0.00013725825   -0.00020028424
            1.875            -22.4              300    -0.0033867976     0.0044135121    -0.0043223468     0.0064649428    0.00013658988   -0.00019898446
          2.34375            -22.4              300    -0.0033253927     0.0043441756    -0.0042842454     0.0063983905    0.00013591759     -0.000197662
           2.8125            -22.4              300    -0.0032652288      0.004276312    -0.0042464919     0.0063327528    0.00013522223   -0.00019632115
          3.28125            -22.4              300    -0.0032063052     0.0042099198    -0.0042090863     0.0062680282    0.00013450376    -0.0001949619
             3.75            -22.4              300    -0.0031486324     0.0041449359     -0.004171974     0.0062041203    0.00013373494   -0.00019358331
          4.21875            -22.4              300    -0.0030922238     0.0040811007    -0.0041349321     0.0061410489    0.00013305148   -0.00019227827
           4.6875            -22.4              300    -0.0030369535     0.0040184311    -0.0040981835     0.0060788174    0.00013240729   -0.00019099674
          5.15625            -22.4              300     -0.002982819     0.0039568823    -0.0040617222     0.0060173282    0.00013175141   -0.00018972138
            5.625            -22.4              300    -0.0029298197      0.003896455    -0.0040255478     0.0059565827    0.00013108386   -0.00018845225
          6.09375            -22.4              300    -0.0028779565     0.0038371494    -0.0039896597     0.0058965799    0.00013040462   -0.00018718929
           6.5625            -22.4              300     -0.002827229     0.0037789652     -0.003954059     0.0058373208    0.00012971374   -0.00018593253
          7.03125            -22.4              300    -0.0027776372     0.0037219024    -0.0039187446     0.0057788044    0.00012901114   -0.00018468199
              7.5            -22.4              300    -0.0027291812     0.0036659611    -0.0038837178     0.0057210308    0.00012829689   -0.00018343763
          7.96875            -22.4              300    -0.0026818612     0.0036111409    -0.0038489772     0.0056640012    0.00012757092   -0.00018219944
           8.4375            -22.4              300    -0.0026356762     0.0035574422    -0.0038145236     0.0056077139    0.00012683333   -0.00018096749
          8.90625            -22.4              300    -0.0025906279     0.0035048646    -0.0037803571     0.0055521708    0.00012608405   -0.00017974171
            9.375            -22.4              300    -0.0025465987     0.0034533711    -0.0037465503     0.0054972549     0.0001255378   -0.00017864715
          9.84375            -22.4              300    -0.0025034561     0.0034023044    -0.0037130299     0.0054428312    0.00012471201   -0.00017731871
          10.3125            -22.4              300    -0.0024614732     0.0033521294      -0.00368012     0.0053892387    0.00012412279   -0.00017610258
         10.78125            -22.4              300    -0.0024206629     0.0033027946    -0.0036477039     0.0053364541    0.00012358259   -0.00017491252
            11.25            -22.4              300     -0.002381054     0.0032549917      -0.00361557      0.005284565    0.00012293393   -0.00017370032
         11.71875            -22.4              300    -0.0023422725     0.0032079632    -0.0035839074     0.0052332743    0.00012232708   -0.00017249225
          12.1875            -22.4              300    -0.0023043188     0.0031617091     -0.003552716      0.005182582    0.00012176211   -0.00017128835
         12.65625            -22.4              300    -0.0022672163     0.0031161972    -0.0035219842     0.0051325001    0.00012121209   -0.00017009828
           13.125            -22.4              300    -0.0022310191     0.0030714564    -0.0034916499     0.0050830436    0.00012061016   -0.00016892949
         13.59375            -22.4              300     -0.002195694     0.0030275802    -0.0034617118     0.0050341873    0.00011999055   -0.00016776127
          14.0625            -22.4              300    -0.0021612411      0.002984568    -0.0034321703     0.0049859309    0.00011935328   -0.00016659364
         14.53125            -22.4              300      -0.00212766     0.0029424194    -0.0034030238      0.004938276    0.00011869833   -0.00016542658
               15            -22.4              300    -0.0020948583     0.0029009976    -0.0033744436     0.0048912507    0.00011805044   -0.00016428395
         15.46875            -22.4              300    -0.0020628157     0.0028601107    -0.0033466881     0.0048449528    0.00011742604   -0.00016317605
          15.9375            -22.4              300    -0.0020317608     0.0028201633    -0.0033191596     0.0047992952    0.00011676759   -0.00016203997
         16.40625            -22.4              300      -0.00200129     0.0027808545    -0.0032921042     0.0047541736    0.00011611139   -0.00016090613
           16.875            -22.4              300    -0.0019714036     0.0027421848    -0.0032655217     0.0047095865    0.00011545739   -0.00015977446
         17.34375            -22.4              300    -0.0019421015     0.0027041533    -0.0032394114     0.0046655359    0.00011480563   -0.00015864499
          17.8125            -22.4              300    -0.0019133841     0.0026667607    -0.0032137744     0.0046220208     0.0001141561   -0.00015751776
         18.28125            -22.4              300    -0.0018852508      0.002630007    -0.0031886101     0.0045790412    0.00011350878   -0.00015639272
            18.75            -22.4              300    -0.0018577022     0.0025938922    -0.0031639186      0.004536598    0.00011286372    -0.0001552699
         19.21875            -22.4              300    -0.0018307259     0.0025584185    -0.0031396651     0.0044946708    0.00011217985   -0.00015413143
          19.6875            -22.4              300    -0.0018042881     0.0025236008    -0.0031157613     0.0044532274    0.00011137891   -0.00015294096
         20.15625            -22.4              300    -0.0017782636     0.0024892373    -0.0030925879     0.0044123712    0.00011087121    -0.0001519045
           20.625            -22.4              300     -0.001752897      0.002455676     -0.003069547     0.0043719839    0.00011025421   -0.00015083565
         21.09375            -22.4              300    -0.0017278061     0.0024225935    -0.0030470034     0.0043321373    0.00010967513   -0.00014976846
          21.5625            -22.4              300    -0.0017030805     0.0023900529    -0.0030248868     0.0042928006    0.00010909654   -0.00014870224
         22.03125            -22.4              300    -0.0016787205     0.0023580533    -0.0030031977     0.0042539742    0.00010851841   -0.00014763697
             22.5            -22.4              300    -0.0016547263     0.0023265949    -0.0029819356     0.0042156577    0.00010794076   -0.00014657265
         22.96875            -22.4              300    -0.0016310979     0.0022956778    -0.0029611001     0.0041778516    0.00010736359   -0.00014550932
          23.4375            -22.4              300    -0.0016078352     0.0022653022     -0.002940692     0.0041405563     0.0001067869   -0.00014444694
         23.90625            -22.4              300     -0.001584938     0.0022354675    -0.0029207107     0.0041037705    0.00010621065   -0.00014338549
           24.375            -22.4              300    -0.0015623979     0.0022061679    -0.0029011485     0.0040674885    0.00010563934   -0.00014232699
         24.84375            -22.4              300    -0.0015400653     0.0021772604    -0.0028817069     0.0040315478    0.00010509134   -0.00014128682
          25.3125            -22.4              300    -0.0015180332     0.0021488057    -0.0028623624     0.0039959983    0.00010447548   -0.00014024369
         25.78125            -22.4              300    -0.0014962505     0.0021208003    -0.0028432158     0.0039608795    0.00010385702    -0.0001392219
            26.25            -22.4              300    -0.0014747173     0.0020932457    -0.0028242676     0.0039261905    0.00010323602   -0.00013822144
         26.71875            -22.4              300    -0.0014534402     0.0020661496    -0.0028055413     0.0038919339    0.00010261789    -0.0001372422
          27.1875            -22.4              300    -0.0014324939     0.0020395694    -0.0027871327     0.0038580999    0.00010203293   -0.00013628232
         27.65625            -22.4              300    -0.0014118564     0.0020134756    -0.0027689654     0.0038246745    0.00010146777   -0.00013533814
           28.125            -22.4              300    -0.0013913759     0.0019877653     -0.002751065      0.003791681    0.00010091951   -0.00013438497
         28.59375            -22.4              300    -0.0013711047      0.001962435    -0.0027333177     0.0037590961    0.00010037208   -0.00013342543
          29.0625            -22.4              300    -0.0013510432     0.0019374851    -0.0027157241     0.0037269206    9.9825469e-05   -0.00013245957
         29.53125            -22.4              300     -0.001331194     0.0019129188    -0.0026982643     0.0036951648    9.9285833e-05   -0.00013148862
               30            -22.4              300    -0.0013116244     0.0018887511    -0.0026807976     0.0036638477    9.8786586e-05    -0.0001305324
         30.46875            -22.4              300    -0.0012923549     0.0018649473    -0.0026634375     0.0036328635     9.828285e-05   -0.00012959151
          30.9375            -22.4              300    -0.0012733854     0.0018415079    -0.0026461845     0.0036022128    9.7774675e-05   -0.00012866592
         31.40625            -22.4              300     -0.001254716     0.0018184325    -0.0026290384     0.0035718954    9.7262033e-05    -0.0001277557
           31.875            -22.4              300    -0.0012363466     0.0017957215    -0.0026119994     0.0035419108    9.6744894e-05   -0.00012686076
         32.34375            -22.4              300    -0.0012182774     0.0017733744    -0.0025950668     0.0035122598    9.6223317e-05   -0.00012598114
          32.8125            -22.4              300     -0.001200508     0.0017513913    -0.0025782418     0.0034829418    9.5697251e-05   -0.00012511689
         33.28125            -22.4              300    -0.0011828862     0.0017296432    -0.0025614784     0.0034540498    9.5196483e-05   -0.00012426017
            33.75            -22.4              300    -0.0011655514      0.001708237    -0.0025448282     0.0034254824    9.4785384e-05   -0.00012340461
         34.21875            -22.4              300    -0.0011486633     0.0016872203    -0.0025281943     0.0033972303    9.4269089e-05   -0.00012252411
          34.6875            -22.4              300    -0.0011320417     0.0016665127    -0.0025116256     0.0033693442    9.3712137e-05   -0.00012166167
         35.15625            -22.4              300    -0.0011157392     0.0016461189    -0.0024951678     0.0033417749    9.3181465e-05   -0.00012081656
           35.625            -22.4              300    -0.0010997605     0.0016260399    -0.0024788061     0.0033145214    9.2656061e-05   -0.00011998117
         36.09375            -22.4              300    -0.0010841058     0.0016062752    -0.0024625398     0.0032875845    9.2135917e-05   -0.00011915548
          36.5625            -22.4              300     -0.001068775     0.0015868251    -0.0024463697     0.0032609636    9.1620997e-05   -0.00011833948
         37.03125            -22.4              300     -0.001053768     0.0015676894    -0.0024302958     0.0032346589    9.1111346e-05    -0.0001175332
             37.5            -22.4              300    -0.0010390847     0.0015488683    -0.0024143178     0.0032086698    9.0606947e-05   -0.00011673661
         37.96875            -22.4              300    -0.0010247481     0.0015302976      -0.00239847     0.0031829623    9.0214657e-05   -0.00011596319
          38.4375            -22.4              300    -0.0010107778     0.0015119467    -0.0023827758     0.0031575311    8.9880166e-05   -0.00011520251
         38.90625            -22.4              300   -0.00099710864     0.0014938986    -0.0023672136     0.0031323931    8.9411798e-05   -0.00011442549
           39.375            -22.4              300   -0.00098374928     0.0014761278    -0.0023517972     0.0031075354    8.8931803e-05   -0.00011364402
         39.84375            -22.4              300   -0.00097065029     0.0014586534    -0.0023365419     0.0030829345    8.8380468e-05   -0.00011285887
          40.3125            -22.4              300   -0.00095785572     0.0014414284    -0.0023214896     0.0030586028    8.7803222e-05   -0.00011208242
         40.78125            -22.4              300    -0.0009453948     0.0014244387    -0.0023066155      0.003034557    8.7253764e-05   -0.00011132073
            41.25            -22.4              300   -0.00093324686     0.0014077043    -0.0022918622     0.0030107985    8.6752298e-05   -0.00011057733
         41.71875            -22.4              300    -0.0009213934     0.0013912332    -0.0022772574     0.0029873187    8.6258922e-05   -0.00010984582
          42.1875            -22.4              300    -0.0009098344     0.0013750253    -0.0022628012     0.0029641171    8.5773601e-05   -0.00010912623
         42.65625            -22.4              300   -0.00089859683     0.0013590726    -0.0022485487     0.0029412017    8.5320971e-05    -0.0001084197
           43.125            -22.4              300   -0.00088763906     0.0013433419    -0.0022345611     0.0029185452    8.4904219e-05   -0.00010771849
         43.59375            -22.4              300   -0.00087690068     0.0013278327    -0.0022207755      0.002896124    8.4484891e-05   -0.00010701743
          44.0625            -22.4              300   -0.00086638122     0.0013125452    -0.0022071912     0.0028739376    8.4062987e-05   -0.00010631655
         44.53125            -22.4              300   -0.00085608114      0.001297479     -0.002193809     0.0028519868    8.3638515e-05   -0.00010561584
               45            -22.4              300   -0.00084600004     0.0012826346    -0.0021806285     0.0028302711    8.3211467e-05   -0.00010491529
         45.46875            -22.4              300   -0.00083609635     0.0012680045    -0.0021677325     0.0028087879    8.2872531e-05   -0.00010424887
          45.9375            -22.4              300   -0.00082638429     0.0012535993    -0.0021550395     0.0027875458     8.256211e-05   -0.00010359917
         46.40625            -22.4              300   -0.00081696309     0.0012394188    -0.0021424773     0.0027665445     8.210454e-05   -0.00010290246
           46.875            -22.4              300   -0.00080768758     0.0012254245    -0.0021301589     0.0027457711    8.1650258e-05   -0.00010221486
         47.34375            -22.4              300   -0.00079855783     0.0012116161    -0.0021180843     0.0027252256    8.1199265e-05   -0.00010153637
          47.8125            -22.4              300   -0.00078957359     0.0011979939    -0.0021062535     0.0027049074    8.0751546e-05   -0.00010086698
         48.28125            -22.4              300   -0.00078072789     0.0011845706    -0.0020946956     0.0026848291    8.0333484e-05   -0.00010021699
            48.75            -22.4              300   -0.00077201688       0.00117136    -0.0020832878     0.0026649665    7.9900921e-05   -9.9568926e-05
         49.21875            -22.4              300   -0.00076343876     0.0011583518    -0.0020720686     0.0026453296     7.946886e-05   -9.8922166e-05
          49.6875            -22.4              300   -0.00075499527     0.0011455464    -0.0020610387      0.002625918    7.9033656e-05   -9.8276199e-05
         50.15625            -22.4              300   -0.00074668648     0.0011329438    -0.0020501975     0.0026067318    7.8595309e-05    -9.763104e-05
           50.625            -22.4              300   -0.00073839579     0.0011204913    -0.0020395198     0.0025877566    7.8183366e-05   -9.6995485e-05
         51.09375            -22.4              300   -0.00073024014     0.0011082296    -0.0020290052     0.0025689774    7.7814402e-05   -9.6380056e-05
          51.5625            -22.4              300   -0.00072220142     0.0010961514    -0.0020186757     0.0025503992    7.7456221e-05   -9.5773314e-05
         52.03125            -22.4              300   -0.00071421429     0.0010842322    -0.0020085152     0.0025320167    7.7096433e-05    -9.516906e-05
             52.5            -22.4              300   -0.00070627889     0.0010724723    -0.0019985239     0.0025138303    7.6735043e-05    -9.456728e-05
         52.96875            -22.4              300   -0.00069838302     0.0010608793    -0.0019887527     0.0024958579    7.6350865e-05   -9.3964656e-05
          53.4375            -22.4              300   -0.00069052482     0.0010494487    -0.0019791482     0.0024780931    7.5969336e-05   -9.3368741e-05
         53.90625            -22.4              300   -0.00068270578     0.0010381785    -0.0019696963     0.0024605321    7.5596603e-05   -9.2780923e-05
           54.375            -22.4              300   -0.00067492598     0.0010270686    -0.0019603968     0.0024431748    7.5232696e-05   -9.2201197e-05
         54.84375            -22.4              300   -0.00066715304     0.0010160971    -0.0019511862     0.0024259931    7.4866657e-05   -9.1621332e-05
          55.3125            -22.4              300   -0.00065947184     0.0010053065    -0.0019420513     0.0024089993    7.4476629e-05   -9.1038994e-05
         55.78125            -22.4              300   -0.00065185933    0.00099467719     -0.001932992     0.0023921931    7.4077288e-05   -9.0461268e-05
            56.25            -22.4              300   -0.00064428378     0.0009841806    -0.0019239886     0.0023755587    7.3681033e-05   -8.9890178e-05
         56.71875            -22.4              300   -0.00063674507    0.00097381667    -0.0019150409     0.0023590962    7.3287854e-05    -8.932568e-05
          57.1875            -22.4              300   -0.00062924315    0.00096358533    -0.0019061489     0.0023428053    7.2897768e-05   -8.8767818e-05
         57.65625            -22.4              300   -0.00062177825    0.00095348683    -0.0018973127     0.0023266866     7.251076e-05   -8.8216555e-05
           58.125            -22.4              300    -0.0006143502    0.00094352092    -0.0018885324     0.0023107398    7.2126837e-05   -8.7671906e-05
         58.59375            -22.4              300   -0.00060695899    0.00093368773     -0.001879808     0.0022949646    7.1745999e-05   -8.7133878e-05
          59.0625            -22.4              300   -0.00059960468    0.00092398719     -0.001871139     0.0022793617    7.1368246e-05   -8.6602457e-05
         59.53125            -22.4              300   -0.00059229165    0.00091440481    -0.0018624746      0.002263932      7.10038e-05   -8.6074077e-05
               60            -22.4              300   -0.00058512663    0.00090494886    -0.0018538382     0.0022486346    7.0673981e-05   -8.5549524e-05
         60.46875            -22.4              300   -0.00057796569     0.0008956574    -0.0018453166      0.002233515    7.0291673e-05   -8.5034691e-05
          60.9375            -22.4              300   -0.00057089061    0.00088646624    -0.0018367663     0.0022185505    6.9897556e-05   -8.4523315e-05
         61.40625            -22.4              300    -0.0005639086    0.00087738724    -0.0018282152     0.0022037388    6.9509646e-05   -8.4017163e-05
           61.875            -22.4              300   -0.00055701873    0.00086842326    -0.0018196712     0.0021890807    6.9128138e-05   -8.3516636e-05
         62.34375            -22.4              300   -0.00055022119     0.0008595743    -0.0018111344     0.0021745763    6.8753085e-05   -8.3021754e-05
          62.8125            -22.4              300   -0.00054351526    0.00085084018    -0.0018026022     0.0021602248    6.8388705e-05   -8.2532933e-05
         63.28125            -22.4              300   -0.00053689803    0.00084222062    -0.0017940634     0.0021460301    6.8048015e-05   -8.2051811e-05
            63.75            -22.4              300   -0.00053037034    0.00083371624     -0.001785527      0.002131992    6.7714187e-05   -8.1576945e-05
         64.21875            -22.4              300   -0.00052393216    0.00082532701    -0.0017769932     0.0021181104    6.7387235e-05   -8.1108315e-05
          64.6875            -22.4              300   -0.00051765441    0.00081701844    -0.0017685242     0.0021043299    6.7042332e-05   -8.0633181e-05
         65.15625            -22.4              300   -0.00051150715       0.00080881    -0.0017600872      0.002090676    6.6717301e-05   -8.0167556e-05
           65.625            -22.4              300   -0.00050548615    0.00080070499    -0.0017516701     0.0020771474    6.6425768e-05   -7.9712248e-05
         66.09375            -22.4              300   -0.00049959414    0.00079270633    -0.0017432917     0.0020637608     6.611651e-05   -7.9264959e-05
          66.5625            -22.4              300   -0.00049383799    0.00078480999      -0.00173496     0.0020505153    6.5774868e-05   -7.8820864e-05
         67.03125            -22.4              300   -0.00048818716    0.00077702163    -0.0017266971     0.0020373908    6.5451131e-05    -7.837794e-05
             67.5            -22.4              300    -0.0004826799    0.00076932646    -0.0017184746     0.0020243954    6.5127366e-05   -7.7937468e-05
         67.96875            -22.4              300   -0.00047731621    0.00076172448    -0.0017102924     0.0020115292    6.4803549e-05   -7.7499441e-05
          68.4375            -22.4              300   -0.00047209609    0.00075421575     -0.001702151     0.0019987915    6.4479704e-05   -7.7063851e-05
         68.90625            -22.4              300   -0.00046701959    0.00074680033      -0.00169405     0.0019861828    6.4155814e-05   -7.6630713e-05
           69.375            -22.4              300   -0.00046206679    0.00073948607    -0.0016859802     0.0019736981    6.3816013e-05   -7.6200376e-05
         69.84375            -22.4              300   -0.00045722938    0.00073226204    -0.0016779916     0.0019613204    6.3469488e-05   -7.5774456e-05
          70.3125            -22.4              300    -0.0004525143    0.00072512205    -0.0016700985     0.0019490479    6.3125219e-05    -7.535312e-05
         70.78125            -22.4              300   -0.00044792157    0.00071806635    -0.0016623014     0.0019368805     6.278322e-05   -7.4936368e-05
            71.25            -22.4              300   -0.00044345111      0.000711095    -0.0016546001     0.0019248185    6.2443476e-05   -7.4524192e-05
         71.71875            -22.4              300   -0.00043910302    0.00070420769    -0.0016469945     0.0019128616    6.2105988e-05   -7.4116615e-05
          72.1875            -22.4              300   -0.00043487814    0.00069740426    -0.0016394882     0.0019010098    6.1770988e-05   -7.3712967e-05
         72.65625            -22.4              300   -0.00043077205    0.00069068617    -0.0016320951     0.0018892613    6.1444327e-05   -7.3306524e-05
           73.125            -22.4              300   -0.00042676408    0.00068405474    -0.0016247864     0.0018776204    6.1118059e-05   -7.2901545e-05
         73.59375            -22.4              300   -0.00042284583    0.00067750667    -0.0016175935      0.001866087    6.0794191e-05   -7.2500894e-05
          74.0625            -22.4              300   -0.00041901771    0.00067104166    -0.0016105167     0.0018546615    6.0472645e-05   -7.2104565e-05
         74.53125            -22.4              300   -0.00041527953    0.00066466001    -0.0016035555     0.0018433435    6.0153445e-05   -7.1712522e-05
               75            -22.4              300   -0.00041163142    0.00065836159    -0.0015967102     0.0018321334    5.9836595e-05   -7.1324808e-05
         75.46875            -22.4              300   -0.00040807331    0.00065214641     -0.001589981     0.0018210311    5.9522074e-05   -7.0941402e-05
          75.9375            -22.4              300   -0.00040460273    0.00064601563    -0.0015833667     0.0018100326    5.9207923e-05   -7.0560927e-05
         76.40625            -22.4              300    -0.0004011876    0.00063996331    -0.0015768704     0.0017991201    5.8893467e-05   -7.0179653e-05
           76.875            -22.4              300   -0.00039781851    0.00063398271    -0.0015704972     0.0017882951    5.8584614e-05   -6.9799935e-05
         77.34375            -22.4              300   -0.00039449552    0.00062807376    -0.0015642472     0.0017775584    5.8281374e-05   -6.9421767e-05
          77.8125            -22.4              300   -0.00039121855    0.00062223646    -0.0015581199     0.0017669091    5.7983736e-05   -6.9045134e-05
         78.28125            -22.4              300   -0.00038798767    0.00061647082    -0.0015521158     0.0017563482    5.7691697e-05   -6.8670066e-05
            78.75            -22.4              300   -0.00038479923    0.00061077619    -0.0015462073     0.0017458713    5.7411537e-05   -6.8297879e-05
         79.21875            -22.4              300   -0.00038165553    0.00060516427    -0.0015403321     0.0017354738    5.7113637e-05   -6.7927671e-05
          79.6875            -22.4              300   -0.00037851234     0.0005996211    -0.0015345711     0.0017251677     5.680164e-05   -6.7558933e-05
         80.15625            -22.4              300   -0.00037539506     0.0005941448     -0.001529052     0.0017149743    5.6541408e-05   -6.7194596e-05
           80.625            -22.4              300    -0.0003723136    0.00058874569    -0.0015235947     0.0017048629    5.6268331e-05   -6.6832326e-05
         81.09375            -22.4              300   -0.00036923488    0.00058341096    -0.0015181775     0.0016948227    5.5965149e-05   -6.6470639e-05
          81.5625            -22.4              300   -0.00036615782    0.00057814253    -0.0015128369     0.0016848641    5.5664244e-05   -6.6110842e-05
         82.03125            -22.4              300   -0.00036308254    0.00057294039    -0.0015075736     0.0016749873    5.5365617e-05   -6.5752967e-05
             82.5            -22.4              300   -0.00036000891    0.00056780444    -0.0015023871     0.0016651922    5.5069268e-05   -6.5396976e-05
         82.96875            -22.4              300   -0.00035693703    0.00056273484    -0.0014972776     0.0016554788    5.4775192e-05   -6.5042899e-05
          83.4375            -22.4              300   -0.00035385395    0.00055773422    -0.0014922697      0.001645853    5.4477103e-05   -6.4690073e-05
         83.90625            -22.4              300   -0.00035076929    0.00055280112    -0.0014873537     0.0016363121    5.4178829e-05   -6.4339045e-05
           84.375            -22.4              300   -0.00034768513    0.00054793531    -0.0014825268     0.0016268551    5.3881326e-05   -6.3989908e-05
         84.84375            -22.4              300   -0.00034463542    0.00054312072     -0.001477666     0.0016174603    5.3606098e-05   -6.3646905e-05
          85.3125            -22.4              300   -0.00034152181    0.00053836906    -0.0014729057     0.0016081389    5.3321764e-05   -6.3306012e-05
         85.78125            -22.4              300   -0.00033839588    0.00053367438    -0.0014681848     0.0015988902     5.303459e-05   -6.2966035e-05
            86.25            -22.4              300   -0.00033526504    0.00052903459    -0.0014634832      0.001589713     5.274787e-05   -6.2627238e-05
         86.71875            -22.4              300   -0.00033212922    0.00052444963    -0.0014588011     0.0015806076    5.2461604e-05   -6.2289633e-05
          87.1875            -22.4              300   -0.00032899031    0.00051991967    -0.0014541324     0.0015715759    5.2176514e-05   -6.1953207e-05
         87.65625            -22.4              300   -0.00032586488    0.00051544461    -0.0014494655     0.0015626182    5.1894724e-05   -6.1618564e-05
           88.125            -22.4              300   -0.00032275336    0.00051102386    -0.0014448266     0.0015537245    5.1613606e-05   -6.1286191e-05
         88.59375            -22.4              300   -0.00031965572    0.00050665747    -0.0014402156      0.001544895     5.133318e-05   -6.0956074e-05
          89.0625            -22.4              300   -0.00031657194    0.00050234533    -0.0014356328     0.0015361295    5.1053434e-05   -6.0628226e-05
         89.53125            -22.4              300   -0.00031350198    0.00049808744    -0.0014310778      0.001527428    5.0774364e-05   -6.0302642e-05
               90            -22.4              300   -0.00031046581    0.00049387303    -0.0014265154     0.0015187814    5.0501658e-05   -5.9980066e-05
         90.46875            -22.4              300   -0.00030747161    0.00048968993     -0.001421877     0.0015101935    5.0231272e-05   -5.9660571e-05
          90.9375            -22.4              300   -0.00030447514    0.00048555451    -0.0014172127     0.0015016845     4.995909e-05   -5.9343511e-05
         91.40625            -22.4              300   -0.00030149438    0.00048147031     -0.001412581     0.0014932402    4.9690003e-05   -5.9027752e-05
           91.875            -22.4              300   -0.00029856764    0.00047742738      -0.00140796     0.0014848432    4.9422175e-05   -5.8712809e-05
         92.34375            -22.4              300    -0.0002956948    0.00047342575    -0.0014033491      0.001476493    4.9155606e-05    -5.839868e-05
          92.8125            -22.4              300   -0.00029287595    0.00046946542    -0.0013987486     0.0014681899    4.8890306e-05   -5.8085378e-05
         93.28125            -22.4              300   -0.00029011106    0.00046554641    -0.0013941587     0.0014599339    4.8626262e-05   -5.7772879e-05
            93.75            -22.4              300   -0.00028740012    0.00046166868     -0.001389579     0.0014517251     4.836349e-05    -5.746121e-05
         94.21875            -22.4              300   -0.00028474312     0.0004578323    -0.0013850095     0.0014435633    4.8101971e-05   -5.7150355e-05
          94.6875            -22.4              300   -0.00028213131     0.0004540456    -0.0013804581     0.0014354539    4.7833229e-05   -5.6840887e-05
         95.15625            -22.4              300   -0.00027958726    0.00045029575    -0.0013759263     0.0014273856    4.7584472e-05   -5.6533867e-05
           95.625            -22.4              300   -0.00027715578    0.00044656364    -0.0013714407     0.0014193404     4.733606e-05   -5.6230303e-05
         96.09375            -22.4              300   -0.00027483286    0.00044285972     -0.001366955     0.0014113411    4.7077116e-05   -5.5929737e-05
          96.5625            -22.4              300   -0.00027257911    0.00043918836    -0.0013624418     0.0014033811    4.6798916e-05   -5.5621807e-05
         97.03125            -22.4              300   -0.00027038786    0.00043555259    -0.0013579561     0.0013954497    4.6516143e-05   -5.5312932e-05
             97.5            -22.4              300   -0.00026826572    0.00043195693    -0.0013535023     0.0013875541    4.6247951e-05   -5.5011362e-05
         97.96875            -22.4              300   -0.00026622188    0.00042839369    -0.0013491003     0.0013796843    4.5981476e-05    -5.470941e-05
          98.4375            -22.4              300   -0.00026425635    0.00042486272    -0.0013447497     0.0013718407    4.5716704e-05   -5.4407083e-05
         98.90625            -22.4              300   -0.00026236908    0.00042136418    -0.0013404508     0.0013640226    4.5453635e-05    -5.410437e-05
           99.375            -22.4              300   -0.00026056013    0.00041789803    -0.0013362037     0.0013562306    4.5192282e-05   -5.3801286e-05
         99.84375            -22.4              300   -0.00025882944    0.00041446424    -0.0013320083     0.0013484645    4.4932633e-05   -5.3497817e-05
         100.3125            -22.4              300   -0.00025717705    0.00041106282    -0.0013278642     0.0013407243    4.4674685e-05   -5.3193966e-05
        100.78125            -22.4              300   -0.00025560215    0.00040769289     -0.001323779     0.0013330074    4.4418081e-05   -5.2889904e-05
           101.25            -22.4              300   -0.00025411791    0.00040434147    -0.0013198301     0.0013252855    4.4154312e-05   -5.2585216e-05
        101.71875            -22.4              300   -0.00025271525    0.00040102008     -0.001315925     0.0013175777    4.3879732e-05   -5.2274932e-05
         102.1875            -22.4              300   -0.00025137546    0.00039772617    -0.0013120987     0.0013098742    4.3604567e-05   -5.1964813e-05
        102.65625            -22.4              300   -0.00025009853    0.00039445981    -0.0013083506     0.0013021745    4.3328815e-05   -5.1654872e-05
          103.125            -22.4              300   -0.00024888502     0.0003912214      -0.00130468     0.0012944802    4.3053096e-05   -5.1345178e-05
        103.59375            -22.4              300   -0.00024774577    0.00038802321    -0.0013010645     0.0012868136    4.2802752e-05   -5.1038041e-05
         104.0625            -22.4              300    -0.0002466467    0.00038484912    -0.0012975673     0.0012791356    4.2551572e-05   -5.0728679e-05
        104.53125            -22.4              300   -0.00024558778    0.00038169915    -0.0012941884     0.0012714457    4.2299529e-05   -5.0417086e-05
              105            -22.4              300   -0.00024458833    0.00037856901    -0.0012909509     0.0012637329    4.2039504e-05    -5.010347e-05
