           x [mm]           y [mm]           z [mm]       HxRe [A/m]       HxIm [A/m]       HyRe [A/m]       HyIm [A/m]       HzRe [A/m]       HzIm [A/m]
---------------------------------------------------------------------------------------------------------------------------------------------------------
             -105            -22.4              300    0.00089207251    -0.0012331083    -0.0022649493     0.0028242902     8.412786e-05   -0.00010885323
       -104.53125            -22.4              300    0.00090136629    -0.0012477939     -0.002276283     0.0028478403    8.4728126e-05   -0.00010978158
        -104.0625            -22.4              300    0.00091096299    -0.0012627256    -0.0022878642     0.0028715765    8.5312473e-05   -0.00011070904
       -103.59375            -22.4              300    0.00092086138    -0.0012778731    -0.0022997009     0.0028954935    8.5893444e-05   -0.00011163526
         -103.125            -22.4              300    0.00093106146     -0.001293236    -0.0023117922     0.0029195922    8.6471031e-05    -0.0001125602
       -102.65625            -22.4              300    0.00094156299     -0.001308815    -0.0023241385     0.0029438715    8.7045242e-05   -0.00011348385
        -102.1875            -22.4              300    0.00095235067     -0.001324615     -0.002336768      0.002968332    8.7645618e-05   -0.00011440658
       -101.71875            -22.4              300    0.00096345821    -0.0013406214    -0.0023497238     0.0029930174    8.8245717e-05   -0.00011532896
          -101.25            -22.4              300    0.00097486045    -0.0013568928    -0.0023628671     0.0030179045    8.8862129e-05   -0.00011626483
       -100.78125            -22.4              300    0.00098656246    -0.0013734155    -0.0023762262     0.0030429915    8.9489193e-05   -0.00011721347
        -100.3125            -22.4              300    0.00099856546     -0.001390187    -0.0023898066      0.003068279    9.0125395e-05   -0.00011817476
        -99.84375            -22.4              300     0.0010108718    -0.0014072051    -0.0024036111      0.003093766    9.0770838e-05   -0.00011914878
          -99.375            -22.4              300     0.0010235338    -0.0014244554    -0.0024176401      0.003119465     9.141906e-05     -0.000120129
        -98.90625            -22.4              300     0.0010365528    -0.0014419574    -0.0024318569     0.0031454009     9.206243e-05   -0.00012110846
         -98.4375            -22.4              300     0.0010499289     -0.001459711    -0.0024462622     0.0031715729    9.2700968e-05   -0.00012208715
        -97.96875            -22.4              300      0.001063662    -0.0014777163    -0.0024608555     0.0031979815    9.3334645e-05   -0.00012306505
            -97.5            -22.4              300     0.0010777522    -0.0014959733     -0.002475637     0.0032246262    9.3963507e-05    -0.0001240422
        -97.03125            -22.4              300     0.0010922044     -0.001514531    -0.0024906124     0.0032515193    9.4612958e-05   -0.00012501486
         -96.5625            -22.4              300     0.0011070037    -0.0015334119    -0.0025057255     0.0032786981    9.5293661e-05   -0.00012599994
        -96.09375            -22.4              300     0.0011221432    -0.0015525942    -0.0025209577     0.0033061656     9.599363e-05   -0.00012700375
          -95.625            -22.4              300     0.0011376233    -0.0015720777    -0.0025363094     0.0033339218    9.6712887e-05   -0.00012802629
        -95.15625            -22.4              300     0.0011534729    -0.0015918503    -0.0025518078     0.0033619886    9.7458476e-05   -0.00012907217
         -94.6875            -22.4              300     0.0011696708    -0.0016119109    -0.0025673923     0.0033903199    9.8204218e-05   -0.00013012771
        -94.21875            -22.4              300     0.0011861703    -0.0016322825    -0.0025830336     0.0034189057    9.8918361e-05   -0.00013117326
           -93.75            -22.4              300     0.0012030294    -0.0016529604    -0.0025988303     0.0034477846    9.9606899e-05   -0.00013221841
        -93.28125            -22.4              300     0.0012202259    -0.0016739611     -0.002614751     0.0034769503    0.00010028172    -0.0001332653
         -92.8125            -22.4              300     0.0012377597    -0.0016952847    -0.0026307963     0.0035064018    0.00010094281   -0.00013431397
        -92.34375            -22.4              300     0.0012556307    -0.0017169311    -0.0026469654     0.0035361391    0.00010159014   -0.00013536439
          -91.875            -22.4              300     0.0012738446    -0.0017389071    -0.0026632415     0.0035661769    0.00010227136   -0.00013644448
        -91.40625            -22.4              300     0.0012923393    -0.0017612487    -0.0026796202      0.003596575    0.00010299613   -0.00013755276
         -90.9375            -22.4              300     0.0013110889     -0.001783961    -0.0026961179     0.0036273398    0.00010372082   -0.00013866127
        -90.46875            -22.4              300     0.0013300939    -0.0018070443    -0.0027127338     0.0036584707    0.00010444546      -0.00013977
              -90            -22.4              300     0.0013493607    -0.0018304997    -0.0027294636     0.0036899683     0.0001051691   -0.00014087794
        -89.53125            -22.4              300     0.0013689537    -0.0018543408    -0.0027462842     0.0037218286     0.0001058964   -0.00014199014
         -89.0625            -22.4              300     0.0013888299    -0.0018785496    -0.0027632394     0.0037540505    0.00010664481   -0.00014312545
        -88.59375            -22.4              300     0.0014089891    -0.0019031269    -0.0027803294     0.0037866337    0.00010741437   -0.00014428384
          -88.125            -22.4              300     0.0014294311    -0.0019280727    -0.0027975547     0.0038195783    0.00010820502   -0.00014546531
        -87.65625            -22.4              300     0.0014501156    -0.0019535306    -0.0028151704      0.003852901    0.00010894574   -0.00014662097
         -87.1875            -22.4              300     0.0014710848    -0.0019792975    -0.0028327438     0.0038865353    0.00010968917   -0.00014780651
        -86.71875            -22.4              300     0.0014923241    -0.0020055142    -0.0028505691     0.0039205896    0.00011043294   -0.00014899232
           -86.25            -22.4              300     0.0015138349    -0.0020321887    -0.0028686607     0.0039550685    0.00011117713   -0.00015017716
        -85.78125            -22.4              300     0.0015356168    -0.0020593207    -0.0028870183     0.0039899717    0.00011192178   -0.00015136109
         -85.3125            -22.4              300     0.0015576698    -0.0020869104    -0.0029056414     0.0040252986    0.00011266686   -0.00015254403
        -84.84375            -22.4              300     0.0015799946    -0.0021149579     -0.002924531     0.0040610498    0.00011341238   -0.00015372603
          -84.375            -22.4              300     0.0016026301    -0.0021435076    -0.0029436534     0.0040972685    0.00011419217   -0.00015494878
        -83.90625            -22.4              300     0.0016255457    -0.0021725129     -0.002963067     0.0041339272    0.00011499497   -0.00015619784
         -83.4375            -22.4              300     0.0016487374    -0.0022019702    -0.0029827757     0.0041710204     0.0001158188   -0.00015747081
        -82.96875            -22.4              300     0.0016722054    -0.0022318794    -0.0030027793     0.0042085499    0.00011666346   -0.00015876742
            -82.5            -22.4              300     0.0016960157    -0.0022623257    -0.0030235001     0.0042465907    0.00011742314   -0.00015997404
        -82.03125            -22.4              300     0.0017203741    -0.0022933944     -0.003044476      0.004285065    0.00011805427   -0.00016118449
         -81.5625            -22.4              300     0.0017451762    -0.0023250266    -0.0030658268     0.0043240301    0.00011863847    -0.0001624139
        -81.09375            -22.4              300     0.0017703664    -0.0023571982    -0.0030876112     0.0043635038    0.00011925567   -0.00016367319
          -80.625            -22.4              300     0.0017958144    -0.0023898231    -0.0031097676     0.0044034193    0.00012006371   -0.00016499654
        -80.15625            -22.4              300      0.001821729    -0.0024230254    -0.0031323703     0.0044438369    0.00012086671   -0.00016631166
         -79.6875            -22.4              300     0.0018481102    -0.0024568059     -0.003155418     0.0044847564    0.00012166467   -0.00016761852
        -79.21875            -22.4              300      0.001874958     -0.002491164    -0.0031789117     0.0045261784    0.00012245761   -0.00016891718
           -78.75            -22.4              300     0.0019022725       -0.0025261    -0.0032028514     0.0045681014     0.0001232455   -0.00017020757
        -78.28125            -22.4              300     0.0019300536    -0.0025616137    -0.0032272367     0.0046105268    0.00012402836   -0.00017148974
         -77.8125            -22.4              300     0.0019584175    -0.0025977816    -0.0032520778     0.0046534906    0.00012483909   -0.00017276769
        -77.34375            -22.4              300     0.0019875027    -0.0026346536    -0.0032774243     0.0046970393    0.00012568351    -0.0001740685
          -76.875            -22.4              300     0.0020172992    -0.0026722164    -0.0033032815     0.0047411704    0.00012655326    -0.0001753954
        -76.40625            -22.4              300     0.0020478065      -0.00271047    -0.0033296493     0.0047858837    0.00012744835   -0.00017674839
         -75.9375            -22.4              300     0.0020790244    -0.0027494142    -0.0033565278     0.0048311795    0.00012836879   -0.00017812746
        -75.46875            -22.4              300     0.0021109062    -0.0027890031    -0.0033839417     0.0048770406    0.00012935493   -0.00017955013
              -75            -22.4              300     0.0021435386    -0.0028293496    -0.0034117927     0.0049234605    0.00013033228   -0.00018095675
        -74.53125            -22.4              300     0.0021769449    -0.0028704354    -0.0034401305     0.0049704746    0.00013126995   -0.00018234171
         -74.0625            -22.4              300     0.0022111253    -0.0029122613    -0.0034689542     0.0050180834      0.000132168   -0.00018370502
        -73.59375            -22.4              300      0.002246079    -0.0029548272    -0.0034982648     0.0050662858    0.00013302638   -0.00018504662
          -73.125            -22.4              300     0.0022818593    -0.0029981683    -0.0035280879     0.0051151207    0.00013380534   -0.00018637029
        -72.65625            -22.4              300     0.0023187222    -0.0030424716    -0.0035584972     0.0051647346    0.00013437214   -0.00018772551
         -72.1875            -22.4              300     0.0023562415    -0.0030872829    -0.0035893498     0.0052147945    0.00013516414   -0.00018906004
        -71.71875            -22.4              300     0.0023947924    -0.0031330159    -0.0036205985     0.0052655442    0.00013598971   -0.00019042012
           -71.25            -22.4              300     0.0024343755    -0.0031796701    -0.0036522429     0.0053169853    0.00013684883   -0.00019180571
        -70.78125            -22.4              300     0.0024749904    -0.0032272458    -0.0036842828     0.0053691166     0.0001377415   -0.00019321678
         -70.3125            -22.4              300     0.0025166376    -0.0032757432    -0.0037167186     0.0054219374    0.00013866773    -0.0001946534
        -69.84375            -22.4              300     0.0025593163    -0.0033251622    -0.0037495506     0.0054754494     0.0001396275   -0.00019611555
          -69.375            -22.4              300     0.0026030135    -0.0033754527    -0.0037828065     0.0055296514    0.00014060046   -0.00019761115
        -68.90625            -22.4              300     0.0026478129    -0.0034266496    -0.0038165199     0.0055845948    0.00014163487   -0.00019912813
         -68.4375            -22.4              300      0.002693794    -0.0034788894    -0.0038506093     0.0056402679     0.0001424346   -0.00020056922
        -67.96875            -22.4              300     0.0027408395     -0.003532066     -0.003885089      0.005696631    0.00014316461   -0.00020197814
            -67.5            -22.4              300       0.00278895    -0.0035864033    -0.0039195437     0.0057537388    0.00014404178   -0.00020333927
        -67.03125            -22.4              300     0.0028381809    -0.0036416231    -0.0039543207     0.0058115427    0.00014513616    -0.0002048343
         -66.5625            -22.4              300      0.002888581     -0.003697851    -0.0039896648     0.0058700684    0.00014614206   -0.00020637845
        -66.09375            -22.4              300     0.0029401856    -0.0037553029    -0.0040252805     0.0059294007    0.00014709428   -0.00020790106
          -65.625            -22.4              300     0.0029929255     -0.003813989    -0.0040613739     0.0059894943    0.00014768759   -0.00020941799
        -65.15625            -22.4              300     0.0030469899    -0.0038739177    -0.0040974435     0.0060504163    0.00014849515   -0.00021086272
         -64.6875            -22.4              300     0.0031022313     -0.003935012    -0.0041337963      0.006112162    0.00014934731   -0.00021233308
        -64.21875            -22.4              300     0.0031586583     -0.003997237    -0.0041704816      0.006174732     0.0001501978   -0.00021381758
           -63.75            -22.4              300     0.0032162676    -0.0040606139     -0.004207456     0.0062380792    0.00015108715   -0.00021532961
        -63.28125            -22.4              300     0.0032750601     -0.004125142    -0.0042447201     0.0063022026    0.00015201542   -0.00021686917
         -62.8125            -22.4              300     0.0033350349    -0.0041908212    -0.0042822729     0.0063671027     0.0001529826   -0.00021843619
        -62.34375            -22.4              300      0.003396194    -0.0042576841    -0.0043200767     0.0064328108    0.00015399921   -0.00022003142
          -61.875            -22.4              300      0.003458594    -0.0043260138    -0.0043581026     0.0064994791    0.00015503206   -0.00022162273
        -61.40625            -22.4              300     0.0035222657    -0.0043958426    -0.0043965015     0.0065670619    0.00015601577   -0.00022318761
         -60.9375            -22.4              300     0.0035872078    -0.0044671707     -0.004435271     0.0066355588    0.00015695037   -0.00022472606
        -60.46875            -22.4              300     0.0036534215    -0.0045399996    -0.0044744136     0.0067049703    0.00015783585   -0.00022623807
              -60            -22.4              300     0.0037209061    -0.0046143271    -0.0045139287     0.0067752968    0.00015867222   -0.00022772362
        -59.53125            -22.4              300     0.0037896619    -0.0046901545    -0.0045538158     0.0068465373    0.00015945944   -0.00022918275
         -59.0625            -22.4              300     0.0038596888    -0.0047674808     -0.004594075     0.0069186916    0.00016019758   -0.00023061542
        -58.59375            -22.4              300      0.003931175     -0.004846822    -0.0046348544      0.006991595    0.00016106971   -0.00023208369
          -58.125            -22.4              300     0.0040039024    -0.0049276194    -0.0046759816     0.0070656682    0.00016188105   -0.00023359852
        -57.65625            -22.4              300     0.0040778993    -0.0050099879    -0.0047175991     0.0071408306    0.00016275414   -0.00023518015
         -57.1875            -22.4              300     0.0041531888     -0.005093982    -0.0047597284     0.0072170314    0.00016371877   -0.00023683338
        -56.71875            -22.4              300     0.0042299395    -0.0051797186    -0.0048024687     0.0072942316     0.0001647958    -0.0002384641
           -56.25            -22.4              300     0.0043080915    -0.0052671693    -0.0048459112     0.0073722769    0.00016584509   -0.00024011117
        -55.78125            -22.4              300     0.0043879529    -0.0053566517    -0.0048901141     0.0074513238    0.00016676578   -0.00024165893
         -55.3125            -22.4              300     0.0044694543    -0.0054480913    -0.0049350103     0.0075313612    0.00016758949   -0.00024312655
        -54.84375            -22.4              300     0.0045525772    -0.0055414657     -0.004980579     0.0076123886    0.00016833177   -0.00024452116
          -54.375            -22.4              300     0.0046373215    -0.0056367735    -0.0050268183     0.0076944055    0.00016899253    -0.0002458427
        -53.90625            -22.4              300     0.0047242735    -0.0057345051    -0.0050737318     0.0077775745    0.00016941443    -0.0002472593
         -53.4375            -22.4              300      0.004812642    -0.0058341548    -0.0051220083     0.0078620864    0.00016991455   -0.00024862148
        -52.96875            -22.4              300     0.0049028015    -0.0059358962    -0.0051712077     0.0079477122    0.00017052628    -0.0002500386
            -52.5            -22.4              300     0.0049947966     -0.006039747     -0.005221291     0.0080344286    0.00017124965   -0.00025152465
        -52.03125            -22.4              300     0.0050886283    -0.0061457101    -0.0052722581     0.0081222393    0.00017208469   -0.00025307966
         -51.5625            -22.4              300     0.0051844842    -0.0062538804    -0.0053239786     0.0082109282    0.00017312578   -0.00025463078
        -51.09375            -22.4              300     0.0052827215    -0.0063645663    -0.0053766789     0.0083007133    0.00017407496   -0.00025610457
          -50.625            -22.4              300     0.0053833467     -0.006477783    -0.0054303934     0.0083916364    0.00017489577    -0.0002575033
        -50.15625            -22.4              300     0.0054863626     -0.006593531     -0.005485123     0.0084836995    0.00017558824   -0.00025882691
         -49.6875            -22.4              300     0.0055917678    -0.0067118108    -0.0055408664     0.0085769007    0.00017615236    -0.0002600755
        -49.21875            -22.4              300     0.0056996765    -0.0068327342    -0.0055975798     0.0086712614    0.00017656756   -0.00026127411
           -48.75            -22.4              300     0.0058111511    -0.0069570523    -0.0056553637     0.0087671597    0.00017686335   -0.00026267255
        -48.28125            -22.4              300     0.0059255506    -0.0070839189    -0.0057148859     0.0088646505    0.00017732977   -0.00026414311
         -47.8125            -22.4              300     0.0060423417    -0.0072130766    -0.0057757818     0.0089634368    0.00017800339   -0.00026519125
        -47.34375            -22.4              300     0.0061622397    -0.0073454548    -0.0058374042     0.0090631796    0.00017883658   -0.00026625438
          -46.875            -22.4              300     0.0062853321    -0.0074811331    -0.0058997422     0.0091638789    0.00017982346   -0.00026739988
        -46.40625            -22.4              300     0.0064110826    -0.0076196599    -0.0059633441     0.0092656147      0.000180947    -0.0002685998
         -45.9375            -22.4              300     0.0065405332    -0.0077614789    -0.0060280841     0.0093687903    0.00018191503   -0.00026972903
        -45.46875            -22.4              300     0.0066737938    -0.0079066223    -0.0060939705     0.0094734645     0.0001826626   -0.00027081813
              -45            -22.4              300     0.0068108207    -0.0080550369    -0.0061610062     0.0095796147    0.00018306363   -0.00027186249
        -44.53125            -22.4              300     0.0069513768    -0.0082066841    -0.0062290756      0.009687053    0.00018325153   -0.00027273674
         -44.0625            -22.4              300     0.0070955558    -0.0083617223    -0.0062979977     0.0097956778    0.00018321468   -0.00027345499
        -43.59375            -22.4              300     0.0072440444    -0.0085207177    -0.0063676769     0.0099056559    0.00018332683   -0.00027418413
          -43.125            -22.4              300      0.007396874    -0.0086836936    -0.0064381226      0.010017005    0.00018361036   -0.00027493286
        -42.65625            -22.4              300     0.0075540454    -0.0088506481    -0.0065093343      0.010129722    0.00018406523   -0.00027570111
         -42.1875            -22.4              300     0.0077155577    -0.0090215821     -0.006581312      0.010243811    0.00018469147   -0.00027648889
        -41.71875            -22.4              300     0.0078815185    -0.0091964789     -0.006654161      0.010359393    0.00018548362   -0.00027727216
           -41.25            -22.4              300     0.0080525372     -0.009375141    -0.0067285588      0.010477171    0.00018630526   -0.00027796815
        -40.78125            -22.4              300     0.0082284352    -0.0095589086    -0.0068027284       0.01059584    0.00018683176    -0.0002790805
         -40.3125            -22.4              300     0.0084090792    -0.0097472845     -0.006877305      0.010715663    0.00018691107   -0.00027990219
        -39.84375            -22.4              300      0.008594471    -0.0099402741    -0.0069522886      0.010836645    0.00018654314   -0.00028043322
          -39.375            -22.4              300     0.0087846387     -0.010139295    -0.0070268819      0.010958505    0.00018679183   -0.00028040042
        -38.90625            -22.4              300     0.0089799352     -0.010340492    -0.0071032713      0.011083305    0.00018687097   -0.00028059533
         -38.4375            -22.4              300     0.0091809826     -0.010547207    -0.0071799033      0.011209488     0.0001868055   -0.00028079728
        -37.96875            -22.4              300     0.0093878694     -0.010759864    -0.0072565638      0.011336905    0.00018662457   -0.00028095438
            -37.5            -22.4              300     0.0096005993     -0.010978466    -0.0073332558       0.01146555    0.00018632827   -0.00028106652
        -37.03125            -22.4              300     0.0098191686     -0.011203011    -0.0074099763      0.011595427    0.00018591659   -0.00028113383
         -36.5625            -22.4              300       0.01004358     -0.011433502    -0.0074867271      0.011726536    0.00018538955   -0.00028115622
        -36.09375            -22.4              300      0.010273831     -0.011669935    -0.0075635077      0.011858875      0.000184747   -0.00028113363
          -35.625            -22.4              300      0.010509983      -0.01191111    -0.0076403022      0.011992861    0.00018439515   -0.00028128497
        -35.15625            -22.4              300      0.010751812     -0.012157551    -0.0077172546      0.012128204    0.00018432923   -0.00028138811
         -34.6875            -22.4              300       0.01099929     -0.012409468    -0.0077943793      0.012264824    0.00018449541   -0.00028139356
        -34.21875            -22.4              300      0.011254014     -0.012672868     -0.007871191      0.012402862    0.00018344041   -0.00028162712
           -33.75            -22.4              300      0.011515854     -0.012944154    -0.0079474803      0.012543545    0.00018268669   -0.00028179653
        -33.28125            -22.4              300      0.011783839     -0.013219474    -0.0080238674       0.01268576    0.00018265024   -0.00028073278
         -32.8125            -22.4              300      0.012058361     -0.013501788    -0.0081003327      0.012828628    0.00018227912   -0.00027979416
        -32.34375            -22.4              300      0.012339873      -0.01379218    -0.0081765084      0.012972304    0.00018171659   -0.00027881871
          -31.875            -22.4              300      0.012628379     -0.014090654    -0.0082523953      0.013116786    0.00018096274   -0.00027780645
        -31.40625            -22.4              300      0.012923877     -0.014397206    -0.0083279908      0.013262076    0.00018001749    -0.0002767574
         -30.9375            -22.4              300      0.013226366     -0.014711839    -0.0084032984      0.013408173    0.00017888084   -0.00027567154
        -30.46875            -22.4              300      0.013536555     -0.015035918    -0.0084784916      0.013554815    0.00017708028   -0.00027471001
              -30            -22.4              300      0.013855202     -0.015370608    -0.0085539557      0.013703134    0.00017490723    -0.0002737637
        -29.53125            -22.4              300      0.014181689     -0.015714934    -0.0086298464       0.01385297    0.00017265735   -0.00027222015
         -29.0625            -22.4              300       0.01451603     -0.016067471     -0.008706619      0.014005762    0.00017061605   -0.00027006544
        -28.59375            -22.4              300      0.014858883     -0.016429769    -0.0087829959      0.014158801    0.00016870536   -0.00026789107
          -28.125            -22.4              300      0.015210291     -0.016802043    -0.0088588633       0.01431181    0.00016689789   -0.00026573491
        -27.65625            -22.4              300      0.015570253     -0.017184287    -0.0089342194      0.014464784    0.00016519372   -0.00026359694
         -27.1875            -22.4              300       0.01593877     -0.017576504     -0.009009066      0.014617726    0.00016359275   -0.00026147722
        -26.71875            -22.4              300      0.016315842     -0.017978694    -0.0090834023      0.014770636    0.00016209509   -0.00025937578
           -26.25            -22.4              300      0.016703939     -0.018393941    -0.0091576343      0.014924388    0.00016122199   -0.00025828704
        -25.78125            -22.4              300      0.017102664      -0.01882147    -0.0092315366      0.015077839    0.00015916054   -0.00025610282
         -25.3125            -22.4              300      0.017511988      -0.01926125    -0.0093051009      0.015230968    0.00015588793   -0.00025279293
        -24.84375            -22.4              300      0.017932275     -0.019713752     -0.009378491      0.015383931    0.00015184886   -0.00024862602
          -24.375            -22.4              300      0.018364895     -0.020180125    -0.0094534801      0.015537836    0.00014815324   -0.00024459386
        -23.90625            -22.4              300      0.018809879     -0.020660387    -0.0095301233      0.015692713    0.00014482172   -0.00024071999
         -23.4375            -22.4              300       0.01926722     -0.021154542    -0.0096084177      0.015848562    0.00014185419   -0.00023700426
        -22.96875            -22.4              300      0.019737046     -0.021662528    -0.0096881278      0.016005171    0.00013898069   -0.00023296919
            -22.5            -22.4              300      0.020220434     -0.022185044    -0.0097660692      0.016159531    0.00013541151   -0.00022711861
        -22.03125            -22.4              300      0.020718733     -0.022723734    -0.0098408097      0.016310981    0.00013293042   -0.00022139358
         -21.5625            -22.4              300      0.021232482      -0.02327881    -0.0099145835      0.016461011    0.00013014014   -0.00021566202
        -21.09375            -22.4              300       0.02176144     -0.023850141    -0.0099878889      0.016609838    0.00012674236   -0.00020996956
          -20.625            -22.4              300      0.022305608      -0.02443772     -0.010060725      0.016757464    0.00012273662   -0.00020431576
        -20.15625            -22.4              300       0.02286499      -0.02504155     -0.010133091      0.016903888    0.00011812353   -0.00019870119
         -19.6875            -22.4              300      0.023439581     -0.025661629     -0.010204989      0.017049104    0.00011290252   -0.00019312536
        -19.21875            -22.4              300      0.024029277     -0.026297979     -0.010275105      0.017191421    0.00010712775   -0.00018786384
           -18.75            -22.4              300      0.024638612     -0.026955273     -0.010341751      0.017330062    0.00010068029   -0.00018218964
        -18.28125            -22.4              300      0.025271023     -0.027635779     -0.010405615      0.017466052    9.4246891e-05   -0.00017605422
         -17.8125            -22.4              300      0.025925782     -0.028338041     -0.010467648      0.017600339    8.7125125e-05   -0.00016845121
        -17.34375            -22.4              300      0.026602896     -0.029062059     -0.010527848      0.017732918    7.9315039e-05   -0.00015938059
          -16.875            -22.4              300      0.027298987     -0.029804833     -0.010584024      0.017861657    7.0713591e-05   -0.00014836574
        -16.40625            -22.4              300      0.028015755     -0.030569915     -0.010633276      0.017984273    6.3326952e-05    -0.0001377443
         -15.9375            -22.4              300      0.028754722     -0.031359039     -0.010675848      0.018101107    5.7566351e-05   -0.00012812308
        -15.46875            -22.4              300      0.029516095     -0.032173008     -0.010711193      0.018212069    5.3421198e-05   -0.00011929168
              -15            -22.4              300      0.030304499      -0.03301562     -0.010739186      0.018319182    4.9378577e-05   -0.00010991246
        -14.53125            -22.4              300      0.031119063     -0.033881273     -0.010765329      0.018424066    4.3253287e-05   -0.00010069257
         -14.0625            -22.4              300      0.031958476      -0.03477275     -0.010783609      0.018522525    3.5026009e-05   -8.9555528e-05
        -13.59375            -22.4              300      0.032822724     -0.035690043     -0.010794031      0.018614562    2.4696943e-05   -7.6501499e-05
          -13.125            -22.4              300      0.033711813      -0.03663316     -0.010796588      0.018700177    1.2265664e-05   -6.1530125e-05
        -12.65625            -22.4              300      0.034628019     -0.037606709     -0.010786754      0.018776445   -4.7260837e-06   -4.6454952e-05
         -12.1875            -22.4              300      0.035576966     -0.038617518     -0.010759669      0.018841881   -2.3170684e-05   -3.4531728e-05
        -11.71875            -22.4              300      0.036552802     -0.039647371     -0.010732956      0.018909592   -3.3047821e-05   -2.0341671e-05
           -11.25            -22.4              300      0.037558675     -0.040711179     -0.010692208      0.018966217   -4.1848194e-05   -5.7490834e-06
        -10.78125            -22.4              300       0.03859508     -0.041810758     -0.010635763      0.019010365   -5.0294446e-05    8.8893576e-06
         -10.3125            -22.4              300      0.039662007     -0.042946108     -0.010563625      0.019042041   -5.8386475e-05    2.3573724e-05
         -9.84375            -22.4              300      0.040759452     -0.044117216     -0.010475788      0.019061238   -6.6124892e-05     3.830425e-05
           -9.375            -22.4              300      0.041887429     -0.045324091     -0.010372257      0.019067964   -7.3509116e-05    5.3080556e-05
         -8.90625            -22.4              300      0.043046784     -0.046571564     -0.010249495      0.019059259   -8.3878404e-05    7.1169372e-05
          -8.4375            -22.4              300      0.044240158     -0.047863118     -0.010105431      0.019034587   -0.00010083603    9.4161383e-05
         -7.96875            -22.4              300      0.045467556     -0.049194854    -0.0099430839      0.018996859   -0.00012208945    0.00011915196
             -7.5            -22.4              300      0.046730496     -0.050570443    -0.0097592399      0.018946154   -0.00014651133    0.00014026508
         -7.03125            -22.4              300      0.048023749     -0.051971763    -0.0095630754      0.018888559   -0.00015965899    0.00015643983
          -6.5625            -22.4              300      0.049353976     -0.053428367    -0.0093394229      0.018807586   -0.00017423468    0.00017520177
         -6.09375            -22.4              300      0.050721183     -0.054940246    -0.0090882825      0.018703243   -0.00019023758    0.00019655039
           -5.625            -22.4              300      0.052125368     -0.056507401    -0.0088096531      0.018575514    -0.0002076682    0.00022048604
         -5.15625            -22.4              300      0.053566385      -0.05812927    -0.0085039232      0.018424056   -0.00022645391    0.00024703774
          -4.6875            -22.4              300       0.05504252     -0.059802108    -0.0081735579       0.01824661   -0.00024609343    0.00027550306
         -4.21875            -22.4              300       0.05655377     -0.061527986    -0.0078170951      0.018044507   -0.00026684027     0.0003051369
            -3.75            -22.4              300      0.058100119     -0.063306905    -0.0074345367      0.017817754   -0.00028869516    0.00033593975
         -3.28125            -22.4              300      0.059681583     -0.065138876    -0.0070258807      0.017566351   -0.00031165735    0.00036791124
          -2.8125            -22.4              300       0.06129799     -0.067018166    -0.0065913363       0.01729236   -0.00033672989    0.00040083955
         -2.34375            -22.4              300      0.062949426     -0.068944208    -0.0061311922      0.016996181   -0.00036377367    0.00043502648
           -1.875            -22.4              300      0.064654291     -0.070954785    -0.0056311293      0.016663091    -0.0003953444    0.00047585875
         -1.40625            -22.4              300       0.06641411     -0.073059082    -0.0050862441      0.016277047   -0.00042380401    0.00051514385
          -0.9375            -22.4              300      0.068192869      -0.07521034    -0.0045171021        0.0158448    -0.0004370838     0.0005447985
         -0.46875            -22.4              300      0.070020027     -0.077436373    -0.0039192881      0.015392928   -0.00045308098    0.00056283741
                0            -22.4              300       0.07189399     -0.079742372    -0.0032857598      0.014888071   -0.00047353015    0.00058677682
          0.46875            -22.4              300      0.073814757     -0.082128331    -0.0026165152      0.014330233   -0.00049843179    0.00061661605
           0.9375            -22.4              300      0.075782306      -0.08459425    -0.0019115558      0.013719412    -0.0005277844    0.00065235468
          1.40625            -22.4              300      0.077796653     -0.087140128    -0.0011708809      0.013055606   -0.00056159106    0.00069399446
            1.875            -22.4              300      0.079856612     -0.089763723   -0.00039496689      0.012339207   -0.00059920014    0.00074208941
          2.34375            -22.4              300      0.081961922     -0.092464216    0.00041598064      0.011571739   -0.00064021384    0.00079643744
           2.8125            -22.4              300      0.084113836     -0.095243819     0.0012624172      0.010753298   -0.00068521249     0.0008563617
          3.28125            -22.4              300      0.086312324     -0.098102503     0.0021443421     0.0098838843   -0.00073419453    0.00092186051
             3.75            -22.4              300      0.088556513      -0.10103544     0.0030700504     0.0089472551     -0.000792882    0.00099611026
          4.21875            -22.4              300      0.090867281      -0.10408357     0.0040436788     0.0079054916   -0.00085880898     0.0010728594
           4.6875            -22.4              300      0.093257286      -0.10725361     0.0050701303     0.0067709144   -0.00091833557     0.0011467559
          5.15625            -22.4              300      0.095725581      -0.11053829     0.0061576883      0.005532586   -0.00097567745     0.0012208659
            5.625            -22.4              300      0.098272145       -0.1139376     0.0073063541     0.0041905069    -0.0010308342     0.0012951891
          6.09375            -22.4              300       0.10089701      -0.11745159     0.0085161272     0.0027446768    -0.0010838058     0.0013697264
           6.5625            -22.4              300       0.10360015      -0.12108022     0.0097870072     0.0011950965    -0.0011345921     0.0014444757
          7.03125            -22.4              300       0.10638158       -0.1248235      0.011118993   -0.00045823562    -0.0011831938     0.0015194402
              7.5            -22.4              300       0.10924129      -0.12868141       0.01251209    -0.0022153184    -0.0012296109     0.0015946168
          7.96875            -22.4              300       0.11217928      -0.13265398      0.013966291     -0.004076153    -0.0012738429     0.0016700078
           8.4375            -22.4              300       0.11519555      -0.13674118        0.0154816    -0.0060407389    -0.0013158892     0.0017456112
          8.90625            -22.4              300        0.1182901      -0.14094305      0.017058013    -0.0081090732    -0.0013557507     0.0018214287
            9.375            -22.4              300        0.1214468      -0.14523411      0.018705504     -0.010290798    -0.0013443292     0.0018444633
          9.84375            -22.4              300       0.12475119       -0.1496812      0.020618184     -0.012861616    -0.0014836006      0.002005199
          10.3125            -22.4              300       0.12819123      -0.15430485      0.022600923     -0.015601629     -0.001562684     0.0021167588
         10.78125            -22.4              300       0.13178599      -0.15912271      0.024675352      -0.01852419    -0.0016323394     0.0022178146
            11.25            -22.4              300       0.13543017      -0.16403773      0.026683846     -0.021403586    -0.0016940557     0.0023483303
         11.71875            -22.4              300       0.13917612      -0.16906585         0.028878     -0.024556044    -0.0017611475     0.0024829102
          12.1875            -22.4              300       0.14302376      -0.17420706      0.031257816     -0.027981557    -0.0018336058     0.0026215459
         12.65625            -22.4              300       0.14698097      -0.17946975      0.033828318     -0.031685464    -0.0019084299     0.0027523288
           13.125            -22.4              300       0.15103935      -0.18484521      0.036568165     -0.035636712    -0.0019821185     0.0028658961
         13.59375            -22.4              300         0.155175      -0.19030793      0.039453935     -0.039806236    -0.0020604928     0.0029875857
          14.0625            -22.4              300        0.1593879      -0.19585793      0.042485643      -0.04419405    -0.0021435507      0.003117397
         14.53125            -22.4              300       0.16367808      -0.20149516      0.045663275     -0.048800152    -0.0022312906     0.0032553277
               15            -22.4              300       0.16807938      -0.20725438      0.049058404     -0.053725619    -0.0022861338     0.0033657663
         15.46875            -22.4              300       0.17271139      -0.21326816      0.052751977     -0.059095357    -0.0022991863     0.0034444905
          15.9375            -22.4              300       0.17752339      -0.21948278      0.056521147      -0.06458804     -0.002375233     0.0035743883
         16.40625            -22.4              300       0.18240051      -0.22574916      0.060594536     -0.070485398    -0.0024626278     0.0037177037
           16.875            -22.4              300       0.18734275       -0.2320673       0.06497214     -0.076787427     -0.002561376      0.003874443
         17.34375            -22.4              300       0.19235003      -0.23843718      0.069653943     -0.083494127    -0.0026714741     0.0040446026
          17.8125            -22.4              300       0.19742246      -0.24485885      0.074639976     -0.090605512    -0.0027929228     0.0042281831
         18.28125            -22.4              300       0.20255998      -0.25133222      0.079930209     -0.098121583    -0.0029257229     0.0044251857
            18.75            -22.4              300       0.20776263      -0.25785741      0.085524663      -0.10604231    -0.0030698727     0.0046356083
         19.21875            -22.4              300       0.21300884      -0.26440972      0.091404878      -0.11434236    -0.0032515358     0.0048874998
          19.6875            -22.4              300       0.21823907       -0.2709201      0.097527064       -0.1229585    -0.0035165402     0.0052329707
         20.15625            -22.4              300       0.22359815      -0.27754232         0.104261      -0.13236661    -0.0035424521     0.0053305277
           20.625            -22.4              300       0.22875099      -0.28391698       0.11078343      -0.14154413     -0.003542471     0.0053907167
         21.09375            -22.4              300       0.23390153      -0.29023516       0.11792509      -0.15146895    -0.0035935012     0.0055172904
          21.5625            -22.4              300       0.23901731      -0.29646969        0.1255199      -0.16194934    -0.0036721923     0.0056758896
         22.03125            -22.4              300        0.2440984      -0.30262056       0.13356794      -0.17298532    -0.0037785494     0.0058665206
             22.5            -22.4              300       0.24914469      -0.30868769       0.14206915      -0.18457688    -0.0039125658     0.0060891761
         22.96875            -22.4              300       0.25415629      -0.31467119       0.15102354      -0.19672406    -0.0040742476      0.006343862
          23.4375            -22.4              300       0.25913316      -0.32057098       0.16043113      -0.20942681    -0.0042635892      0.006630573
         23.90625            -22.4              300       0.26407528      -0.32638711       0.17029192      -0.22268514    -0.0044805985     0.0069493176
           24.375            -22.4              300        0.2689783      -0.33211377       0.18061958       -0.2365137    -0.0047268774     0.0073021972
         24.84375            -22.4              300       0.27367431      -0.33755043       0.19158828      -0.25107843    -0.0051026605      0.007799645
          25.3125            -22.4              300       0.27804753      -0.34258002       0.20288935      -0.26602006     -0.005521215     0.0083339661
         25.78125            -22.4              300       0.28202498      -0.34711614       0.21446957      -0.28128088    -0.0058227181     0.0087359343
            26.25            -22.4              300       0.28560665       -0.3511588       0.22632888      -0.29686093    -0.0060071629     0.0090055456
         26.71875            -22.4              300       0.28878453      -0.35469964       0.23841712      -0.31270394    -0.0060737263     0.0091436133
          27.1875            -22.4              300       0.29162094      -0.35781509       0.25054497      -0.32859999    -0.0060975789     0.0092407912
         27.65625            -22.4              300       0.29422584      -0.36062473       0.26299882      -0.34487435    -0.0061071431     0.0093258144
           28.125            -22.4              300       0.29644087      -0.36293048       0.27611211      -0.36189976    -0.0061122924     0.0094200568
         28.59375            -22.4              300       0.29807907      -0.36453378       0.28963578      -0.37937477    -0.0062889028     0.0097031277
          29.0625            -22.4              300       0.29914039      -0.36543477       0.30356982      -0.39729944    -0.0066369595      0.010175012
         29.53125            -22.4              300       0.29962197      -0.36563152       0.31793562      -0.41569597    -0.0071153021      0.010791905
               30            -22.4              300       0.29953671       -0.3651545       0.33260494      -0.43439919    -0.0073501803      0.011148457
         30.46875            -22.4              300       0.29892835      -0.36404884        0.3472316      -0.45302418     -0.007526461      0.011435505
          30.9375            -22.4              300       0.29779691      -0.36231446       0.36181557      -0.47157085    -0.0076441327      0.011653031
         31.40625            -22.4              300       0.29614234      -0.35995147       0.37635696      -0.49003938    -0.0077032093      0.011801051
           31.875            -22.4              300       0.29396462      -0.35695973       0.39085561      -0.50842965    -0.0077036875      0.011879561
         32.34375            -22.4              300       0.29126382       -0.3533394       0.40531173      -0.52674168    -0.0076455604      0.011888559
          32.8125            -22.4              300       0.28803989      -0.34909031       0.41972509      -0.54497546    -0.0075288448      0.011828057
         33.28125            -22.4              300       0.28329742      -0.34309235       0.43471432       -0.5638476    -0.0080245528      0.012448666
            33.75            -22.4              300       0.27804136      -0.33645916        0.4494518      -0.58238989    -0.0085592056      0.013132021
         34.21875            -22.4              300       0.27238211      -0.32933912       0.46368355      -0.60026872    -0.0087236278      0.013394371
          34.6875            -22.4              300       0.26591656      -0.32128853       0.47799534      -0.61816853    -0.0088981353      0.013655852
         35.15625            -22.4              300       0.25887653      -0.31256589        0.4919048      -0.63554692    -0.0090933684      0.013939863
           35.625            -22.4              300       0.25125507      -0.30316356       0.50545162      -0.65245193     -0.009287091      0.014219934
         36.09375            -22.4              300       0.24305221      -0.29308164       0.51863569       -0.6688838    -0.0094793122      0.014496082
          36.5625            -22.4              300       0.23426792      -0.28231999       0.53145701      -0.68484235    -0.0096700424      0.014768319
         37.03125            -22.4              300       0.22490221      -0.27087873       0.54391575      -0.70032763    -0.0098592583      0.015036611
             37.5            -22.4              300       0.21495511      -0.25875786       0.55601174       -0.7153396      -0.01004698      0.015300987
         37.96875            -22.4              300       0.20456506      -0.24611114       0.56743902      -0.72953784    -0.0098612988      0.015179058
          38.4375            -22.4              300        0.1935038      -0.23268946        0.5780344      -0.74272221    -0.0096218418      0.015009919
         38.90625            -22.4              300       0.18173906      -0.21845937       0.58831257      -0.75545996    -0.0098530585      0.015324624
           39.375            -22.4              300       0.16954991      -0.20373696       0.59803534      -0.76749516     -0.010020003      0.015561977
         39.84375            -22.4              300       0.15720648      -0.18880349       0.60716248       -0.7787835     -0.010371998      0.015974296
          40.3125            -22.4              300       0.14456864      -0.17351897       0.61536765      -0.78894621     -0.010774267       0.01642728
         40.78125            -22.4              300       0.13149014      -0.15773623       0.62267834      -0.79800934     -0.011045942      0.016738474
            41.25            -22.4              300       0.11796169      -0.14145061       0.62942553      -0.80634737     -0.011209124      0.016939487
         41.71875            -22.4              300       0.10403365      -0.12470891       0.63561547      -0.81397218     -0.011413155      0.017185248
          42.1875            -22.4              300      0.089705996      -0.10751112       0.64124793      -0.82088387      -0.01165805      0.017475761
         42.65625            -22.4              300      0.074914038     -0.089785665       0.64600646       -0.8267256     -0.011841674      0.017702388
           43.125            -22.4              300      0.059889078     -0.071794607       0.64961958      -0.83119154     -0.011859718      0.017747184
         43.59375            -22.4              300      0.044832412     -0.053763099       0.65248585       -0.8347311      -0.01183376      0.017736575
          44.0625            -22.4              300      0.029744022     -0.035691101       0.65460527      -0.83734423     -0.011763794       0.01767057
         44.53125            -22.4              300      0.014623923     -0.017578647       0.65597779      -0.83903092      -0.01164981      0.017549144
               45            -22.4              300   -0.00052790396    0.00057429331       0.65660357      -0.83979124     -0.011491824      0.017372327
         45.46875            -22.4              300     -0.015449943       0.01848002        0.6561116      -0.83920515     -0.011051696      0.016886504
          45.9375            -22.4              300     -0.030195542      0.036194142        0.6548323      -0.83764333     -0.010566738      0.016350919
         46.40625            -22.4              300     -0.045347292      0.054354914       0.65305221      -0.83540499      -0.01049668      0.016265208
           46.875            -22.4              300     -0.060261704      0.072246984       0.65034044      -0.83202612     -0.010493246      0.016253088
         47.34375            -22.4              300     -0.074938767      0.089870349       0.64669698      -0.82750672     -0.010556411      0.016314544
          47.8125            -22.4              300     -0.089378461       0.10722499       0.64212167      -0.82184678     -0.010686204      0.016449595
         48.28125            -22.4              300      -0.10352027       0.12423767       0.63645202      -0.81485718     -0.010760836      0.016519791
            48.75            -22.4              300      -0.11745498       0.14098862       0.63026989      -0.80721128     -0.010818008      0.016560853
         49.21875            -22.4              300      -0.13110824       0.15740819        0.6234054      -0.79871666       -0.0108125      0.016527487
          49.6875            -22.4              300      -0.14448997       0.17350736       0.61585647         -0.78937     -0.010761804      0.016438244
         50.15625            -22.4              300      -0.15760021       0.18928614       0.60762298      -0.77917129     -0.010665918      0.016293125
           50.625            -22.4              300      -0.16983981       0.20408727       0.59884942      -0.76827973     -0.010488965      0.016053542
         51.09375            -22.4              300      -0.18184686       0.21860959       0.58957338       -0.7567513     -0.010275718      0.015776454
          51.5625            -22.4              300      -0.19362411        0.2328462       0.57961297      -0.74437517     -0.010041349      0.015473882
         52.03125            -22.4              300       -0.2048562       0.24644816       0.56901807      -0.73120636    -0.0097806863      0.015136605
             52.5            -22.4              300      -0.21554312       0.25941548       0.55778891      -0.71724474    -0.0094937701      0.014764654
         52.96875            -22.4              300      -0.22558106       0.27163276       0.54567456      -0.70221376    -0.0092818132      0.014469533
          53.4375            -22.4              300      -0.23495142       0.28308049       0.53296053      -0.68643463    -0.0090845767      0.014189417
         53.90625            -22.4              300       -0.2436689       0.29377499       0.51971793      -0.66998678    -0.0088792015      0.013899613
           54.375            -22.4              300      -0.25173348       0.30371633        0.5059467      -0.65287024    -0.0086656744      0.013600108
         54.84375            -22.4              300      -0.25886813       0.31259257       0.49199724      -0.63549393    -0.0083063096      0.013133075
          55.3125            -22.4              300      -0.26568034       0.32106751       0.47788435      -0.61787778     -0.008028334      0.012749624
         55.78125            -22.4              300      -0.27206933       0.32902527       0.46355554      -0.59995991    -0.0078524947      0.012477397
            56.25            -22.4              300      -0.27777332        0.3361758       0.44915885      -0.58191609    -0.0076955869      0.012226125
         56.71875            -22.4              300       -0.2827923       0.34251902       0.43469414      -0.56374621    -0.0075576026      0.011995806
          57.1875            -22.4              300      -0.28712624       0.34805492       0.42016143      -0.54545045    -0.0074385433      0.011786438
         57.65625            -22.4              300      -0.29077518        0.3527835       0.40556085      -0.52702868    -0.0073384121      0.011598027
           58.125            -22.4              300      -0.29373908       0.35670477        0.3908923      -0.50848097    -0.0072572092       0.01143057
         58.59375            -22.4              300      -0.29601794       0.35981876       0.37615579      -0.48980731    -0.0071949321      0.011284064
          59.0625            -22.4              300      -0.29761183       0.36212543       0.36135134      -0.47100767    -0.0071515795      0.011158508
         59.53125            -22.4              300      -0.29849494       0.36359361       0.34668383      -0.45231557    -0.0070232688      0.010942271
               60            -22.4              300      -0.29924643       0.36485684       0.33234492      -0.43398848     -0.006551242      0.010338453
         60.46875            -22.4              300      -0.29923385       0.36521861       0.31770101      -0.41528243     -0.006488604      0.010171705
          60.9375            -22.4              300      -0.29868537       0.36493036        0.3035183       -0.3970885    -0.0065151779      0.010111132
         61.40625            -22.4              300       -0.2976687       0.36406693       0.28969437       -0.3792946     -0.006488252     0.0099923946
           61.875            -22.4              300      -0.29618478       0.36262852       0.27619728      -0.36186382    -0.0064080805      0.009813942
         62.34375            -22.4              300      -0.29423368       0.36061519       0.26302704      -0.34479633    -0.0062746531     0.0095757674
          62.8125            -22.4              300      -0.29181239       0.35802358       0.25018409      -0.32809165    -0.0060775694     0.0092673423
         63.28125            -22.4              300      -0.28889671       0.35482582       0.23767784      -0.31175759     -0.005806522     0.0088810716
            63.75            -22.4              300      -0.28548735       0.35102305       0.22551161      -0.29580131    -0.0055167889     0.0084748119
         64.21875            -22.4              300      -0.28158435       0.34661525       0.21368539       -0.2802228    -0.0052083666     0.0080485726
          64.6875            -22.4              300       -0.2775028       0.34194663       0.20228757      -0.26514146    -0.0050545828     0.0078081582
         65.15625            -22.4              300      -0.27330971        0.3371073        0.1912888      -0.25053486    -0.0048631649     0.0075282808
           65.625            -22.4              300      -0.26906651       0.33217031       0.18069801      -0.23641372    -0.0046762102     0.0072620641
         66.09375            -22.4              300      -0.26453206       0.32685423       0.17054942      -0.22281714    -0.0044360096     0.0069241207
          66.5625            -22.4              300      -0.25974667       0.32120407        0.1608907      -0.20981112    -0.0041226861     0.0064884182
         67.03125            -22.4              300      -0.25493068       0.31548741        0.1515042       -0.1971499    -0.0039243484     0.0061963261
             67.5            -22.4              300      -0.24998152       0.30957374       0.14257984      -0.18504743    -0.0037618605     0.0059480285
         67.96875            -22.4              300      -0.24489909        0.3034631        0.1341176      -0.17350371    -0.0036352102     0.0057435115
          68.4375            -22.4              300      -0.23968348       0.29715547       0.12611751       -0.1625188    -0.0035444018     0.0055827769
         68.90625            -22.4              300      -0.23433468       0.29065078       0.11857957      -0.15209264     -0.003489437     0.0054658321
           69.375            -22.4              300      -0.22891362        0.2840274       0.11138593       -0.1420927    -0.0034172731     0.0053214137
         69.84375            -22.4              300      -0.22353926       0.27742735       0.10447928      -0.13246725    -0.0033235045     0.0051476452
          70.3125            -22.4              300      -0.21820986       0.27084628      0.097899675      -0.12326404    -0.0032307261      0.004975738
         70.78125            -22.4              300       -0.2129254       0.26428422      0.091647103      -0.11448305    -0.0031389317     0.0048056836
            71.25            -22.4              300      -0.20768592       0.25774112      0.085721582      -0.10612427    -0.0030481231     0.0046374854
         71.71875            -22.4              300      -0.20249137       0.25121704      0.080123104     -0.098187752    -0.0029583019     0.0044711446
          72.1875            -22.4              300      -0.19734317       0.24471337      0.074855372     -0.090679444    -0.0028608972     0.0042971894
         72.65625            -22.4              300      -0.19222522       0.23821646        0.0698881     -0.083573356    -0.0026942356     0.0040515671
           73.125            -22.4              300      -0.18716896       0.23177257      0.065164641     -0.076796472    -0.0025523414     0.0038385591
         73.59375            -22.4              300      -0.18223223       0.22545224      0.060717877      -0.07040292    -0.0024290993     0.0036477563
          74.0625            -22.4              300       -0.1774146       0.21925491      0.056547977     -0.064392842    -0.0023241329      0.003478721
         74.53125            -22.4              300      -0.17271608        0.2131805      0.052654929     -0.058766231     -0.002237441     0.0033314512
               75            -22.4              300      -0.16813663       0.20722902      0.049038745     -0.053523097    -0.0021690214     0.0032059439
         75.46875            -22.4              300      -0.16367628       0.20140052      0.045699414     -0.048663434    -0.0021188757     0.0031022015
          75.9375            -22.4              300      -0.15932174       0.19567934      0.042603806     -0.044145379    -0.0020774803     0.0030083046
         76.40625            -22.4              300      -0.15505107       0.19004935       0.03961882     -0.039807487    -0.0020147953     0.0028911144
           76.875            -22.4              300      -0.15089437       0.18455137      0.036777094     -0.035694659    -0.0019446836     0.0027704206
         77.34375            -22.4              300      -0.14685166       0.17918539      0.034078635     -0.031806897    -0.0018671417     0.0026462192
          77.8125            -22.4              300      -0.14292297       0.17395143      0.031523436     -0.028144196    -0.0017821742     0.0025185153
         78.28125            -22.4              300      -0.13910827       0.16884945      0.029111505     -0.024706561    -0.0016897767     0.0023873032
            78.75            -22.4              300      -0.13539158       0.16386186      0.026829991      -0.02146709    -0.0015943601     0.0022582097
         79.21875            -22.4              300      -0.13172626       0.15893129      0.024655607     -0.018374801    -0.0015269321      0.002150957
          79.6875            -22.4              300      -0.12818965       0.15416606      0.022593645     -0.015471501    -0.0014909236     0.0020704833
         80.15625            -22.4              300      -0.12484693       0.14964046      0.020729901     -0.012911818    -0.0014441856     0.0020048821
           80.625            -22.4              300      -0.12156662       0.14519367      0.018968284     -0.010509494    -0.0013850396     0.0019200604
         81.09375            -22.4              300      -0.11835323       0.14084227      0.017261285    -0.0081989141    -0.0013264436     0.0018225377
          81.5625            -22.4              300      -0.11522757       0.13661237      0.015630148    -0.0060204398    -0.0012693066     0.0017290754
         82.03125            -22.4              300      -0.11218967       0.13250399      0.014074882    -0.0039740754    -0.0012136276     0.0016396727
             82.5            -22.4              300       -0.1092395       0.12851709      0.012595481    -0.0020598166    -0.0011594071     0.0015543298
         82.96875            -22.4              300      -0.10637708        0.1246517      0.011191947   -0.00027766617     -0.001106645     0.0014730471
          83.4375            -22.4              300      -0.10361736       0.12092953     0.0098665813     0.0013582688    -0.0010568851     0.0013943845
         83.90625            -22.4              300      -0.10095697       0.11734304     0.0086218622     0.0028494843    -0.0010095056     0.0013189894
           84.375            -22.4              300     -0.098394118       0.11388932     0.0074577425     0.0041975686   -0.00096429646      0.001247061
         84.84375            -22.4              300     -0.095864229       0.11048958      0.006334953     0.0055064494   -0.00090706442     0.0011743419
          85.3125            -22.4              300     -0.093409017       0.10721609     0.0052493755     0.0067096311   -0.00084584969     0.0010884795
         85.78125            -22.4              300     -0.091017589        0.1040473     0.0042073741     0.0078322096   -0.00079406553     0.0010129176
            86.25            -22.4              300     -0.088685356         0.100977     0.0032071816     0.0088854302   -0.00075187237    0.00095029717
         86.71875            -22.4              300     -0.086412303       0.09800522     0.0022487973     0.0098692914   -0.00071927015    0.00090061914
          87.1875            -22.4              300     -0.084200941      0.095135048     0.0013341883      0.010783307   -0.00069559889    0.00086302619
         87.65625            -22.4              300     -0.082050979      0.092362247    0.00046883139      0.011627282   -0.00067188608    0.00082537939
           88.125            -22.4              300     -0.079948403      0.089666799   -0.00035460514      0.012403775   -0.00064593815     0.0007845083
         88.59375            -22.4              300     -0.077893212      0.087048717    -0.0011361195      0.013112789   -0.00061775354    0.00074041181
          89.0625            -22.4              300       -0.0758854      0.084507987    -0.0018757128      0.013754322   -0.00058733328    0.00069309049
         89.53125            -22.4              300     -0.073924966      0.082044616    -0.0025733854      0.014328375   -0.00055467756      0.000642545
               90            -22.4              300     -0.072012775      0.079654396     -0.003236965      0.014861407   -0.00051723019    0.00059570553
         90.46875            -22.4              300     -0.070149384      0.077346854    -0.0038698199      0.015380366   -0.00047570298    0.00055227475
          90.9375            -22.4              300     -0.068336256      0.075141236    -0.0044653853      0.015847685   -0.00043737044    0.00050680805
         91.40625            -22.4              300     -0.066565394      0.073015429    -0.0050299042      0.016260395   -0.00040587544    0.00046471314
           91.875            -22.4              300     -0.064831436      0.070947483    -0.0055652391      0.016640645   -0.00037728745    0.00042583697
         92.34375            -22.4              300     -0.063134372      0.068937406    -0.0060713897      0.016988434   -0.00035160565    0.00039017934
          92.8125            -22.4              300     -0.061474212      0.066985182    -0.0065483577      0.017303767   -0.00032883004    0.00035773983
         93.28125            -22.4              300     -0.059850942       0.06509082    -0.0069961403      0.017586634   -0.00030896155    0.00032851932
            93.75            -22.4              300     -0.058264568      0.063254327      -0.00741474      0.017837048   -0.00029199925    0.00030251715
         94.21875            -22.4              300      -0.05671509       0.06147569    -0.0078041558      0.018054996   -0.00027794359    0.00027973371
          94.6875            -22.4              300     -0.055201676      0.059754517    -0.0081624398      0.018233132   -0.00026333806    0.00025535803
         95.15625            -22.4              300     -0.053725317      0.058087286    -0.0084927185      0.018384904   -0.00024457683    0.00022894626
           95.625            -22.4              300     -0.052290466      0.056466259    -0.0088019203      0.018536562    -0.0002172165    0.00020126719
         96.09375            -22.4              300      -0.05089809      0.054904412    -0.0090808012      0.018670509   -0.00018487884    0.00017115874
          96.5625            -22.4              300     -0.049540944      0.053401411    -0.0093304142      0.018777274   -0.00017187746    0.00014994155
         97.03125            -22.4              300     -0.048214294      0.051942647     -0.009558876      0.018862318   -0.00016230221    0.00012906695
             97.5            -22.4              300     -0.046919577      0.050529189    -0.0097651947      0.018926974   -0.00014063551    0.00010159625
         97.96875            -22.4              300      -0.04565829      0.049155913    -0.0099524567      0.018976424    -0.0001206766    7.6302895e-05
          98.4375            -22.4              300     -0.044430446      0.047822837      -0.01012066      0.019010661   -0.00010242655    5.3187814e-05
         98.90625            -22.4              300     -0.043236028      0.046529941     -0.010269805      0.019029688   -8.5884472e-05    3.2250256e-05
           99.375            -22.4              300     -0.042075045      0.045277238     -0.010399892      0.019033507   -7.1051283e-05     1.349099e-05
         99.84375            -22.4              300     -0.040947497      0.044064727     -0.010510921      0.019022115   -5.7926616e-05   -3.0903852e-06
         100.3125            -22.4              300     -0.039853383      0.042892396      -0.01060289      0.018995514   -4.6510173e-05   -1.7493896e-05
        100.78125            -22.4              300      -0.03879308       0.04175904     -0.010676937      0.018955013   -3.6196925e-05   -3.0086299e-05
           101.25            -22.4              300     -0.037771534      0.040653188     -0.010744628      0.018917145   -2.2143402e-05   -4.5372537e-05
        101.71875            -22.4              300      -0.03677408         0.039586     -0.010795165      0.018865785   -1.4971971e-05   -5.9411381e-05
         102.1875            -22.4              300     -0.035803571      0.038548134     -0.010834222      0.018805148    -6.228438e-06   -7.4522381e-05
        102.65625            -22.4              300     -0.034860007      0.037539609     -0.010861797      0.018735234    4.0865343e-06   -9.0705355e-05
          103.125            -22.4              300       -0.0339435      0.036560647     -0.010877678      0.018655853     1.596021e-05   -0.00010787453
        103.59375            -22.4              300     -0.033057906      0.035618432     -0.010876656      0.018562099    2.8049295e-05   -0.00012181013
         104.0625            -22.4              300     -0.032197956      0.034700491     -0.010871124      0.018464662    4.0141451e-05   -0.00013542999
        104.53125            -22.4              300     -0.031363651      0.033806827     -0.010861079      0.018363541    5.2236675e-05   -0.00014873408
              105            -22.4              300     -0.030555852      0.032938164     -0.010846492      0.018259782    6.4474269e-05   -0.00016210521
