           x [mm]           y [mm]           z [mm]       HxRe [A/m]       HxIm [A/m]       HyRe [A/m]       HyIm [A/m]       HzRe [A/m]       HzIm [A/m]
---------------------------------------------------------------------------------------------------------------------------------------------------------
             -105            -22.4              300      0.035890549      -0.07855048      0.034443852     -0.074281588   -0.00020284868   -0.00040925227
       -104.53125            -22.4              300      0.035922583     -0.078623585      0.034377746     -0.074365348   -0.00020260214   -0.00040878501
        -104.0625            -22.4              300      0.035953473     -0.078695185      0.034315385     -0.074447215   -0.00020187856   -0.00040851854
       -103.59375            -22.4              300      0.035983071     -0.078765415      0.034256894      -0.07452704   -0.00020114145   -0.00040819787
         -103.125            -22.4              300      0.036011383     -0.078834251      0.034202266     -0.074604802   -0.00020039073    -0.0004078229
       -102.65625            -22.4              300      0.036038406     -0.078901716      0.034151491     -0.074680522   -0.00019962639    -0.0004073937
        -102.1875            -22.4              300      0.036064357     -0.078967959      0.034105122     -0.074754313   -0.00019945594   -0.00040668089
       -101.71875            -22.4              300      0.036088593     -0.079033203      0.034064244     -0.074826881   -0.00019937917   -0.00040587084
          -101.25            -22.4              300      0.036111981     -0.079097196      0.034025598     -0.074897565   -0.00019936942   -0.00040519238
       -100.78125            -22.4              300      0.036134306     -0.079159968      0.033989798     -0.074966498   -0.00019929212   -0.00040467567
        -100.3125            -22.4              300      0.036155529     -0.079221509      0.033956964     -0.075033717   -0.00019911576   -0.00040432921
        -99.84375            -22.4              300      0.036175624     -0.079281829      0.033927146     -0.075099215   -0.00019883968    -0.0004041639
          -99.375            -22.4              300      0.036193922      -0.07934054      0.033900477     -0.075163014   -0.00019850323   -0.00040411472
        -98.90625            -22.4              300      0.036210097     -0.079397887      0.033876084     -0.075225227   -0.00019815192   -0.00040392965
         -98.4375            -22.4              300      0.036224157     -0.079453871      0.033853959     -0.075285859   -0.00019778567   -0.00040360857
        -97.96875            -22.4              300      0.036236104     -0.079508469      0.033834115     -0.075344905   -0.00019740447   -0.00040315159
            -97.5            -22.4              300      0.036245938      -0.07956171      0.033816542     -0.075402379   -0.00019700844   -0.00040255871
        -97.03125            -22.4              300      0.036253557     -0.079613715      0.033801757     -0.075458631   -0.00019726978   -0.00040168472
         -96.5625            -22.4              300      0.036259189     -0.079664603      0.033787988     -0.075513609   -0.00019796019   -0.00040076845
        -96.09375            -22.4              300      0.036262989     -0.079714336      0.033774506     -0.075567074   -0.00019863619    -0.0003999527
          -95.625            -22.4              300      0.036264945     -0.079762854      0.033761308      -0.07561902   -0.00019929788   -0.00039923735
        -95.15625            -22.4              300       0.03626392     -0.079810351      0.033749223     -0.075669937   -0.00020016213   -0.00039860568
         -94.6875            -22.4              300      0.036261294     -0.079856358      0.033736855     -0.075718857   -0.00020070862   -0.00039810722
        -94.21875            -22.4              300      0.036258277     -0.079900824      0.033722896     -0.075765222    -0.0002006453   -0.00039764622
           -93.75            -22.4              300      0.036252949      -0.07994426      0.033709906     -0.075810373   -0.00020035663   -0.00039723754
        -93.28125            -22.4              300      0.036246166     -0.079986654       0.03369721     -0.075854093     -0.000200004   -0.00039682284
         -92.8125            -22.4              300      0.036237925     -0.080027997       0.03368482     -0.075896382   -0.00019958732   -0.00039640217
        -92.34375            -22.4              300      0.036228225      -0.08006829      0.033672716     -0.075937226   -0.00019910658   -0.00039597554
          -91.875            -22.4              300      0.036216617     -0.080107629      0.033660676     -0.075976871   -0.00019883913   -0.00039555467
        -91.40625            -22.4              300      0.036204256      -0.08014632      0.033647399     -0.076015249   -0.00019883816   -0.00039507862
         -90.9375            -22.4              300      0.036191959     -0.080184385      0.033632681     -0.076052159   -0.00019884844   -0.00039451558
        -90.46875            -22.4              300      0.036179721     -0.080221824      0.033616528     -0.076087564   -0.00019887005   -0.00039386575
              -90            -22.4              300      0.036167488      -0.08025863      0.033598937     -0.076121479    -0.0001989157   -0.00039312773
        -89.53125            -22.4              300      0.036154576     -0.080294609      0.033580068     -0.076153792   -0.00019908132   -0.00039236492
         -89.0625            -22.4              300      0.036141396     -0.080329925      0.033560038     -0.076184705   -0.00019925338   -0.00039164815
        -88.59375            -22.4              300      0.036127955     -0.080364592      0.033538844     -0.076214224   -0.00019943206   -0.00039097731
          -88.125            -22.4              300      0.036114242     -0.080398589      0.033516489     -0.076242343   -0.00019961708   -0.00039035262
        -87.65625            -22.4              300      0.036103562     -0.080432609      0.033494607     -0.076269262   -0.00019917949   -0.00038983664
         -87.1875            -22.4              300      0.036091469     -0.080465689      0.033470389     -0.076294646   -0.00019860637   -0.00038941106
        -86.71875            -22.4              300      0.036080785     -0.080498636      0.033445489     -0.076319024   -0.00019810509   -0.00038891734
           -86.25            -22.4              300      0.036071636     -0.080531478      0.033420023     -0.076342426   -0.00019768345   -0.00038834976
        -85.78125            -22.4              300      0.036064021     -0.080564216      0.033393987      -0.07636486   -0.00019734181   -0.00038770805
         -85.3125            -22.4              300      0.036057927     -0.080596842      0.033367377     -0.076386303   -0.00019707991   -0.00038699241
        -84.84375            -22.4              300      0.036053374     -0.080629371      0.033340201     -0.076406784   -0.00019689779   -0.00038620288
          -84.375            -22.4              300      0.036050301     -0.080661677      0.033312388     -0.076426268   -0.00019690719   -0.00038538183
        -83.90625            -22.4              300      0.036048722     -0.080693878      0.033284146     -0.076444849   -0.00019692042   -0.00038460709
         -83.4375            -22.4              300       0.03604864     -0.080725983      0.033255484     -0.076462522   -0.00019692503   -0.00038387976
        -82.96875            -22.4              300      0.036050063     -0.080757976      0.033226408     -0.076479286   -0.00019692018   -0.00038319972
            -82.5            -22.4              300      0.036054209     -0.080790713      0.033200879     -0.076496378   -0.00019650692   -0.00038251188
        -82.03125            -22.4              300      0.036058381     -0.080823079      0.033175711     -0.076512963   -0.00019455786   -0.00038250518
         -81.5625            -22.4              300      0.036063813     -0.080855355      0.033151153     -0.076529115   -0.00019188326   -0.00038283947
        -81.09375            -22.4              300       0.03607114     -0.080887683      0.033127401     -0.076544888     -0.000189306   -0.00038316633
          -80.625            -22.4              300      0.036081109     -0.080919988      0.033103466     -0.076559789   -0.00018855731   -0.00038276688
        -80.15625            -22.4              300       0.03609252     -0.080952294      0.033080734      -0.07657443   -0.00018788243   -0.00038232791
         -79.6875            -22.4              300      0.036105376     -0.080984585      0.033059198     -0.076588832   -0.00018728127   -0.00038184953
        -79.21875            -22.4              300       0.03611967     -0.081016853      0.033038862     -0.076602995   -0.00018675404   -0.00038133163
           -78.75            -22.4              300      0.036135409     -0.081049129      0.033019729     -0.076616898   -0.00018630052   -0.00038077432
        -78.28125            -22.4              300       0.03615259     -0.081081383      0.033001784     -0.076630563   -0.00018592083   -0.00038017752
         -77.8125            -22.4              300      0.036170829     -0.081113428      0.032985497     -0.076644123   -0.00018612307   -0.00037932873
        -77.34375            -22.4              300      0.036189303     -0.081145197      0.032971326     -0.076657817   -0.00018646962   -0.00037845148
          -76.875            -22.4              300      0.036207974     -0.081176728      0.032959234     -0.076671645   -0.00018674679   -0.00037764182
        -76.40625            -22.4              300      0.036226839     -0.081208006      0.032949209     -0.076685637   -0.00018695474   -0.00037689967
         -75.9375            -22.4              300      0.036245901     -0.081239045      0.032941259     -0.076699771   -0.00018709344   -0.00037622493
        -75.46875            -22.4              300      0.036265712     -0.081269957      0.032935552     -0.076714024   -0.00018719603   -0.00037559334
              -75            -22.4              300       0.03628568     -0.081300572      0.032931298     -0.076728284   -0.00018747631   -0.00037487611
        -74.53125            -22.4              300      0.036305644     -0.081330866      0.032928914     -0.076742679   -0.00018772014   -0.00037417849
         -74.0625            -22.4              300      0.036325593     -0.081360891      0.032928415     -0.076757245   -0.00018792748   -0.00037350049
        -73.59375            -22.4              300      0.036345534     -0.081390612      0.032929789     -0.076771945   -0.00018809825    -0.0003728421
          -73.125            -22.4              300      0.036365081     -0.081420034      0.032933377     -0.076786987   -0.00018769033   -0.00037244213
        -72.65625            -22.4              300       0.03638234     -0.081449114      0.032940403     -0.076803036   -0.00018462262   -0.00037324429
         -72.1875            -22.4              300      0.036400657     -0.081477612      0.032948583     -0.076818593   -0.00018475254    -0.0003727134
        -71.71875            -22.4              300      0.036417592      -0.08150547      0.032957934     -0.076834269   -0.00018481836    -0.0003722196
           -71.25            -22.4              300      0.036433134     -0.081532724      0.032968462     -0.076850027   -0.00018482021   -0.00037176276
        -70.78125            -22.4              300      0.036447294     -0.081559353      0.032980163     -0.076865897   -0.00018475788   -0.00037134296
         -70.3125            -22.4              300      0.036460064     -0.081585363      0.032993034     -0.076881856   -0.00018463159   -0.00037096019
        -69.84375            -22.4              300      0.036471449     -0.081610754      0.033007082     -0.076897919   -0.00018444116   -0.00037061443
          -69.375            -22.4              300      0.036481488     -0.081635565      0.033022642     -0.076914139   -0.00018383015   -0.00037046839
        -68.90625            -22.4              300      0.036489457     -0.081659749      0.033040162     -0.076930813   -0.00018401546   -0.00036997805
         -68.4375            -22.4              300      0.036495291     -0.081683166      0.033058967       -0.0769476   -0.00018332868   -0.00036980968
        -67.96875            -22.4              300      0.036499638     -0.081705928      0.033078782     -0.076964445   -0.00018252211   -0.00036967912
            -67.5            -22.4              300      0.036503661     -0.081727557      0.033094775     -0.076979682   -0.00018202752   -0.00036939047
        -67.03125            -22.4              300      0.036505282     -0.081748299      0.033111263     -0.076994941    -0.0001824022   -0.00036880624
         -66.5625            -22.4              300      0.036504619     -0.081768736      0.033130549     -0.077011079   -0.00018274238   -0.00036825071
        -66.09375            -22.4              300      0.036502402     -0.081788532      0.033149015     -0.077026874   -0.00018302473   -0.00036769049
          -65.625            -22.4              300      0.036497965     -0.081808098      0.033168644     -0.077043228   -0.00018037269   -0.00036830959
        -65.15625            -22.4              300      0.036492955     -0.081826277      0.033185232      -0.07705801   -0.00018073891   -0.00036763484
         -64.6875            -22.4              300      0.036486264     -0.081843778      0.033200663     -0.077072375   -0.00018109211   -0.00036696429
        -64.21875            -22.4              300      0.036477335     -0.081860624      0.033215448     -0.077086538    -0.0001806607   -0.00036661711
           -63.75            -22.4              300      0.036466826     -0.081876799       0.03322956     -0.077100389   -0.00018022707   -0.00036627272
        -63.28125            -22.4              300      0.036454733     -0.081892297      0.033242997     -0.077113926   -0.00017979118    -0.0003659311
         -62.8125            -22.4              300      0.036441054     -0.081907116      0.033255756     -0.077127129     -0.000179353   -0.00036559228
        -62.34375            -22.4              300      0.036425725     -0.081921287      0.033267409     -0.077139921    -0.0001789894   -0.00036522653
          -61.875            -22.4              300      0.036409516     -0.081935108      0.033276353     -0.077151962    -0.0001788372   -0.00036475604
        -61.40625            -22.4              300      0.036393184     -0.081948623      0.033283476     -0.077163413   -0.00017864961   -0.00036426142
         -60.9375            -22.4              300      0.036376737      -0.08196184      0.033288784     -0.077174261   -0.00017842677   -0.00036374258
        -60.46875            -22.4              300      0.036360171     -0.081974775      0.033292271     -0.077184521   -0.00017816856   -0.00036319956
              -60            -22.4              300      0.036343481     -0.081987403      0.033293944     -0.077194184   -0.00017787496   -0.00036263242
        -59.53125            -22.4              300      0.036326673     -0.081999734      0.033293795     -0.077203266   -0.00017754603   -0.00036204114
         -59.0625            -22.4              300      0.036309741     -0.082011759      0.033291828     -0.077211738   -0.00017718181    -0.0003614256
        -58.59375            -22.4              300      0.036293611     -0.082023971      0.033289466     -0.077220105   -0.00017648832   -0.00036095805
          -58.125            -22.4              300       0.03627729     -0.082035854       0.03328431     -0.077227607    -0.0001759825   -0.00036039285
        -57.65625            -22.4              300       0.03626167     -0.082047649      0.033276744      -0.07723435   -0.00017555751   -0.00035979875
         -57.1875            -22.4              300      0.036246892     -0.082059421      0.033267036       -0.0772404   -0.00017516884   -0.00035920055
        -56.71875            -22.4              300      0.036233708     -0.082071118      0.033255447     -0.077245638   -0.00017514064   -0.00035842654
           -56.25            -22.4              300      0.036221631     -0.082083121      0.033243157     -0.077250704    -0.0001750216   -0.00035764364
        -55.78125            -22.4              300      0.036210947      -0.08209528      0.033230145     -0.077255458   -0.00017472895   -0.00035693138
         -55.3125            -22.4              300      0.036201552     -0.082107544      0.033216149     -0.077259839   -0.00017435968   -0.00035624206
        -54.84375            -22.4              300      0.036193416     -0.082119919       0.03320108     -0.077263847   -0.00017397062   -0.00035554863
          -54.375            -22.4              300      0.036186546     -0.082132392      0.033184938     -0.077267453   -0.00017356165   -0.00035485113
        -53.90625            -22.4              300      0.036180958      -0.08214467      0.033168718     -0.077270694   -0.00017196659   -0.00035461274
         -53.4375            -22.4              300      0.036178388     -0.082157828      0.033152241     -0.077273928   -0.00017035648   -0.00035441288
        -52.96875            -22.4              300       0.03617774     -0.082171343      0.033135261     -0.077276953   -0.00016877879   -0.00035420514
            -52.5            -22.4              300      0.036178935     -0.082185142      0.033117767     -0.077279717   -0.00016722565   -0.00035398925
        -52.03125            -22.4              300      0.036181975     -0.082199238      0.033099756     -0.077282242   -0.00016569698   -0.00035376538
         -51.5625            -22.4              300      0.036186825     -0.082213491      0.033081364     -0.077284552   -0.00016484845   -0.00035324541
        -51.09375            -22.4              300       0.03619311     -0.082227953      0.033063665     -0.077286981   -0.00016418511   -0.00035264727
          -50.625            -22.4              300      0.036200788     -0.082242623      0.033046734     -0.077289522   -0.00016358808   -0.00035202311
        -50.15625            -22.4              300      0.036209859     -0.082257502       0.03303057     -0.077292196    -0.0001630574   -0.00035137308
         -49.6875            -22.4              300      0.036220327     -0.082272589      0.033015169      -0.07729499   -0.00016259315   -0.00035069705
        -49.21875            -22.4              300       0.03623201     -0.082287833      0.033000562     -0.077297896   -0.00016219508   -0.00034999283
           -48.75            -22.4              300      0.036243983     -0.082302988      0.032987941     -0.077301174   -0.00016180227   -0.00034927393
        -48.28125            -22.4              300      0.036257885     -0.082318559      0.032977954     -0.077305079   -0.00016136831   -0.00034858056
         -47.8125            -22.4              300       0.03627409     -0.082334615      0.032969054     -0.077309214   -0.00016117051   -0.00034782267
        -47.34375            -22.4              300      0.036290754     -0.082350679       0.03296103     -0.077313542   -0.00016100681   -0.00034706367
          -46.875            -22.4              300      0.036307719     -0.082366675      0.032954007     -0.077318095   -0.00016084233   -0.00034631457
        -46.40625            -22.4              300      0.036325656     -0.082382955      0.032948844     -0.077323303   -0.00016143049   -0.00034522379
         -45.9375            -22.4              300      0.036343906     -0.082399182      0.032945666     -0.077328973   -0.00016212056   -0.00034412128
        -45.46875            -22.4              300      0.036362495     -0.082415342      0.032944497     -0.077335104   -0.00016253188   -0.00034317785
              -45            -22.4              300       0.03638161     -0.082431518      0.032945286     -0.077341631   -0.00016209726   -0.00034264379
        -44.53125            -22.4              300      0.036401112      -0.08244767      0.032947741      -0.07734856   -0.00016170859   -0.00034212289
         -44.0625            -22.4              300      0.036420755     -0.082463577      0.032951768     -0.077355832   -0.00016106365   -0.00034171002
        -43.59375            -22.4              300      0.036439627     -0.082479119      0.032957297     -0.077363491   -0.00016042523   -0.00034129457
          -43.125            -22.4              300      0.036457699     -0.082494348      0.032964341     -0.077371545   -0.00015983013   -0.00034086348
        -42.65625            -22.4              300      0.036474958     -0.082509242      0.032972883     -0.077379987   -0.00015927834   -0.00034041656
         -42.1875            -22.4              300      0.036491409       -0.0825238      0.032982931     -0.077388808   -0.00015876985   -0.00033995396
        -41.71875            -22.4              300      0.036506835     -0.082538053       0.03299487     -0.077398166   -0.00015846016   -0.00033940803
           -41.25            -22.4              300      0.036520205     -0.082551949       0.03301084     -0.077408738   -0.00015907406    -0.0003384781
        -40.78125            -22.4              300      0.036533434     -0.082565285      0.033025507      -0.07741873   -0.00015879655   -0.00033796049
         -40.3125            -22.4              300      0.036545675     -0.082578227      0.033041015     -0.077428915   -0.00015856109   -0.00033742568
        -39.84375            -22.4              300      0.036556914     -0.082590759      0.033057362     -0.077439316   -0.00015836774   -0.00033687378
          -39.375            -22.4              300      0.036566839     -0.082602665      0.033071764     -0.077449188   -0.00015784409   -0.00033641257
        -38.90625            -22.4              300      0.036573987     -0.082613833      0.033090606     -0.077460296   -0.00015763642   -0.00033586693
         -38.4375            -22.4              300      0.036579475     -0.082624488      0.033109982     -0.077471554   -0.00015744017   -0.00033532557
        -37.96875            -22.4              300      0.036583342     -0.082634583      0.033129308     -0.077482827   -0.00015720092    -0.0003348043
            -37.5            -22.4              300      0.036585577      -0.08264415      0.033148594     -0.077494115   -0.00015691867   -0.00033430316
        -37.03125            -22.4              300      0.036586188     -0.082653165      0.033167839     -0.077505387   -0.00015659349   -0.00033382207
         -36.5625            -22.4              300      0.036585175     -0.082661659      0.033187047     -0.077516675   -0.00015622533   -0.00033336107
        -36.09375            -22.4              300      0.036582533     -0.082669586      0.033206206     -0.077527978   -0.00015581412   -0.00033292017
          -35.625            -22.4              300      0.036578037      -0.08267653      0.033224773     -0.077538855    -0.0001534859   -0.00033329692
        -35.15625            -22.4              300      0.036571834     -0.082682796      0.033243425     -0.077549696   -0.00015073814   -0.00033384125
         -34.6875            -22.4              300      0.036563974     -0.082688503      0.033262312     -0.077560611   -0.00014795692   -0.00033438765
        -34.21875            -22.4              300      0.036555242     -0.082694739      0.033278931     -0.077571645   -0.00014853654   -0.00033349523
           -33.75            -22.4              300      0.036544044     -0.082700148      0.033291951     -0.077581741   -0.00014958793   -0.00033237558
        -33.28125            -22.4              300      0.036530837     -0.082704201      0.033304073     -0.077591032    -0.0001496281   -0.00033163209
         -32.8125            -22.4              300      0.036516506     -0.082707971      0.033316426     -0.077600479   -0.00014980674   -0.00033082112
        -32.34375            -22.4              300      0.036501475     -0.082711436      0.033327419     -0.077609591   -0.00014999179   -0.00032999244
          -31.875            -22.4              300      0.036485732     -0.082714602      0.033337042     -0.077618383   -0.00015018333   -0.00032914599
        -31.40625            -22.4              300      0.036469281     -0.082717463      0.033345301     -0.077626817    -0.0001503813   -0.00032828175
         -30.9375            -22.4              300      0.036452118     -0.082720011      0.033352189     -0.077634923   -0.00015058571   -0.00032739976
        -30.46875            -22.4              300      0.036434647     -0.082722515       0.03335809     -0.077642873   -0.00015035683   -0.00032668989
              -30            -22.4              300      0.036417253     -0.082725011      0.033361148      -0.07765004   -0.00014801003   -0.00032687373
        -29.53125            -22.4              300      0.036400214     -0.082727514      0.033361726     -0.077656604   -0.00014556172   -0.00032704644
         -29.0625            -22.4              300      0.036383204     -0.082729541      0.033358693     -0.077661991   -0.00014435599   -0.00032664358
        -28.59375            -22.4              300      0.036366478      -0.08273147      0.033354074     -0.077666901   -0.00014334156   -0.00032614527
          -28.125            -22.4              300      0.036350098     -0.082733355      0.033348098     -0.077671424   -0.00014234714   -0.00032562591
        -27.65625            -22.4              300      0.036334045     -0.082735211       0.03334076     -0.077675551    -0.0001413727   -0.00032508545
         -27.1875            -22.4              300      0.036318325     -0.082737021      0.033332061     -0.077679291   -0.00014041831   -0.00032452389
        -26.71875            -22.4              300      0.036302947     -0.082738802      0.033322003     -0.077682644   -0.00013948393   -0.00032394129
           -26.25            -22.4              300      0.036288887     -0.082740694      0.033309057      -0.07768511   -0.00013924988   -0.00032301707
        -25.78125            -22.4              300      0.036276024     -0.082742766      0.033295162     -0.077687308   -0.00013903616   -0.00032206663
         -25.3125            -22.4              300      0.036264353     -0.082745023      0.033280358     -0.077689208    -0.0001388294   -0.00032109616
        -24.84375            -22.4              300      0.036254812     -0.082747579      0.033264399     -0.077690661   -0.00013873538   -0.00032007336
          -24.375            -22.4              300      0.036247842     -0.082750708      0.033247612     -0.077691823   -0.00013857332   -0.00031908508
        -23.90625            -22.4              300      0.036243409     -0.082754374      0.033230025      -0.07769271   -0.00013833281   -0.00031813557
         -23.4375            -22.4              300      0.036241513     -0.082758613      0.033211634     -0.077693321   -0.00013801375   -0.00031722485
        -22.96875            -22.4              300      0.036241919     -0.082763374      0.033192731     -0.077693775   -0.00013759722   -0.00031635247
            -22.5            -22.4              300      0.036242865     -0.082768343      0.033174958      -0.07769464   -0.00013705074   -0.00031549769
        -22.03125            -22.4              300      0.036244772     -0.082773291      0.033157151     -0.077695362   -0.00013709556   -0.00031431983
         -21.5625            -22.4              300      0.036248263     -0.082778521      0.033139549     -0.077696078   -0.00013728571   -0.00031306382
        -21.09375            -22.4              300      0.036253426     -0.082784116      0.033122238     -0.077696852   -0.00013742401   -0.00031183619
          -20.625            -22.4              300       0.03626027     -0.082790084      0.033105217     -0.077697687   -0.00013751024   -0.00031063706
        -20.15625            -22.4              300      0.036268782     -0.082796425      0.033088483     -0.077698581   -0.00013754464   -0.00030946621
         -19.6875            -22.4              300      0.036278971     -0.082803145      0.033072036      -0.07769952   -0.00013752701   -0.00030832391
        -19.21875            -22.4              300      0.036290862     -0.082810119      0.033055909     -0.077700503   -0.00013700314   -0.00030743785
           -18.75            -22.4              300      0.036303669     -0.082817353      0.033041723     -0.077702045   -0.00013588498   -0.00030684745
        -18.28125            -22.4              300      0.036317263     -0.082824901      0.033030465     -0.077704452   -0.00013413045   -0.00030654948
         -17.8125            -22.4              300      0.036331903     -0.082832716      0.033021308     -0.077707402   -0.00013229444   -0.00030627183
        -17.34375            -22.4              300       0.03634759     -0.082840793      0.033014253     -0.077710897     -0.000130377   -0.00030601444
          -16.875            -22.4              300      0.036364596     -0.082848832      0.033006888     -0.077714078    -0.0001296893   -0.00030524601
        -16.40625            -22.4              300      0.036382005     -0.082856782      0.032999963     -0.077717274   -0.00012955305   -0.00030426393
         -15.9375            -22.4              300      0.036399554     -0.082864724      0.032994486     -0.077720873   -0.00012937239   -0.00030331395
        -15.46875            -22.4              300      0.036417086     -0.082872637      0.032990549     -0.077724904   -0.00012928402   -0.00030233344
              -15            -22.4              300      0.036434192     -0.082880482      0.032989413     -0.077729747   -0.00012972504   -0.00030112042
        -14.53125            -22.4              300      0.036452331     -0.082888648      0.032991253     -0.077735513   -0.00012948687   -0.00030021291
         -14.0625            -22.4              300       0.03647032      -0.08289668      0.032994624     -0.077741675   -0.00012934532   -0.00029929276
        -13.59375            -22.4              300      0.036488149       -0.0829046       0.03299953     -0.077748254   -0.00012930037   -0.00029835996
          -13.125            -22.4              300      0.036505826     -0.082912408      0.033005971     -0.077755243   -0.00012935202   -0.00029741455
        -12.65625            -22.4              300      0.036522783     -0.082919583      0.033012237     -0.077761993   -0.00012779352   -0.00029720509
         -12.1875            -22.4              300      0.036537901     -0.082925804      0.033018101     -0.077768438   -0.00012329445   -0.00029827876
        -11.71875            -22.4              300      0.036553144     -0.082932569      0.033029489     -0.077776738   -0.00012248381   -0.00029777677
           -11.25            -22.4              300      0.036567342     -0.082939036      0.033042181     -0.077785425    -0.0001221203   -0.00029708218
        -10.78125            -22.4              300      0.036580317     -0.082945079      0.033055723     -0.077794351   -0.00012172489   -0.00029639798
         -10.3125            -22.4              300      0.036592066     -0.082950711      0.033070117      -0.07780353   -0.00012129757    -0.0002957242
         -9.84375            -22.4              300       0.03660259     -0.082955927      0.033085361      -0.07781294   -0.00012083825    -0.0002950608
           -9.375            -22.4              300      0.036611889      -0.08296074      0.033101458     -0.077822611   -0.00012034709   -0.00029440786
         -8.90625            -22.4              300      0.036619455     -0.082965024      0.033117924     -0.077832453    -0.0001206075   -0.00029343221
          -8.4375            -22.4              300      0.036624782     -0.082968675      0.033134717     -0.077842474    -0.0001216413   -0.00029213776
         -7.96875            -22.4              300      0.036628231     -0.082971774      0.033152346     -0.077852771   -0.00012262877   -0.00029087756
             -7.5            -22.4              300       0.03662971     -0.082974136      0.033170361     -0.077863164   -0.00012271164   -0.00029004563
         -7.03125            -22.4              300      0.036629353     -0.082975924      0.033190399     -0.077874094   -0.00012191672   -0.00028954618
          -6.5625            -22.4              300      0.036627255     -0.082977146      0.033209316     -0.077884771   -0.00012107137   -0.00028905118
         -6.09375            -22.4              300      0.036623422     -0.082977802      0.033227123     -0.077895172   -0.00012017573   -0.00028856061
           -5.625            -22.4              300      0.036617845     -0.082977891      0.033243801      -0.07790532   -0.00011922969    -0.0002880744
         -5.15625            -22.4              300      0.036610585     -0.082977444      0.033259526     -0.077915251   -0.00011837864   -0.00028752975
          -4.6875            -22.4              300       0.03660199     -0.082976684      0.033275072      -0.07792522   -0.00011829534   -0.00028663783
         -4.21875            -22.4              300      0.036591932     -0.082975425      0.033289626     -0.077934965   -0.00011825074   -0.00028571568
            -3.75            -22.4              300      0.036580425     -0.082973681       0.03330319     -0.077944458   -0.00011824481   -0.00028476334
         -3.28125            -22.4              300      0.036567457     -0.082971431      0.033315763     -0.077953711   -0.00011827763    -0.0002837808
          -2.8125            -22.4              300      0.036553062     -0.082968622      0.033327483     -0.077962697   -0.00011765101   -0.00028306508
         -2.34375            -22.4              300      0.036537226     -0.082965255      0.033338495     -0.077971481   -0.00011651692    -0.0002825479
           -1.875            -22.4              300      0.036519799     -0.082961351      0.033347346     -0.077979781   -0.00011495452   -0.00028215066
         -1.40625            -22.4              300       0.03650181     -0.082957111      0.033353418     -0.077987365   -0.00011325698   -0.00028176067
          -0.9375            -22.4              300      0.036484472     -0.082952797      0.033357434      -0.07799419   -0.00011462342    -0.0002801604
         -0.46875            -22.4              300      0.036465671     -0.082948267      0.033359695     -0.078000598   -0.00011341777   -0.00027960911
                0            -22.4              300      0.036447406     -0.082943745      0.033360105     -0.078006513   -0.00011225561   -0.00027901065
          0.46875            -22.4              300      0.036429677     -0.082939215      0.033358678     -0.078011923   -0.00011113704   -0.00027836495
           0.9375            -22.4              300        0.0364125     -0.082934685      0.033355419     -0.078016818   -0.00011006207   -0.00027767199
          1.40625            -22.4              300      0.036395852     -0.082930163      0.033350311     -0.078021228   -0.00010903057   -0.00027693188
            1.875            -22.4              300      0.036379743     -0.082925625      0.033343378     -0.078025118   -0.00010820994   -0.00027607326
          2.34375            -22.4              300      0.036364056     -0.082921036      0.033334564       -0.0780285   -0.00010761269   -0.00027508999
           2.8125            -22.4              300      0.036348768     -0.082916409      0.033323877     -0.078031391   -0.00010705904   -0.00027405864
          3.28125            -22.4              300      0.036333874     -0.082911745      0.033311307     -0.078033775   -0.00010654901     -0.000272979
             3.75            -22.4              300      0.036319479     -0.082907014      0.033297218     -0.078035653   -0.00010572164   -0.00027202335
          4.21875            -22.4              300      0.036307316       -0.0829027      0.033281676     -0.078036837   -0.00010446625   -0.00027126266
           4.6875            -22.4              300      0.036296889     -0.082898803       0.03326511     -0.078037724   -0.00010351872   -0.00027035238
          5.15625            -22.4              300      0.036288142     -0.082895257      0.033247937     -0.078038409   -0.00010260546     -0.000269421
            5.625            -22.4              300      0.036281079     -0.082892045      0.033230163     -0.078038923   -0.00010172651   -0.00026846849
          6.09375            -22.4              300      0.036275685     -0.082889177      0.033211786     -0.078039214   -0.00010088183   -0.00026749491
           6.5625            -22.4              300      0.036271978     -0.082886659      0.033192806     -0.078039333   -0.00010007153    -0.0002665002
          7.03125            -22.4              300      0.036269944     -0.082884483      0.033173226     -0.078039251    -9.929543e-05   -0.00026548444
              7.5            -22.4              300       0.03626959      -0.08288265      0.033153046     -0.078038976   -9.8553683e-05   -0.00026444756
          7.96875            -22.4              300      0.036270909      -0.08288116      0.033132255     -0.078038491   -9.7846219e-05   -0.00026338961
           8.4375            -22.4              300      0.036273912     -0.082880013      0.033110868     -0.078037813   -9.7173091e-05   -0.00026231055
          8.90625            -22.4              300      0.036278594     -0.082879208      0.033088882     -0.078036956   -9.6534248e-05   -0.00026121034
            9.375            -22.4              300      0.036283962      -0.08287856      0.033066493      -0.07803598   -9.6697768e-05   -0.00025970046
          9.84375            -22.4              300      0.036290567     -0.082877144       0.03304594     -0.078034863   -9.4387491e-05   -0.00025936932
          10.3125            -22.4              300      0.036299765     -0.082876869      0.033028863       -0.0780349   -9.3900409e-05   -0.00025816823
         10.78125            -22.4              300       0.03631141     -0.082877234      0.033014096     -0.078035526   -9.3480056e-05   -0.00025693077
            11.25            -22.4              300      0.036325473     -0.082879029      0.032999091     -0.078036658   -9.4469251e-05   -0.00025518399
         11.71875            -22.4              300      0.036339775     -0.082880825      0.032985806      -0.07803826     -9.54887e-05   -0.00025343895
          12.1875            -22.4              300      0.036354329     -0.082882665      0.032974247     -0.078040309   -9.6538679e-05   -0.00025169551
         12.65625            -22.4              300       0.03636929     -0.082884476      0.032964323     -0.078042701   -9.7008255e-05    -0.0002501985
           13.125            -22.4              300       0.03638503     -0.082886286       0.03295562     -0.078045279   -9.6254167e-05   -0.00024920472
         13.59375            -22.4              300      0.036401279     -0.082888201      0.032948103     -0.078048155   -9.5493917e-05   -0.00024822561
          14.0625            -22.4              300      0.036418051     -0.082890175      0.032941785     -0.078051336   -9.4727569e-05   -0.00024726117
         14.53125            -22.4              300      0.036435347     -0.082892232      0.032936655     -0.078054816   -9.3955161e-05   -0.00024631133
               15            -22.4              300      0.036452562     -0.082894377      0.032933943     -0.078059018   -9.3543051e-05   -0.00024520248
         15.46875            -22.4              300      0.036469702     -0.082896695      0.032935619     -0.078064494   -9.3789982e-05   -0.00024381648
          15.9375            -22.4              300      0.036488552     -0.082898758      0.032937225     -0.078069709   -9.2944021e-05   -0.00024289631
         16.40625            -22.4              300      0.036506493     -0.082900509      0.032940209     -0.078075327    -9.205762e-05   -0.00024201549
           16.875            -22.4              300      0.036523536     -0.082901962      0.032944575      -0.07808131   -9.1130649e-05     -0.000241174
         17.34375            -22.4              300      0.036539666     -0.082903095      0.032950327     -0.078087687   -9.0163201e-05    -0.0002403718
          17.8125            -22.4              300      0.036554895     -0.082903914      0.032957457     -0.078094453   -8.9155255e-05   -0.00023960893
         18.28125            -22.4              300      0.036569219     -0.082904428      0.032965973     -0.078101605   -8.8106804e-05    -0.0002388854
            18.75            -22.4              300      0.036582641     -0.082904637      0.032975875     -0.078109145   -8.7017856e-05    -0.0002382012
         19.21875            -22.4              300       0.03659511     -0.082904533      0.032986891      -0.07811702   -8.5564527e-05   -0.00023771415
          19.6875            -22.4              300      0.036606431     -0.082904115      0.032998346     -0.078125075   -8.3293133e-05   -0.00023764181
         20.15625            -22.4              300      0.036615774     -0.082903102      0.033012547     -0.078133836   -8.3481413e-05   -0.00023633776
           20.625            -22.4              300      0.036625799     -0.082902335      0.033026695     -0.078142822   -8.2826547e-05   -0.00023548333
         21.09375            -22.4              300      0.036632925     -0.082900688      0.033041421     -0.078151979   -8.2616411e-05   -0.00023444499
          21.5625            -22.4              300      0.036638066     -0.082898445       0.03305671     -0.078161314   -8.2365608e-05   -0.00023342347
         22.03125            -22.4              300      0.036641218     -0.082895614       0.03307255     -0.078170829   -8.2074112e-05   -0.00023241888
             22.5            -22.4              300      0.036642376     -0.082892172      0.033088949     -0.078180529   -8.1742022e-05   -0.00023143107
         22.96875            -22.4              300      0.036641553     -0.082888134      0.033105899     -0.078190386   -8.1369224e-05   -0.00023046017
          23.4375            -22.4              300      0.036638744     -0.082883492      0.033123411     -0.078200445   -8.0955841e-05    -0.0002295061
         23.90625            -22.4              300      0.036633939     -0.082878254      0.033141475     -0.078210667   -8.0501704e-05   -0.00022856891
           24.375            -22.4              300      0.036627129     -0.082872376      0.033159968     -0.078221031   -8.0038619e-05   -0.00022763172
         24.84375            -22.4              300      0.036618698     -0.082865573      0.033175424     -0.078230433   -7.9401325e-05   -0.00022671105
          25.3125            -22.4              300      0.036609486     -0.082858138      0.033188496     -0.078238986   -7.7838828e-05   -0.00022616822
         25.78125            -22.4              300      0.036598925     -0.082850277      0.033200227     -0.078247204   -7.6371623e-05   -0.00022555811
            26.25            -22.4              300      0.036587007     -0.082842015      0.033210617     -0.078255087     -7.49998e-05    -0.0002248807
         26.71875            -22.4              300      0.036573771     -0.082833409      0.033220042     -0.078262821   -7.3793788e-05   -0.00022411662
          27.1875            -22.4              300       0.03655966     -0.082824819      0.033230167     -0.078271061   -7.2937786e-05   -0.00022323852
         27.65625            -22.4              300      0.036544442     -0.082815833      0.033239555     -0.078279115   -7.2194416e-05   -0.00022231208
           28.125            -22.4              300      0.036527291     -0.082806259      0.033247184     -0.078286707   -7.1759874e-05   -0.00022122619
         28.59375            -22.4              300      0.036509324     -0.082796417      0.033252571     -0.078293726   -7.1123832e-05   -0.00022017208
          29.0625            -22.4              300      0.036490548     -0.082786344      0.033255726     -0.078300178   -7.0286362e-05   -0.00021914969
         29.53125            -22.4              300      0.036470983     -0.082775943      0.033256374     -0.078305945   -6.9390408e-05   -0.00021811511
               30            -22.4              300      0.036451489     -0.082765013      0.033253439     -0.078310549   -6.9366215e-05   -0.00021678102
         30.46875            -22.4              300      0.036432572     -0.082754128      0.033249199     -0.078314781   -6.9286994e-05   -0.00021543071
          30.9375            -22.4              300      0.036414228     -0.082743287       0.03324366     -0.078318641   -6.9152906e-05   -0.00021406417
         31.40625            -22.4              300      0.036396462     -0.082732514      0.033236824     -0.078322135   -6.8963804e-05   -0.00021268142
           31.875            -22.4              300      0.036379278     -0.082721777      0.033228688     -0.078325257   -6.8719739e-05   -0.00021128244
         32.34375            -22.4              300      0.036362663     -0.082711086      0.033219256     -0.078327999   -6.8420697e-05   -0.00020986728
          32.8125            -22.4              300      0.036346629     -0.082700454      0.033208519     -0.078330383   -6.8066649e-05   -0.00020843594
         33.28125            -22.4              300       0.03633149     -0.082690388      0.033193234     -0.078331843   -6.6704204e-05   -0.00020741165
            33.75            -22.4              300       0.03631711     -0.082680441       0.03317716     -0.078333035   -6.6371897e-05   -0.00020598533
         34.21875            -22.4              300      0.036305267     -0.082670555      0.033160489     -0.078333683   -6.5786524e-05   -0.00020469553
          34.6875            -22.4              300      0.036294609     -0.082660861      0.033141643     -0.078333713   -6.4563574e-05   -0.00020364842
         35.15625            -22.4              300       0.03628549     -0.082651541      0.033122476     -0.078333661   -6.3507847e-05   -0.00020250981
           35.625            -22.4              300       0.03627795     -0.082642533       0.03310271     -0.078333393    -6.245976e-05   -0.00020135246
         36.09375            -22.4              300      0.036271986     -0.082633853      0.033082344     -0.078332931   -6.1419261e-05   -0.00020017645
          36.5625            -22.4              300      0.036267597     -0.082625486      0.033061381     -0.078332253   -6.0386246e-05   -0.00019898188
         37.03125            -22.4              300      0.036264785     -0.082617432      0.033039819     -0.078331366   -5.9360904e-05   -0.00019776853
             37.5            -22.4              300      0.036263548     -0.082609698      0.033017658     -0.078330293    -5.834311e-05    -0.0001965366
         37.96875            -22.4              300      0.036264323      -0.08260224      0.032995839     -0.078329094   -5.9237194e-05   -0.00019445069
          38.4375            -22.4              300      0.036267839     -0.082595408      0.032974884     -0.078328051   -6.0844566e-05   -0.00019204027
         38.90625            -22.4              300       0.03627288     -0.082589097       0.03295375     -0.078327052   -6.0031743e-05   -0.00019069895
           39.375            -22.4              300      0.036279384     -0.082583085      0.032933116     -0.078326151   -5.9220012e-05   -0.00018938113
         39.84375            -22.4              300      0.036286362     -0.082577147      0.032913402     -0.078325532   -5.7183246e-05   -0.00018859695
          40.3125            -22.4              300       0.03629465     -0.082571551      0.032895502     -0.078325406   -5.4661967e-05    -0.0001880318
         40.78125            -22.4              300      0.036304921     -0.082566358       0.03287898     -0.078325562   -5.2624891e-05   -0.00018727954
            41.25            -22.4              300      0.036316961     -0.082561404      0.032862645     -0.078325637   -5.1263349e-05   -0.00018624659
         41.71875            -22.4              300      0.036330335     -0.082556732      0.032846853     -0.078325801   -4.9850714e-05   -0.00018523241
          42.1875            -22.4              300      0.036345046     -0.082552306      0.032831609     -0.078326039   -4.8386944e-05   -0.00018423704
         42.65625            -22.4              300      0.036361448     -0.082548305      0.032818086     -0.078326695   -4.7382946e-05   -0.00018303479
           43.125            -22.4              300       0.03637886     -0.082544543       0.03280744     -0.078328118   -4.7102199e-05   -0.00018152635
         43.59375            -22.4              300      0.036396403     -0.082540706      0.032798268     -0.078329913   -4.6828602e-05   -0.00018003532
          44.0625            -22.4              300      0.036414076     -0.082536817      0.032790575     -0.078332096   -4.6562149e-05   -0.00017856168
         44.53125            -22.4              300      0.036431883     -0.082532868      0.032784358     -0.078334652   -4.6302939e-05   -0.00017710534
               45            -22.4              300      0.036449827     -0.082528874      0.032779619     -0.078337595   -4.6050842e-05   -0.00017566647
         45.46875            -22.4              300      0.036467038     -0.082525037      0.032777928     -0.078341626   -4.7422618e-05   -0.00017337172
          45.9375            -22.4              300      0.036483884     -0.082521051       0.03277785     -0.078346126   -4.9171482e-05   -0.00017088561
         46.40625            -22.4              300      0.036502276     -0.082516909      0.032777958     -0.078350358   -4.8136433e-05   -0.00016990476
           46.875            -22.4              300      0.036519658     -0.082512416      0.032780055     -0.078355134   -4.7013364e-05   -0.00016896879
         47.34375            -22.4              300      0.036536034      -0.08250761      0.032784153     -0.078360446   -4.5802342e-05   -0.00016807772
          47.8125            -22.4              300      0.036551397     -0.082502462      0.032790244      -0.07836628   -4.4503249e-05   -0.00016723154
         48.28125            -22.4              300       0.03656555     -0.082497105      0.032798998     -0.078372963   -4.3597436e-05   -0.00016616567
            48.75            -22.4              300      0.036578961     -0.082491428      0.032808308     -0.078379788   -4.2471998e-05   -0.00016519701
         49.21875            -22.4              300      0.036591366     -0.082485378      0.032818757     -0.078386903   -4.1414918e-05   -0.00016421334
          49.6875            -22.4              300      0.036602799     -0.082478978      0.032830358     -0.078394316   -4.0347757e-05   -0.00016324915
         50.15625            -22.4              300      0.036613252     -0.082472213      0.032843102     -0.078402042    -3.927057e-05    -0.0001623045
           50.625            -22.4              300      0.036621068      -0.08246465      0.032855988     -0.078409828   -3.8569087e-05   -0.00016117658
         51.09375            -22.4              300      0.036628239      -0.08245676      0.032869704     -0.078417793   -3.8647129e-05   -0.00015969067
          51.5625            -22.4              300      0.036634378     -0.082448445      0.032884296     -0.078425929    -3.892824e-05   -0.00015811322
         52.03125            -22.4              300      0.036638502     -0.082439445      0.032899119     -0.078434102   -3.9110084e-05   -0.00015657228
             52.5            -22.4              300      0.036640614     -0.082429782      0.032914173     -0.078442305   -3.9192426e-05     -0.000155068
         52.96875            -22.4              300       0.03664035     -0.082419619      0.032930464     -0.078450993   -3.8816062e-05     -0.000153767
          53.4375            -22.4              300      0.036637902     -0.082408831      0.032947127     -0.078459799   -3.8391801e-05   -0.00015249074
         53.90625            -22.4              300      0.036633361     -0.082397357      0.032963894     -0.078468621   -3.8022255e-05   -0.00015119281
           54.375            -22.4              300      0.036626715     -0.082385197       0.03298077     -0.078477457   -3.7707494e-05   -0.00014987313
         54.84375            -22.4              300      0.036618199     -0.082372889       0.03299652     -0.078486219   -3.7206817e-05   -0.00014862661
          55.3125            -22.4              300      0.036608756     -0.082359955      0.033011384     -0.078494601   -3.6270823e-05   -0.00014755932
         55.78125            -22.4              300      0.036598161     -0.082346238      0.033025037     -0.078502424    -3.515248e-05    -0.0001465504
            56.25            -22.4              300      0.036586478     -0.082332097      0.033037037     -0.078509741   -3.4059514e-05   -0.00014551514
         56.71875            -22.4              300      0.036573708     -0.082317516      0.033047367     -0.078516528   -3.2991957e-05   -0.00014445352
          57.1875            -22.4              300      0.036559854     -0.082302488      0.033056043     -0.078522816   -3.1949781e-05   -0.00014336548
         57.65625            -22.4              300      0.036544908     -0.082287043      0.033063054     -0.078528591   -3.0932959e-05   -0.00014225111
           58.125            -22.4              300      0.036528878     -0.082271151      0.033068404     -0.078533843   -2.9941515e-05   -0.00014111039
         58.59375            -22.4              300       0.03651176      -0.08225482      0.033072095     -0.078538582   -2.8975463e-05   -0.00013994328
          59.0625            -22.4              300      0.036493551     -0.082238063      0.033074126     -0.078542814   -2.8034829e-05   -0.00013874979
         59.53125            -22.4              300      0.036474753     -0.082220852      0.033073287     -0.078546107   -2.7380185e-05   -0.00013739076
               60            -22.4              300      0.036457576     -0.082204022       0.03307151     -0.078549027   -2.7224371e-05   -0.00013575183
         60.46875            -22.4              300      0.036438201     -0.082186677      0.033069763     -0.078552157    -2.596846e-05    -0.0001345746
          60.9375            -22.4              300      0.036419772     -0.082169294      0.033065256     -0.078554325   -2.4489331e-05   -0.00013347952
         61.40625            -22.4              300      0.036402266     -0.082151994      0.033058722     -0.078555778   -2.3052959e-05   -0.00013233376
           61.875            -22.4              300      0.036385603     -0.082134783      0.033050366     -0.078556605   -2.1656397e-05   -0.00013113598
         62.34375            -22.4              300      0.036369786     -0.082117692      0.033040188     -0.078556813   -2.0299762e-05   -0.00012988612
          62.8125            -22.4              300      0.036354814      -0.08210066      0.033028096     -0.078556351   -1.9088759e-05   -0.00012853378
         63.28125            -22.4              300      0.036340687      -0.08208365      0.033013724     -0.078555077   -1.8372459e-05   -0.00012691923
            63.75            -22.4              300      0.036327377     -0.082066707      0.032997403     -0.078553155   -1.7751707e-05   -0.00012523707
         64.21875            -22.4              300      0.036314897     -0.082049854      0.032979134     -0.078550577   -1.7226517e-05    -0.0001234872
          64.6875            -22.4              300      0.036305077     -0.082033716      0.032961082     -0.078547947    -1.664316e-05   -0.00012185557
         65.15625            -22.4              300      0.036296941     -0.082017787      0.032942511      -0.07854493   -1.6394573e-05   -0.00012005307
           65.625            -22.4              300      0.036290236     -0.082001835      0.032923177     -0.078541368   -1.6944825e-05   -0.00011789199
         66.09375            -22.4              300      0.036285333     -0.081986442      0.032903444     -0.078537658    -1.671332e-05   -0.00011601545
          66.5625            -22.4              300      0.036282502     -0.081971742      0.032883748     -0.078533933    -1.533815e-05   -0.00011458337
         67.03125            -22.4              300      0.036280394     -0.081957065      0.032864638      -0.07853017   -1.4745395e-05   -0.00011286837
             67.5            -22.4              300      0.036280513     -0.081942834      0.032845356     -0.078526154   -1.4214298e-05    -0.0001111311
         67.96875            -22.4              300       0.03628286      -0.08192908      0.032825898     -0.078521907   -1.3745019e-05   -0.00010937147
          68.4375            -22.4              300      0.036287442     -0.081915781       0.03280627     -0.078517422   -1.3337523e-05   -0.00010758951
         68.90625            -22.4              300      0.036294252     -0.081902951      0.032786462     -0.078512698   -1.2991752e-05   -0.00010578524
           69.375            -22.4              300      0.036302697     -0.081890166      0.032766238      -0.07850755   -1.1996703e-05   -0.00010426238
         69.84375            -22.4              300      0.036312349     -0.081877463      0.032747015     -0.078502379   -1.0620754e-05    -0.0001029054
          70.3125            -22.4              300      0.036323391     -0.081865013      0.032729216      -0.07849735   -9.2360997e-06   -0.00010155528
         70.78125            -22.4              300      0.036335818     -0.081852823       0.03271284     -0.078492463   -7.8429111e-06   -0.00010021183
            71.25            -22.4              300      0.036349632     -0.081840888      0.032697883     -0.078487732   -6.4411261e-06   -9.8875127e-05
         71.71875            -22.4              300      0.036364831      -0.08182922      0.032684349     -0.078483135   -5.0307199e-06   -9.7545191e-05
          72.1875            -22.4              300      0.036381446     -0.081817828      0.032672338     -0.078478716   -3.6175331e-06   -9.6225951e-05
         72.65625            -22.4              300       0.03639942     -0.081806749      0.032662328       -0.0784747   -2.4309993e-06   -9.4847936e-05
           73.125            -22.4              300      0.036418203     -0.081795722      0.032653458     -0.078470707   -1.2620528e-06   -9.3442468e-05
         73.59375            -22.4              300      0.036437437      -0.08178468      0.032646686     -0.078467026   -1.3003773e-07   -9.2031252e-05
          74.0625            -22.4              300      0.036457144     -0.081773624      0.032642014     -0.078463666    9.6702888e-07   -9.0615387e-05
         74.53125            -22.4              300      0.036477305     -0.081762552      0.032639436     -0.078460611       2.0291e-06   -8.9194815e-05
               75            -22.4              300      0.036497936     -0.081751473      0.032638952     -0.078457877    3.0561182e-06   -8.7769498e-05
         75.46875            -22.4              300      0.036519032     -0.081740387      0.032640569     -0.078455448    4.0481273e-06   -8.6339474e-05
          75.9375            -22.4              300      0.036540546     -0.081729271      0.032644205      -0.07845334    5.0599656e-06   -8.4943444e-05
         76.40625            -22.4              300      0.036561679     -0.081717923      0.032649685     -0.078451432    6.1086248e-06    -8.360939e-05
           76.875            -22.4              300      0.036582142     -0.081706226       0.03265715     -0.078449711    7.0290134e-06   -8.2229533e-05
         77.34375            -22.4              300      0.036601942     -0.081694156      0.032666609     -0.078448184    7.8210505e-06   -8.0803846e-05
          77.8125            -22.4              300      0.036621068     -0.081681751      0.032678064     -0.078446835    8.4848816e-06   -7.9332414e-05
         78.28125            -22.4              300      0.036639534     -0.081668973      0.032691516     -0.078445688    9.0203521e-06   -7.7815093e-05
            78.75            -22.4              300      0.036657386     -0.081655808      0.032706179     -0.078444451    9.2508308e-06   -7.6171083e-05
         79.21875            -22.4              300      0.036674984     -0.081642106      0.032720514      -0.07844267    1.0091706e-05   -7.4792617e-05
          79.6875            -22.4              300      0.036690764      -0.08162789       0.03273648     -0.078441136    1.1318385e-05   -7.3621093e-05
         80.15625            -22.4              300      0.036704537     -0.081613407      0.032757677       -0.0784408    1.0917598e-05   -7.1798393e-05
           80.625            -22.4              300      0.036717795     -0.081598334       0.03277928     -0.078439966    1.1027436e-05   -7.0184193e-05
         81.09375            -22.4              300      0.036729977     -0.081582524      0.032800458     -0.078438424    1.2126892e-05   -6.8999689e-05
          81.5625            -22.4              300      0.036740676     -0.081566058      0.032822225     -0.078436539    1.3195435e-05   -6.7799512e-05
         82.03125            -22.4              300      0.036749892     -0.081548959      0.032844588     -0.078434333       1.4233e-05   -6.6583605e-05
             82.5            -22.4              300      0.036757626     -0.081531204       0.03286754     -0.078431785    1.5239621e-05   -6.5352011e-05
         82.96875            -22.4              300       0.03676388     -0.081512786      0.032891087     -0.078428902    1.6215292e-05   -6.4104708e-05
          83.4375            -22.4              300      0.036768086      -0.08149372      0.032915823     -0.078425951    1.7323902e-05   -6.2928142e-05
         83.90625            -22.4              300      0.036770575     -0.081473954      0.032941546       -0.0784228    1.8455279e-05    -6.176364e-05
           84.375            -22.4              300      0.036771435     -0.081453547      0.032968171     -0.078419432    1.9583738e-05   -6.0597609e-05
         84.84375            -22.4              300      0.036772996     -0.081432849       0.03299268     -0.078414798     2.027415e-05   -5.9116785e-05
          85.3125            -22.4              300      0.036770865     -0.081410915       0.03301765     -0.078409538    2.1202573e-05   -5.7760975e-05
         85.78125            -22.4              300       0.03676733     -0.081388317      0.033042036     -0.078403383    2.2196225e-05   -5.6444158e-05
            86.25            -22.4              300      0.036762819     -0.081365138      0.033065371     -0.078396216    2.3178607e-05    -5.512017e-05
         86.71875            -22.4              300      0.036757328     -0.081341378      0.033087663      -0.07838802    2.4149762e-05   -5.3789019e-05
          87.1875            -22.4              300      0.036750969     -0.081317067      0.033108771     -0.078378797    2.5075478e-05   -5.2440213e-05
         87.65625            -22.4              300      0.036744393     -0.081292324      0.033128619       -0.0783685    2.5875685e-05   -5.1042251e-05
           88.125            -22.4              300      0.036737416     -0.081267066       0.03314792     -0.078357182    2.6687398e-05   -4.9632432e-05
         88.59375            -22.4              300      0.036730036     -0.081241332       0.03316668     -0.078344852    2.7510472e-05   -4.8210641e-05
          89.0625            -22.4              300       0.03672225     -0.081215113      0.033184893     -0.078331523    2.8344977e-05   -4.6776931e-05
         89.53125            -22.4              300      0.036714058     -0.081188381      0.033202562      -0.07831718    2.9190975e-05   -4.5331388e-05
               90            -22.4              300      0.036706597     -0.081161246      0.033218898     -0.078301437    3.0092117e-05    -4.383675e-05
         90.46875            -22.4              300      0.036700919     -0.081133991      0.033231784     -0.078283668    3.1171738e-05   -4.2329815e-05
          90.9375            -22.4              300      0.036694981     -0.081106566      0.033241987     -0.078264505    3.2180455e-05   -4.0770661e-05
         91.40625            -22.4              300      0.036688969     -0.081078961      0.033251815     -0.078244328    3.2908225e-05   -3.9104598e-05
           91.875            -22.4              300      0.036684446     -0.081051245       0.03326131     -0.078222811     3.357212e-05   -3.7419519e-05
         92.34375            -22.4              300      0.036681399      -0.08102344      0.033270471     -0.078199945    3.4172146e-05   -3.5715446e-05
          92.8125            -22.4              300      0.036679842     -0.080995537      0.033279292     -0.078175753    3.4708239e-05    -3.399227e-05
         93.28125            -22.4              300       0.03667976     -0.080967531      0.033287771     -0.078150228     3.518051e-05   -3.2250169e-05
            93.75            -22.4              300      0.036681164     -0.080939442      0.033295918     -0.078123353    3.5588884e-05   -3.0489009e-05
         94.21875            -22.4              300      0.036684047     -0.080911234      0.033303726     -0.078095153    3.5933372e-05   -2.8708855e-05
          94.6875            -22.4              300      0.036687918     -0.080882862      0.033311449      -0.07806582    3.6583726e-05   -2.7029404e-05
         95.15625            -22.4              300       0.03669383     -0.080854513      0.033319436     -0.078035206    3.6540627e-05   -2.5035459e-05
           95.625            -22.4              300      0.036703706     -0.080826782      0.033329625     -0.078003742    3.6770522e-05   -2.3040173e-05
         96.09375            -22.4              300      0.036717527     -0.080799721      0.033339631     -0.077970982    3.7585876e-05   -2.1182814e-05
          96.5625            -22.4              300      0.036733776     -0.080772489      0.033347908     -0.077935904     3.864925e-05    -1.975673e-05
         97.03125            -22.4              300      0.036751889     -0.080744997      0.033356868     -0.077899158    3.9829298e-05   -1.8423229e-05
             97.5            -22.4              300      0.036772128     -0.080717459      0.033366811     -0.077861145    4.0827315e-05   -1.6746102e-05
         97.96875            -22.4              300      0.036794763     -0.080689862      0.033378761      -0.07782194    4.1733449e-05   -1.5066485e-05
          98.4375            -22.4              300      0.036819793     -0.080662183      0.033392716     -0.077781528     4.254785e-05   -1.3384641e-05
         98.90625            -22.4              300      0.036847215     -0.080634423      0.033408683     -0.077739932    4.3270396e-05   -1.1700383e-05
           99.375            -22.4              300      0.036877036     -0.080606595      0.033426661     -0.077697128    4.3901207e-05    -1.001386e-05
         99.84375            -22.4              300      0.036909252     -0.080578685      0.033446644     -0.077653132    4.4440247e-05   -8.3250197e-06
         100.3125            -22.4              300       0.03694386     -0.080550715      0.033468634     -0.077607937    4.4887467e-05   -6.6338157e-06
        100.78125            -22.4              300        0.0369808     -0.080522612      0.033492956     -0.077561609    4.5278539e-05    -4.935674e-06
           101.25            -22.4              300       0.03702049     -0.080494277      0.033523314     -0.077514671     4.607442e-05   -3.3416836e-06
        101.71875            -22.4              300      0.037063058     -0.080465876      0.033555415     -0.077465817    4.7022197e-05   -2.1335982e-06
         102.1875            -22.4              300      0.037107486       -0.0804369      0.033590809     -0.077415399    4.8071634e-05   -9.1020411e-07
        102.65625            -22.4              300      0.037153784     -0.080407351      0.033629499     -0.077363417    4.9222799e-05    3.2839125e-07
          103.125            -22.4              300      0.037201963     -0.080377258      0.033671431     -0.077309862    5.0450639e-05    1.5937634e-06
        103.59375            -22.4              300       0.03725227     -0.080347106       0.03371555     -0.077255256    5.0687446e-05     3.332776e-06
         104.0625            -22.4              300      0.037303567     -0.080315866      0.033764835     -0.077199191    5.0938834e-05    5.0388358e-06
        104.53125            -22.4              300      0.037355859     -0.080283538      0.033819288     -0.077141628    5.1204799e-05    6.7119513e-06
              105            -22.4              300      0.037409939     -0.080250412      0.033879988     -0.077082589    5.1740262e-05     8.259507e-06
