           x [mm]           y [mm]           z [mm]       ExRe [V/m]       ExIm [V/m]       EyRe [V/m]       EyIm [V/m]       EzRe [V/m]       EzIm [V/m]
---------------------------------------------------------------------------------------------------------------------------------------------------------
             -105            -22.4              300     0.0092595024    -0.0066003189     0.0004079988   -0.00014283463      0.010366813    -0.0011983056
       -104.53125            -22.4              300       0.00936177    -0.0066751172    0.00040243761   -0.00017898531      0.010151163    -0.0014084848
        -104.0625            -22.4              300     0.0094632441    -0.0067500887    0.00039705524    -0.0002155954     0.0099397115    -0.0016157217
       -103.59375            -22.4              300     0.0095637962    -0.0068251817    0.00039216049    -0.0002523025     0.0097327279    -0.0018195556
         -103.125            -22.4              300     0.0096634263    -0.0069003957    0.00038775356   -0.00028910616     0.0095302118    -0.0020199872
       -102.65625            -22.4              300     0.0097621325    -0.0069757309    0.00038383438   -0.00032600667     0.0093321614    -0.0022170155
        -102.1875            -22.4              300     0.0098601598     -0.007050815    0.00038087502   -0.00036263067     0.0091388039      -0.00241043
       -101.71875            -22.4              300     0.0099572809    -0.0071256454    0.00037877713   -0.00039851374     0.0089489873    -0.0026014056
          -101.25            -22.4              300      0.010054404    -0.0071997261    0.00037629897   -0.00043538323     0.0087625496    -0.0027900278
       -100.78125            -22.4              300       0.01015143     -0.007273139    0.00037357802   -0.00047303975     0.0085796928    -0.0029762089
        -100.3125            -22.4              300      0.010248335    -0.0073459088    0.00037063003   -0.00051145226     0.0084004551    -0.0031599298
        -99.84375            -22.4              300      0.010345167    -0.0074180146    0.00036742553   -0.00055063417     0.0082248878    -0.0033412077
          -99.375            -22.4              300      0.010441903    -0.0074898424    0.00036442559   -0.00059013627     0.0080529302    -0.0035206743
        -98.90625            -22.4              300      0.010537701    -0.0075621097    0.00036255264    -0.0006293364     0.0078836363    -0.0036985457
         -98.4375            -22.4              300      0.010632565    -0.0076348162    0.00036180709   -0.00066823419      0.007717004    -0.0038748218
        -97.96875            -22.4              300      0.010726492    -0.0077079618    0.00036218902    -0.0007068296     0.0075530335    -0.0040495023
            -97.5            -22.4              300      0.010819483     -0.007781548    0.00036369765   -0.00074512308     0.0073917257    -0.0042225877
        -97.03125            -22.4              300      0.010912229     -0.007855149     0.0003665493   -0.00078314298     0.0072331177    -0.0043943021
         -96.5625            -22.4              300      0.011004884    -0.0079287048    0.00036941102   -0.00082203833     0.0070762648    -0.0045654103
        -96.09375            -22.4              300      0.011097088     -0.008002446    0.00037182891   -0.00086207723     0.0069209086    -0.0047359737
          -95.625            -22.4              300       0.01118884    -0.0080763735    0.00037380197   -0.00090326037     0.0067670508    -0.0049059917
        -95.15625            -22.4              300      0.011280475    -0.0081505599    0.00037479828   -0.00094583537     0.0066149882    -0.0050756019
         -94.6875            -22.4              300      0.011371388     -0.008225169    0.00037573322   -0.00098938006     0.0064641982    -0.0052447156
        -94.21875            -22.4              300      0.011460848    -0.0083008092     0.0003778598    -0.0010332279     0.0063142786    -0.0054131066
           -93.75            -22.4              300      0.011549503    -0.0083773546    0.00038031684    -0.0010775903     0.0061658844    -0.0055810222
        -93.28125            -22.4              300       0.01163758    -0.0084544066    0.00038307003    -0.0011225458     0.0060188212    -0.0057484508
         -92.8125            -22.4              300      0.011725076    -0.0085319607    0.00038611982     -0.001168094     0.0058730897    -0.0059153922
        -92.34375            -22.4              300      0.011811994    -0.0086100167    0.00038946647    -0.0012142349     0.0057286872    -0.0060818465
          -91.875            -22.4              300      0.011898282    -0.0086879898    0.00039229734     -0.001261607     0.0055858199    -0.0062480019
        -91.40625            -22.4              300      0.011983816      -0.00876626    0.00039491957    -0.0013103022     0.0054430566    -0.0064145084
         -90.9375            -22.4              300      0.012068613    -0.0088455249    0.00039823435    -0.0013597229     0.0052997293    -0.0065814001
        -90.46875            -22.4              300      0.012152669    -0.0089257872    0.00040224122    -0.0014098688     0.0051558362    -0.0067486744
              -90            -22.4              300      0.012236049    -0.0090070516      0.000406871    -0.0014607307     0.0050113825    -0.0069163758
        -89.53125            -22.4              300      0.012319321    -0.0090891421    0.00041069667    -0.0015128753     0.0048665009     -0.007084881
         -89.0625            -22.4              300      0.012402025    -0.0091718435    0.00041360586    -0.0015668953     0.0047212313    -0.0072538555
        -88.59375            -22.4              300      0.012484159    -0.0092551578    0.00041559723    -0.0016227913     0.0045755738    -0.0074233003
          -88.125            -22.4              300      0.012565728    -0.0093390802    0.00041667296    -0.0016805618      0.004429528     -0.007593215
        -87.65625            -22.4              300      0.012645488    -0.0094246641    0.00041934405     -0.001739645      0.004282183    -0.0077630347
         -87.1875            -22.4              300      0.012725035    -0.0095104836    0.00041988961    -0.0018009029     0.0041352985    -0.0079335654
        -86.71875            -22.4              300      0.012804291    -0.0095971199    0.00042077753    -0.0018635514     0.0039864476    -0.0081054941
           -86.25            -22.4              300      0.012883253     -0.009684586    0.00042211893    -0.0019275621      0.003835537    -0.0082788356
        -85.78125            -22.4              300      0.012961913    -0.0097728865    0.00042390975    -0.0019929369     0.0036825677    -0.0084535871
         -85.3125            -22.4              300      0.013040275    -0.0098620197    0.00042615275    -0.0020596741     0.0035275391    -0.0086297505
        -84.84375            -22.4              300      0.013118342    -0.0099519854    0.00042884791    -0.0021277745     0.0033704515    -0.0088073248
          -84.375            -22.4              300      0.013196776     -0.010041683    0.00042940403    -0.0021987404     0.0032102214    -0.0089876158
        -83.90625            -22.4              300      0.013274929     -0.010132009    0.00042843935    -0.0022724839     0.0030477068    -0.0091696111
         -83.4375            -22.4              300      0.013352744     -0.010223047    0.00042609687    -0.0023489327     0.0028829905    -0.0093532111
        -82.96875            -22.4              300      0.013430221     -0.010314802    0.00042238744    -0.0024280786      0.002716074     -0.009538413
            -82.5            -22.4              300      0.013506344     -0.010409072    0.00042333012    -0.0025058351     0.0025468878    -0.0097248759
        -82.03125            -22.4              300      0.013582642     -0.010504834    0.00042053327    -0.0025881871     0.0023741745    -0.0099141346
         -81.5625            -22.4              300      0.013659202     -0.010601596    0.00041525922    -0.0026742835     0.0021973543     -0.010106675
        -81.09375            -22.4              300      0.013736012     -0.010698749    0.00040880227    -0.0027632937     0.0020163469     -0.010302542
          -80.625            -22.4              300      0.013813369     -0.010794627    0.00040248153     -0.002854367      0.001831482     -0.010501355
        -80.15625            -22.4              300      0.013890671      -0.01089131    0.00039697188    -0.0029468804     0.0016424136     -0.010703639
         -79.6875            -22.4              300       0.01396792     -0.010988798    0.00039227388    -0.0030408343     0.0014491413     -0.010909395
        -79.21875            -22.4              300      0.014045114     -0.011087093    0.00038838614    -0.0031362285     0.0012516656     -0.011118625
           -78.75            -22.4              300      0.014122256     -0.011186191    0.00038531009    -0.0032330628     0.0010499861     -0.011331327
        -78.28125            -22.4              300      0.014199344     -0.011286095    0.00038304471    -0.0033313371    0.00084410323       -0.0115475
         -77.8125            -22.4              300      0.014277274     -0.011385238    0.00038202672    -0.0034309251    0.00063154544     -0.011768869
        -77.34375            -22.4              300      0.014355723     -0.011484617     0.0003802584      -0.00353368     0.0004120736     -0.011996007
          -76.875            -22.4              300      0.014434388     -0.011584836    0.00037729682    -0.0036399348    0.00018634748     -0.012228519
        -76.40625            -22.4              300      0.014513267     -0.011685898    0.00037314071    -0.0037496905   -4.5633278e-05     -0.012466407
         -75.9375            -22.4              300       0.01459236     -0.011787798    0.00036779066    -0.0038629468   -0.00028386823     -0.012709672
        -75.46875            -22.4              300      0.014671667     -0.011891204    0.00036127021    -0.0039797197   -0.00052888115     -0.012958631
              -75            -22.4              300      0.014750807     -0.011995812    0.00035681648    -0.0040976466   -0.00078133261     -0.013213948
        -74.53125            -22.4              300      0.014829816     -0.012101689     0.0003536552    -0.0042171786    -0.0010412142     -0.013475715
         -74.0625            -22.4              300      0.014908701     -0.012208839     0.0003517867    -0.0043383162    -0.0013085261     -0.013743935
        -73.59375            -22.4              300       0.01498746     -0.012317256    0.00035121109    -0.0044610579    -0.0015832678     -0.014018602
          -73.125            -22.4              300      0.015065623      -0.01242773    0.00035032575     -0.004586569    -0.0018655488     -0.014299694
        -72.65625            -22.4              300      0.015142085      -0.01254277    0.00034105167    -0.0047208401    -0.0021561054     -0.014587253
         -72.1875            -22.4              300       0.01522148      -0.01265482    0.00034054444    -0.0048516113    -0.0024543975     -0.014882648
        -71.71875            -22.4              300       0.01530084     -0.012768333    0.00033952174    -0.0049861842    -0.0027637342     -0.015187059
           -71.25            -22.4              300      0.015380165     -0.012883313     0.0003379822    -0.0051245587    -0.0030841138     -0.015500484
        -70.78125            -22.4              300      0.015459457     -0.012999754    0.00033592863    -0.0052667316    -0.0034155378     -0.015822923
         -70.3125            -22.4              300       0.01553871     -0.013117662     0.0003333576    -0.0054127071    -0.0037580051     -0.016154373
        -69.84375            -22.4              300      0.015617933     -0.013237033    0.00033027242    -0.0055624829    -0.0041115177     -0.016494842
          -69.375            -22.4              300      0.015697157        -0.013358    0.00032541322    -0.0057166382    -0.0044756671     -0.016844241
        -68.90625            -22.4              300      0.015777132     -0.013479719    0.00032190233    -0.0058731027    -0.0048506982     -0.017202927
         -68.4375            -22.4              300      0.015854571     -0.013605841    0.00032122835    -0.0060309777    -0.0052393358     -0.017572369
        -67.96875            -22.4              300      0.015931033      -0.01373435    0.00032257731    -0.0061906064    -0.0056394525     -0.017951343
            -67.5            -22.4              300      0.016005237     -0.013865469    0.00032879031    -0.0063519804    -0.0060553686     -0.018340794
        -67.03125            -22.4              300      0.016081959     -0.013995803    0.00033079257    -0.0065196664    -0.0064829956     -0.018740352
         -66.5625            -22.4              300      0.016159501     -0.014127693    0.00032984064    -0.0066924323    -0.0069230269     -0.019150887
        -66.09375            -22.4              300      0.016235456     -0.014263002    0.00033026357     -0.006868734    -0.0073795496     -0.019573642
          -65.625            -22.4              300      0.016307255     -0.014405322    0.00032548548    -0.0070526479    -0.0078494828     -0.020006126
        -65.15625            -22.4              300      0.016379533     -0.014547131    0.00033010636     -0.007234836    -0.0083406987     -0.020454183
         -64.6875            -22.4              300      0.016451094     -0.014691778    0.00033393048    -0.0074224719    -0.0088478364     -0.020914061
        -64.21875            -22.4              300      0.016520875     -0.014840731    0.00033653053    -0.0076158126     -0.009369079     -0.021384826
           -63.75            -22.4              300       0.01659028     -0.014992014    0.00033829579    -0.0078144362    -0.0099057518     -0.021867268
        -63.28125            -22.4              300      0.016659306     -0.015145629    0.00033922587    -0.0080183409     -0.010457859     -0.022361392
         -62.8125            -22.4              300      0.016727956     -0.015301574    0.00033932191    -0.0082275271     -0.011025396     -0.022867192
        -62.34375            -22.4              300      0.016796667     -0.015459822    0.00033854425    -0.0084421569     -0.011608888     -0.023384903
          -61.875            -22.4              300      0.016865306     -0.015621588    0.00033792073    -0.0086624715     -0.012213768     -0.023917336
        -61.40625            -22.4              300      0.016931908     -0.015787726    0.00033824687    -0.0088879196     -0.012841066      -0.02446519
         -60.9375            -22.4              300      0.016996469      -0.01595824     0.0003395197    -0.0091184992      -0.01349078     -0.025028467
        -60.46875            -22.4              300      0.017058995     -0.016133126    0.00034174172    -0.0093542114     -0.014162912     -0.025607165
              -60            -22.4              300      0.017119482     -0.016312383    0.00034491258    -0.0095950533     -0.014857464     -0.026201285
        -59.53125            -22.4              300      0.017177932     -0.016496014    0.00034903211    -0.0098410277     -0.015574432     -0.026810829
         -59.0625            -22.4              300      0.017234344     -0.016684018    0.00035409862     -0.010092136     -0.016313815     -0.027435793
        -58.59375            -22.4              300      0.017289704     -0.016873624    0.00035561647     -0.010353654     -0.017075596     -0.028074143
          -58.125            -22.4              300      0.017347846     -0.017067097    0.00035440794     -0.010622445     -0.017869493     -0.028735397
        -57.65625            -22.4              300      0.017407594     -0.017263312    0.00034933642     -0.010900797     -0.018690908      -0.02941571
         -57.1875            -22.4              300      0.017468719     -0.017461827    0.00034004819     -0.011189301     -0.019538566     -0.030113924
        -56.71875            -22.4              300      0.017529512     -0.017663231    0.00033205014     -0.011485109     -0.020413991     -0.030830741
           -56.25            -22.4              300      0.017590769     -0.017867025    0.00032259524     -0.011788491     -0.021314127     -0.031564292
        -55.78125            -22.4              300      0.017648237     -0.018076979    0.00031425766     -0.012099353     -0.022243798      -0.03231794
         -55.3125            -22.4              300      0.017702421     -0.018292572    0.00030699561     -0.012417294     -0.023202967     -0.033091784
        -54.84375            -22.4              300      0.017753601     -0.018513534    0.00030090002      -0.01274211     -0.024191683     -0.033885874
          -54.375            -22.4              300      0.017801778     -0.018739864    0.00029597309     -0.013073796     -0.025209945      -0.03470023
        -53.90625            -22.4              300      0.017847942     -0.018973498    0.00028520584     -0.013418379     -0.026267504     -0.035539947
         -53.4375            -22.4              300      0.017891336     -0.019213598    0.00027440485     -0.013771947     -0.027360704     -0.036404811
        -52.96875            -22.4              300      0.017937342     -0.019455524    0.00026007753     -0.014137181     -0.028489605     -0.037294682
            -52.5            -22.4              300      0.017986557     -0.019698834    0.00024179206     -0.014514407     -0.029654348     -0.038209599
        -52.03125            -22.4              300      0.018038984     -0.019943528    0.00021954889      -0.01490362     -0.030854946      -0.03914956
         -51.5625            -22.4              300      0.018096151     -0.020186182    0.00019917372     -0.015300889     -0.032093987     -0.040117159
        -51.09375            -22.4              300      0.018151004     -0.020434409    0.00018059138     -0.015706595     -0.033374447     -0.041113943
          -50.625            -22.4              300      0.018202774     -0.020689242    0.00016311833      -0.01612122     -0.034696285     -0.042139724
        -50.15625            -22.4              300      0.018251464     -0.020950684      0.000146757     -0.016544776     -0.036059506      -0.04319451
         -49.6875            -22.4              300      0.018297067     -0.021218743    0.00013150317     -0.016977254     -0.037464097     -0.044278294
        -49.21875            -22.4              300      0.018339863     -0.021493578    0.00011662766     -0.017419469     -0.038910996     -0.045391373
           -48.75            -22.4              300      0.018386766     -0.021773728    9.4859395e-05     -0.017879441     -0.040412612     -0.046541899
        -48.28125            -22.4              300      0.018439692     -0.022055808    6.9928123e-05     -0.018352982     -0.041966788     -0.047732539
         -47.8125            -22.4              300      0.018483646      -0.02234493    5.8462378e-05     -0.018829247     -0.043571915     -0.048961747
        -47.34375            -22.4              300      0.018530371     -0.022634938    4.5483932e-05     -0.019320371     -0.045226276     -0.050225165
          -46.875            -22.4              300      0.018581798     -0.022925036    2.8712209e-05     -0.019827992     -0.046929896     -0.051522657
        -46.40625            -22.4              300       0.01863814       -0.0232161    1.1647353e-05     -0.020347416     -0.048679087     -0.052853648
         -45.9375            -22.4              300      0.018691711     -0.023515409   -2.8165523e-06     -0.020876726     -0.050488979     -0.054229155
        -45.46875            -22.4              300      0.018742686     -0.023823792    -1.688693e-05     -0.021417562     -0.052362144     -0.055651207
              -45            -22.4              300      0.018789189     -0.024143528   -3.2864453e-05      -0.02197188     -0.054299057     -0.057120405
        -44.53125            -22.4              300      0.018828616     -0.024473587   -4.4116518e-05     -0.022535214     -0.056292731     -0.058631036
         -44.0625            -22.4              300      0.018863816     -0.024811413   -5.2903779e-05     -0.023110267     -0.058346249      -0.06018506
        -43.59375            -22.4              300      0.018901978     -0.025152799   -6.2358449e-05     -0.023702767      -0.06046886     -0.061789114
          -43.125            -22.4              300      0.018943321     -0.025497694   -7.2500203e-05     -0.024312858     -0.062660903      -0.06344346
        -42.65625            -22.4              300       0.01898784     -0.025846094   -8.3328719e-05     -0.024940532     -0.064922348     -0.065148078
         -42.1875            -22.4              300      0.019035531     -0.026198003   -9.4844669e-05     -0.025585799     -0.067253217      -0.06690298
        -41.71875            -22.4              300      0.019085871     -0.026554147   -0.00010567546     -0.026247581     -0.069654115     -0.068709053
           -41.25            -22.4              300      0.019135455     -0.026919756   -0.00010967196     -0.026919825     -0.072130516     -0.070573717
        -40.78125            -22.4              300      0.019186879     -0.027291946   -0.00012492051     -0.027613873     -0.074708477     -0.072508365
         -40.3125            -22.4              300      0.019224275     -0.027680205   -0.00013381313     -0.028319789     -0.077365726     -0.074498862
        -39.84375            -22.4              300      0.019247651      -0.02808453   -0.00013634586     -0.029037572     -0.080102265     -0.076545238
          -39.375            -22.4              300      0.019270444     -0.028489083   -0.00013022195     -0.029779173     -0.082909435     -0.078631513
        -38.90625            -22.4              300      0.019295361      -0.02890837   -0.00012619726     -0.030530887     -0.085796371     -0.080790982
         -38.4375            -22.4              300      0.019317206     -0.029338811    -0.0001226039     -0.031303491     -0.088785835     -0.083023399
        -37.96875            -22.4              300      0.019335264     -0.029779939   -0.00011867168     -0.032098293     -0.091880068     -0.085328117
            -37.5            -22.4              300      0.019349538     -0.030231748   -0.00011439889     -0.032915298     -0.095079117      -0.08770515
        -37.03125            -22.4              300      0.019360024     -0.030694243   -0.00010979082     -0.033754498      -0.09838292     -0.090154469
         -36.5625            -22.4              300      0.019366723     -0.031167418   -0.00010484434       -0.0346159      -0.10179153     -0.092676103
        -36.09375            -22.4              300      0.019369636     -0.031651273   -9.9554658e-05     -0.035499502      -0.10530493      -0.09527003
          -35.625            -22.4              300      0.019376785     -0.032141224     -0.000106283     -0.036413975      -0.10891625       -0.0979378
        -35.15625            -22.4              300      0.019385543      -0.03263633   -0.00011416036     -0.037351891      -0.11262463      -0.10067585
         -34.6875            -22.4              300      0.019394606     -0.033137105   -0.00012055039     -0.038311407      -0.11643092      -0.10348365
        -34.21875            -22.4              300      0.019400556     -0.033662464   -0.00012455083     -0.039301541      -0.12039684      -0.10637695
           -33.75            -22.4              300      0.019407414     -0.034201622   -0.00012513748     -0.040321499       -0.1245134      -0.10937122
        -33.28125            -22.4              300      0.019390017     -0.034753837   -0.00010303656     -0.041348964      -0.12873726       -0.1124547
         -32.8125            -22.4              300      0.019371189     -0.035316516   -8.4998712e-05     -0.042404115      -0.13308197      -0.11562342
        -32.34375            -22.4              300      0.019348796     -0.035891339   -6.7679051e-05      -0.04348984      -0.13755986      -0.11888044
          -31.875            -22.4              300      0.019322835     -0.036478315   -5.1079172e-05     -0.044606142      -0.14217098      -0.12222576
        -31.40625            -22.4              300      0.019293308     -0.037077431   -3.5197852e-05     -0.045753021      -0.14691527      -0.12565941
         -30.9375            -22.4              300      0.019260217     -0.037688695    -2.003571e-05     -0.046930481      -0.15179279      -0.12918134
        -30.46875            -22.4              300      0.019217122     -0.038319603   -1.9500818e-05     -0.048151117      -0.15681092       -0.1327915
              -30            -22.4              300      0.019160792     -0.038979169   -4.2707543e-05     -0.049429055      -0.16201991      -0.13652939
        -29.53125            -22.4              300      0.019089084     -0.039660718   -5.6121764e-05     -0.050737765      -0.16740273      -0.14038244
         -29.0625            -22.4              300      0.019006643     -0.040363364   -4.5662746e-05     -0.052062728      -0.17295662      -0.14435406
        -28.59375            -22.4              300      0.018928766     -0.041070677   -3.6823796e-05     -0.053426556      -0.17867263      -0.14843524
          -28.125            -22.4              300       0.01885605     -0.041781697   -3.2300362e-05      -0.05483181      -0.18455043      -0.15262513
        -27.65625            -22.4              300      0.018788489     -0.042496424   -3.2092445e-05     -0.056278478      -0.19059004      -0.15692377
         -27.1875            -22.4              300      0.018726084     -0.043214858   -3.6200159e-05     -0.057766564      -0.19679146      -0.16133115
        -26.71875            -22.4              300      0.018668834     -0.043936998   -4.4624481e-05     -0.059296075      -0.20315467      -0.16584727
           -26.25            -22.4              300      0.018635701     -0.044662494   -6.1444938e-05     -0.060873769      -0.20978998      -0.17054784
        -25.78125            -22.4              300      0.018561557     -0.045426406   -7.2692521e-05     -0.062489942      -0.21662283      -0.17538083
         -25.3125            -22.4              300      0.018445589     -0.046229064   -7.8188161e-05     -0.064144403      -0.22365141      -0.18034501
        -24.84375            -22.4              300       0.01830945     -0.047055617   -7.5847842e-05     -0.065842234      -0.23084736      -0.18542095
          -24.375            -22.4              300      0.018187938     -0.047887497   -7.5769844e-05     -0.067596667      -0.23827468      -0.19065392
        -23.90625            -22.4              300      0.018081399     -0.048724629   -7.8384299e-05     -0.069407947      -0.24593675      -0.19604626
         -23.4375            -22.4              300      0.017989829     -0.049567025   -8.3685038e-05     -0.071276069      -0.25383353       -0.2015979
        -22.96875            -22.4              300      0.017897356     -0.050423801   -8.7413471e-05     -0.073197283      -0.26196778      -0.20731121
            -22.5            -22.4              300      0.017753812     -0.051314894   -7.7198521e-05     -0.075162135       -0.2703414      -0.21318805
        -22.03125            -22.4              300      0.017632339     -0.052186042   -5.8152189e-05     -0.077182293      -0.27896029      -0.21922874
         -21.5625            -22.4              300      0.017511336     -0.053070325   -4.1519525e-05     -0.079261042      -0.28784555      -0.22545394
        -21.09375            -22.4              300      0.017387971     -0.053973552    -3.228127e-05     -0.081400529      -0.29699498      -0.23186313
          -20.625            -22.4              300      0.017262245     -0.054895736   -3.0424912e-05     -0.083600722      -0.30640858      -0.23845629
        -20.15625            -22.4              300      0.017134156     -0.055836856      -3.5965e-05     -0.085861653      -0.31608632      -0.24523348
         -19.6875            -22.4              300      0.017003704      -0.05679692   -4.8889327e-05     -0.088183291      -0.32602823      -0.25219455
        -19.21875            -22.4              300      0.016873419     -0.057768013   -7.6809025e-05     -0.090570465      -0.33623874      -0.25934508
           -18.75            -22.4              300      0.016720098     -0.058764156   -0.00010280244     -0.093030192      -0.34674186       -0.2666932
        -18.28125            -22.4              300      0.016553907     -0.059780981   -0.00011806859     -0.095568694      -0.35757503      -0.27426922
         -17.8125            -22.4              300       0.01635517     -0.060831763   -0.00011263369     -0.098171629       -0.3687529      -0.28208739
        -17.34375            -22.4              300      0.016123889     -0.061916508   -8.6497981e-05      -0.10083899      -0.38027549      -0.29014778
          -16.875            -22.4              300      0.015871929     -0.063009441   -3.6177807e-05        -0.103554       -0.3921321      -0.29844579
        -16.40625            -22.4              300      0.015654197     -0.064071216    1.6643666e-05      -0.10634801      -0.40430829      -0.30696118
         -15.9375            -22.4              300      0.015476701     -0.065103717    6.6672219e-05       -0.1092329      -0.41680521      -0.31569168
        -15.46875            -22.4              300      0.015335305      -0.06610819    0.00011357444      -0.11221225      -0.42962256      -0.32463351
              -15            -22.4              300      0.015186161     -0.067129396    0.00016349507      -0.11529099      -0.44282264       -0.3338303
        -14.53125            -22.4              300      0.015011744     -0.068216719    0.00021581782      -0.11843316      -0.45647472      -0.34336972
         -14.0625            -22.4              300       0.01477672     -0.069351524    0.00027979747      -0.12165271      -0.47048968      -0.35315585
        -13.59375            -22.4              300      0.014481087     -0.070533827    0.00035542785      -0.12494968      -0.48486745      -0.36318865
          -13.125            -22.4              300      0.014124843     -0.071763635    0.00044271955      -0.12832403      -0.49960816       -0.3734681
        -12.65625            -22.4              300      0.013691039     -0.073068082    0.00050198473      -0.13180847      -0.51477301      -0.38401783
         -12.1875            -22.4              300      0.013255706     -0.074396901    0.00050663168      -0.13545519      -0.53045183      -0.39489913
        -11.71875            -22.4              300      0.012918958     -0.075625382    0.00060199294      -0.13914526      -0.54644251      -0.40605223
           -11.25            -22.4              300      0.012588458     -0.076841354     0.0007099933      -0.14293952      -0.56288743      -0.41750777
        -10.78125            -22.4              300      0.012256354     -0.078053586    0.00082013942      -0.14684743      -0.57980406      -0.42927077
         -10.3125            -22.4              300      0.011922643       -0.0792621    0.00093243457      -0.15086895      -0.59719247      -0.44134116
         -9.84375            -22.4              300      0.011587316     -0.080466881     0.0010468801      -0.15500408      -0.61505246      -0.45371902
           -9.375            -22.4              300      0.011250387      -0.08166793     0.0011634706      -0.15925287      -0.63338423      -0.46640432
         -8.90625            -22.4              300      0.010828047     -0.082914025     0.0012903896      -0.16361307      -0.65220308      -0.47938353
          -8.4375            -22.4              300      0.010255245     -0.084262565     0.0014205284      -0.16808964        -0.671556      -0.49268082
         -7.96875            -22.4              300     0.0095982021     -0.085681699     0.0015428098      -0.17268665      -0.69144297      -0.50631887
             -7.5            -22.4              300     0.0089485692     -0.087138057     0.0016038213      -0.17746265      -0.71189183      -0.52028924
         -7.03125            -22.4              300     0.0084608393     -0.088450536     0.0016828412       -0.1823539      -0.73275989      -0.53460228
          -6.5625            -22.4              300     0.0079080891     -0.089792088     0.0017456893      -0.18742359      -0.75423753      -0.54927355
         -6.09375            -22.4              300     0.0072903354     -0.091162726     0.0017923572      -0.19267176      -0.77632499       -0.5643028
           -5.625            -22.4              300     0.0066075674      -0.09256243     0.0018228496      -0.19809838      -0.79902196      -0.57969022
         -5.15625            -22.4              300     0.0058618519     -0.093987539     0.0018420492      -0.20369807      -0.82232225      -0.59543383
          -4.6875            -22.4              300     0.0050792219     -0.095408663     0.0018712864      -0.20944318      -0.84617269       -0.6115104
         -4.21875            -22.4              300      0.004261062     -0.096835494     0.0018853135      -0.21535894      -0.87058938       -0.6279186
            -3.75            -22.4              300      0.003407358     -0.098268017      0.001884141      -0.22144531      -0.89557266      -0.64465863
         -3.28125            -22.4              300     0.0025181312     -0.099706255     0.0018677607       -0.2277023      -0.92112237      -0.66173047
          -2.8125            -22.4              300     0.0015876294      -0.10116228     0.0018279473      -0.23411779      -0.94722581      -0.67914045
         -2.34375            -22.4              300    0.00061360863      -0.10263721     0.0017723452      -0.24068455      -0.97388744      -0.69689447
           -1.875            -22.4              300   -0.00051874178      -0.10421654     0.0016971199      -0.24749213       -1.0015368      -0.71520519
         -1.40625            -22.4              300    -0.0016143376      -0.10571548     0.0015846426      -0.25459999       -1.0301249      -0.73404741
          -0.9375            -22.4              300    -0.0024176682      -0.10683843     0.0014791146      -0.26192313       -1.0588387      -0.75299102
         -0.46875            -22.4              300    -0.0031490892      -0.10800535      0.001182509      -0.26957351       -1.0885133      -0.77249122
                0            -22.4              300    -0.0039772065      -0.10918311    0.00084844447      -0.27747762       -1.1188595      -0.79237354
          0.46875            -22.4              300    -0.0049020173      -0.11037167    0.00047691289      -0.28563547       -1.1498774      -0.81263775
           0.9375            -22.4              300    -0.0059235087      -0.11157109    6.7905356e-05      -0.29404706       -1.1815672      -0.83328396
          1.40625            -22.4              300    -0.0070417104      -0.11278132   -0.00037855262      -0.30271226       -1.2139286      -0.85431206
            1.875            -22.4              300    -0.0082543921      -0.11399577   -0.00085146137      -0.31161737       -1.2469527       -0.8757233
          2.34375            -22.4              300    -0.0095571941      -0.11521468    -0.0013492242        -0.320759       -1.2806515      -0.89752781
           2.8125            -22.4              300     -0.010951141      -0.11644545    -0.0018833452      -0.33015105       -1.3150396      -0.91972852
          3.28125            -22.4              300     -0.012436198      -0.11768806    -0.0024538345      -0.33979362       -1.3501171      -0.94232476
             3.75            -22.4              300     -0.014074359      -0.11894809    -0.0030751862      -0.34967089       -1.3857312      -0.96521455
          4.21875            -22.4              300     -0.015747206      -0.12010673    -0.0039404207      -0.35998139       -1.4223576      -0.98870564
           4.6875            -22.4              300     -0.017278977      -0.12105365    -0.0048428671      -0.37068412       -1.4599423       -1.0128229
          5.15625            -22.4              300     -0.018719913        -0.121793    -0.0057496936      -0.38174099       -1.4982741       -1.0374334
            5.625            -22.4              300     -0.020070016      -0.12232476    -0.0066608964      -0.39315194       -1.5373532       -1.0625373
          6.09375            -22.4              300     -0.021329265       -0.1226489     -0.007576474        -0.404917       -1.5771791       -1.0881346
           6.5625            -22.4              300     -0.022497667      -0.12276547    -0.0084964344      -0.41703624        -1.617752       -1.1142251
          7.03125            -22.4              300     -0.023575252      -0.12267447    -0.0094207618      -0.42950958       -1.6590722       -1.1408091
              7.5            -22.4              300     -0.024561998      -0.12237587     -0.010349471      -0.44233704       -1.7011395       -1.1678863
          7.96875            -22.4              300     -0.025457894      -0.12186969     -0.011282552       -0.4555186       -1.7439535       -1.1954567
           8.4375            -22.4              300     -0.026262937       -0.1211559     -0.012220016      -0.46905425       -1.7875146       -1.2235208
          8.90625            -22.4              300     -0.026977155      -0.12023452     -0.013161855      -0.48294401       -1.8318231       -1.2520781
            9.375            -22.4              300     -0.026793534      -0.11849067      -0.01408011      -0.49717662       -1.8768886       -1.2812608
          9.84375            -22.4              300     -0.028998028      -0.11776587      -0.01548993      -0.51192987        -1.922125       -1.3103547
          10.3125            -22.4              300     -0.030168841      -0.11600775     -0.016814724       -0.5273729       -1.9680432       -1.3402331
         10.78125            -22.4              300     -0.031062236      -0.11381899     -0.018169796      -0.54346979       -2.0149033       -1.3708762
            11.25            -22.4              300     -0.031830512      -0.11165695     -0.019368991      -0.55982202       -2.0626841       -1.4021826
         11.71875            -22.4              300     -0.032654058       -0.1089467     -0.020521516        -0.576491        -2.110534        -1.433611
          12.1875            -22.4              300     -0.033532675      -0.10568812     -0.021627415      -0.59347671       -2.1584527       -1.4651624
         12.65625            -22.4              300     -0.034365747      -0.10183159     -0.022708107      -0.61081398       -2.2064607       -1.4968584
           13.125            -22.4              300     -0.034996174     -0.097360812     -0.023832105      -0.62854141       -2.2545736       -1.5287338
         13.59375            -22.4              300      -0.03559906     -0.092393041     -0.024979686      -0.64659142       -2.3027499       -1.5607507
          14.0625            -22.4              300     -0.036174361     -0.086928204     -0.026150879      -0.66496396       -2.3509886       -1.5929086
         14.53125            -22.4              300     -0.036722071     -0.080966301      -0.02734568      -0.68365902       -2.3992903       -1.6252073
               15            -22.4              300     -0.036699522      -0.07386177     -0.028475283      -0.70284224        -2.447542       -1.6577436
         15.46875            -22.4              300     -0.035916399     -0.065358631      -0.02949262      -0.72293973       -2.4962761       -1.6910483
          15.9375            -22.4              300     -0.036045924      -0.05760096     -0.030359041       -0.7433641       -2.5462041       -1.7249665
         16.40625            -22.4              300     -0.036219031     -0.048928808     -0.031224592      -0.76399428       -2.5955131       -1.7586058
           16.875            -22.4              300     -0.036435835     -0.039342217     -0.032089252      -0.78483027       -2.6442039        -1.791966
         17.34375            -22.4              300     -0.036696248     -0.028841155     -0.032953024      -0.80587184       -2.6922753       -1.8250465
          17.8125            -22.4              300     -0.037000306     -0.017425623     -0.033815928      -0.82711923       -2.7397277       -1.8578483
         18.28125            -22.4              300     -0.037347995    -0.0050955974     -0.034677941      -0.84857225       -2.7865615       -1.8903706
            18.75            -22.4              300     -0.037739314     0.0081488602     -0.035539076      -0.87023115       -2.8327765        -1.922614
         19.21875            -22.4              300     -0.038470089      0.022056457     -0.036399163      -0.89200795       -2.8781247       -1.9543411
          19.6875            -22.4              300     -0.040047534      0.036211871     -0.037241571       -0.9137013       -2.9219017       -1.9849589
         20.15625            -22.4              300     -0.039236873      0.053787027     -0.037473615      -0.93559301       -2.9650331       -2.0155721
           20.625            -22.4              300     -0.037984096       0.07187663     -0.038214274      -0.95730829       -3.0061936       -2.0451052
         21.09375            -22.4              300     -0.037121527       0.09155488      -0.03882705      -0.97889847       -3.0451236       -2.0732808
          21.5625            -22.4              300     -0.036516957       0.11246529     -0.039256636       -1.0001458       -3.0822277       -2.1002905
         22.03125            -22.4              300     -0.036170539       0.13460784      -0.03950303       -1.0210505        -3.117507       -2.1261346
             22.5            -22.4              300     -0.036082029       0.15798256     -0.039566241       -1.0416125       -3.1509602       -2.1508131
         22.96875            -22.4              300     -0.036251672       0.18258937      -0.03944625       -1.0618317       -3.1825886       -2.1743257
          23.4375            -22.4              300     -0.036679242       0.20842834     -0.039143082       -1.0817084       -3.2123914       -2.1966724
         23.90625            -22.4              300     -0.037364967       0.23549943     -0.038656704       -1.1012424       -3.2403684       -2.2178535
           24.375            -22.4              300     -0.038352877       0.26379457     -0.037966259       -1.1203891       -3.2664323       -2.2378037
         24.84375            -22.4              300     -0.040779214       0.29251662     -0.037045706       -1.1382214       -3.2887304       -2.2550108
          25.3125            -22.4              300     -0.043462485       0.32210964      -0.03627985       -1.1548665       -3.3076196       -2.2696352
         25.78125            -22.4              300     -0.045184348       0.35388541     -0.035392094       -1.1700956       -3.3225191       -2.2815261
            26.25            -22.4              300     -0.045944743        0.3878442     -0.034382455       -1.1839089       -3.3334284        -2.290684
         26.71875            -22.4              300     -0.045562249       0.42404106     -0.033415321       -1.1964568       -3.3402643       -2.2971342
          27.1875            -22.4              300     -0.044058427       0.46189886      -0.03310753       -1.2084371       -3.3434815       -2.3014641
         27.65625            -22.4              300     -0.042500086        0.5010736     -0.032800108        -1.219445       -3.3439846       -2.3039689
           28.125            -22.4              300     -0.041191444        0.5424087     -0.032432053       -1.2289282       -3.3400881       -2.3035121
         28.59375            -22.4              300     -0.041298151       0.58397466      -0.03185017       -1.2357898       -3.3304882       -2.2989535
          29.0625            -22.4              300     -0.042820066       0.62577158     -0.031054502       -1.2400298       -3.3151855       -2.2902932
         29.53125            -22.4              300     -0.045469619       0.66811883      -0.03006045       -1.2417213       -3.2942472       -2.2775979
               30            -22.4              300      -0.04653322       0.71305954     -0.029044967       -1.2415535       -3.2687175       -2.2617111
         30.46875            -22.4              300     -0.047222484       0.75849515     -0.027967516       -1.2392178       -3.2386169       -2.2425163
          30.9375            -22.4              300     -0.047537111        0.8044259     -0.026828118        -1.234714       -3.2039452       -2.2200136
         31.40625            -22.4              300     -0.047477297        0.8508516      -0.02562676       -1.2280424       -3.1647027       -2.1942031
           31.875            -22.4              300     -0.047043089       0.89777243      -0.02436344       -1.2192026       -3.1208887       -2.1650841
         32.34375            -22.4              300     -0.046234414       0.94518816     -0.023038162       -1.2081947       -3.0725038       -2.1326575
          32.8125            -22.4              300     -0.045051407       0.99309891     -0.021650918        -1.195019       -3.0195482       -2.0969231
         33.28125            -22.4              300     -0.049301591        1.0393487     -0.020158293       -1.1749671       -2.9538951        -2.051419
            33.75            -22.4              300     -0.053527929        1.0844607     -0.018699607       -1.1529948       -2.8841646       -2.0035152
         34.21875            -22.4              300     -0.054127093        1.1306553     -0.017619621       -1.1302009       -2.8116841       -1.9541998
          34.6875            -22.4              300     -0.055104665           1.1774     -0.016570309       -1.1039323       -2.7325094       -1.8996665
         35.15625            -22.4              300     -0.056291942          1.22288     -0.015488571       -1.0751227       -2.6487274       -1.8418385
           35.625            -22.4              300     -0.057479911        1.2673841     -0.014449299       -1.0438455       -2.5602703       -1.7806499
         36.09375            -22.4              300       -0.0586688        1.3109121     -0.013452495       -1.0101007       -2.4671376       -1.7161005
          36.5625            -22.4              300     -0.059858754        1.3534639      -0.01249815       -0.9738881       -2.3693287       -1.6481901
         37.03125            -22.4              300     -0.061049357        1.3950397     -0.011586279      -0.93520808       -2.2668447       -1.5769192
             37.5            -22.4              300     -0.062240899        1.4356394     -0.010716869      -0.89406049       -2.1596854       -1.5022876
         37.96875            -22.4              300     -0.060725994        1.4767933    -0.0098218732      -0.85133845       -2.0489073       -1.4252565
          38.4375            -22.4              300     -0.059020236        1.5153067    -0.0090169804      -0.80627173       -1.9327328       -1.3446274
         38.90625            -22.4              300     -0.060779791        1.5492655    -0.0083635114      -0.75793695       -1.8110244       -1.2601032
           39.375            -22.4              300     -0.061835792        1.5819893    -0.0077789812      -0.70795959       -1.6860254       -1.1733391
         39.84375            -22.4              300     -0.064694569        1.6106648    -0.0067740539      -0.65671289        -1.560799       -1.0865378
          40.3125            -22.4              300      -0.06835831         1.635556    -0.0055923178      -0.60354638       -1.4334016      -0.99807096
         40.78125            -22.4              300     -0.071346931        1.6582087    -0.0045589055      -0.54838741       -1.3020775      -0.90650761
            41.25            -22.4              300     -0.073758297         1.679297      -0.00374847      -0.49161625       -1.1665869       -0.8116591
         41.71875            -22.4              300     -0.076496407        1.6980838      -0.00297319      -0.43306056       -1.0275037      -0.71418178
          42.1875            -22.4              300     -0.079561301         1.714569    -0.0022330666      -0.37272027      -0.88482767      -0.61407566
         42.65625            -22.4              300     -0.081664667        1.7289386    -0.0016821927      -0.31074375      -0.73813885      -0.51123279
           43.125            -22.4              300     -0.081683524        1.7413659     -0.001340664      -0.24834128      -0.58963543      -0.40740648
         43.59375            -22.4              300     -0.081232116        1.7516233   -0.00096773566      -0.18577854      -0.44091585      -0.30350402
          44.0625            -22.4              300     -0.080310419        1.7597106   -0.00056340755      -0.12305553      -0.29197988      -0.19952525
         44.53125            -22.4              300     -0.078918152        1.7656279    -0.0001276804     -0.060172267      -0.14282772     -0.095470324
               45            -22.4              300       -0.0770557        1.7693756    0.00033944706     0.0028713208      0.006540929     0.0086609488
         45.46875            -22.4              300     -0.072688855        1.7725387     0.0010717241      0.065770634       0.15344495       0.11115541
          45.9375            -22.4              300     -0.067926295        1.7733364     0.0019899157       0.12838043       0.29810649       0.21208863
         46.40625            -22.4              300     -0.066828229        1.7680613     0.0023253087        0.1916866       0.44613534       0.31525433
           46.875            -22.4              300     -0.066369884           1.7588     0.0027021421       0.25383216       0.59240806       0.41718149
         47.34375            -22.4              300     -0.066550858        1.7455524     0.0031204175        0.3148171       0.73692471       0.51787013
          47.8125            -22.4              300     -0.067371659        1.7283182     0.0035801316       0.37464139       0.87968528       0.61732012
         48.28125            -22.4              300     -0.068115279        1.7078097     0.0041665868       0.43313795        1.0202546       0.71526313
            48.75            -22.4              300     -0.069153041        1.6853571     0.0046902243       0.49080083        1.1594225       0.81233752
         49.21875            -22.4              300     -0.069564447        1.6610963     0.0052720113       0.54742485        1.2962202       0.90781379
          49.6875            -22.4              300     -0.069459736        1.6349157     0.0059112655        0.6030196        1.4307244        1.0017493
         50.15625            -22.4              300     -0.068838842         1.606815     0.0066079879       0.65758491        1.5629346         1.094144
           50.625            -22.4              300     -0.067247421        1.5776417      0.007384161       0.70878786        1.6881542        1.1814208
         51.09375            -22.4              300     -0.065613821        1.5464036     0.0082415082       0.75899661        1.8116245         1.267562
          51.5625            -22.4              300     -0.063938484        1.5129421     0.0091641443       0.80807042        1.9333459        1.3525871
         52.03125            -22.4              300     -0.061934814        1.4779261      0.010131669       0.85476148        2.0507088        1.4344866
             52.5            -22.4              300     -0.059603374        1.4413553      0.011144064       0.89906991        2.1637135        1.5132606
         52.96875            -22.4              300     -0.057866286        1.4019008      0.012163098       0.94067377        2.2713256        1.5881131
          53.4375            -22.4              300     -0.056437775        1.3603663      0.013135085       0.97923326        2.3738949         1.659312
         53.90625            -22.4              300     -0.055137813        1.3170536      0.014060389        1.0147637        2.4716258        1.7270147
           54.375            -22.4              300     -0.053966224        1.2719629      0.014939015        1.0472647         2.564517        1.7912204
         54.84375            -22.4              300     -0.052101213        1.2280061      0.015924018        1.0764184        2.6496735         1.849581
          55.3125            -22.4              300     -0.050300494        1.1828729      0.017178899        1.1045074        2.7313738        1.9056544
         55.78125            -22.4              300      -0.04891257        1.1362092      0.018602848        1.1308416        2.8094268        1.9592435
            56.25            -22.4              300     -0.047798216        1.0894061       0.01995614         1.154271        2.8819923        2.0089002
         56.71875            -22.4              300     -0.046957254        1.0424637      0.021238778        1.1747954        2.9490695        2.0546246
          57.1875            -22.4              300     -0.046389833       0.99538171      0.022450762        1.1924148        3.0106587        2.0964162
         57.65625            -22.4              300      -0.04609587       0.94816023      0.023592092        1.2071294        3.0667603        2.1342759
           58.125            -22.4              300     -0.046075493       0.90079939      0.024662765        1.2189388        3.1173737        2.1682029
         58.59375            -22.4              300      -0.04632853       0.85329914      0.025662776        1.2278435        3.1624992        2.1981976
          59.0625            -22.4              300     -0.046854995       0.80565953      0.026592145        1.2338431        3.2021372        2.2242603
         59.53125            -22.4              300     -0.046389539       0.75951153      0.027661651        1.2373292        3.2355368        2.2460639
               60            -22.4              300     -0.043015033       0.71720326      0.029158112        1.2409356        3.2663555        2.2662075
         60.46875            -22.4              300     -0.043278173       0.67125916      0.030028407        1.2403314        3.2910838        2.2815964
          60.9375            -22.4              300     -0.044189088       0.62642163      0.030989725        1.2377551        3.3105152        2.2932324
         61.40625            -22.4              300     -0.044749588       0.58329993      0.031949684        1.2334634        3.3254042        2.3016789
           61.875            -22.4              300     -0.044997603       0.54178154      0.032862067         1.227402        3.3357835         2.306946
         62.34375            -22.4              300     -0.044932947        0.5018667      0.033726893        1.2195706        3.3416531        2.3090343
          62.8125            -22.4              300     -0.044475093       0.46361586      0.034554686        1.2099879        3.3430352        2.3079708
         63.28125            -22.4              300     -0.043565087       0.42707378      0.035378251        1.1986187        3.3398979        2.3037522
            63.75            -22.4              300      -0.04264478       0.39190832      0.036156554        1.1853285        3.3320816        2.2962053
         64.21875            -22.4              300     -0.041714132       0.35811949      0.036889598        1.1701175        3.3195872        2.2853293
          64.6875            -22.4              300     -0.041512921       0.32544065      0.037444312        1.1540931        3.3032525          2.27209
         65.15625            -22.4              300     -0.041093208       0.29425338      0.037817024        1.1374401        3.2847707        2.2574003
           65.625            -22.4              300     -0.040703576       0.26408038      0.038133837        1.1203619        3.2648242        2.2417288
         66.09375            -22.4              300     -0.040017225       0.23597978      0.038318843        1.1020783         3.241159        2.2234638
          66.5625            -22.4              300     -0.038731713       0.21028194      0.038435981        1.0828766        3.2139502        2.2028098
         67.03125            -22.4              300     -0.038255036       0.18451926      0.038616993        1.0633688        3.1856849        2.1815503
             67.5            -22.4              300     -0.038014755       0.16012958      0.038730957        1.0433422         3.154649        2.1584656
         67.96875            -22.4              300     -0.038010638       0.13711303      0.038777925        1.0227969        3.1208439        2.1335554
          68.4375            -22.4              300     -0.038242772       0.11546967      0.038757883        1.0017328        3.0842681        2.1068203
         68.90625            -22.4              300     -0.038711198      0.095199339      0.038670823       0.98014992        3.0449226        2.0782599
           69.375            -22.4              300     -0.039196964       0.07612554      0.038371187       0.95802593        3.0036054        2.0484097
         69.84375            -22.4              300     -0.039593857      0.058083743      0.037913494         0.935884        2.9614537        2.0181351
          70.3125            -22.4              300     -0.039976563      0.041117094      0.037373871       0.91384494        2.9183557        1.9873831
         70.78125            -22.4              300     -0.040344916      0.025225697      0.036752332         0.891909        2.8743119        1.9561536
            71.25            -22.4              300      -0.04069899      0.010409486      0.036048882       0.87007606        2.8293214        1.9244467
         71.71875            -22.4              300     -0.041038785    -0.0033315397      0.035263505       0.84834629        2.7833855        1.8922623
          72.1875            -22.4              300     -0.041232552     -0.015895821      0.034411188       0.82675445        2.7365208        1.8596264
         72.65625            -22.4              300     -0.040291484     -0.026693821      0.033544783       0.80543131         2.688729        1.8266017
           73.125            -22.4              300     -0.039613497     -0.036932912      0.032475121       0.78414947        2.6401958        1.7931291
         73.59375            -22.4              300     -0.039084859     -0.046454296      0.031429499       0.76327866        2.5915556        1.7597382
          74.0625            -22.4              300     -0.038700581      -0.05525247       0.03040741       0.74281836        2.5428023        1.7264247
         74.53125            -22.4              300      -0.03846062     -0.063327372      0.029408857       0.72276855        2.4939351        1.6931889
               75            -22.4              300     -0.038364917     -0.070679002      0.028433856       0.70312911        2.4449544        1.6600302
         75.46875            -22.4              300      -0.03841354     -0.077307373      0.027482398       0.68390018          2.39586        1.6269494
          75.9375            -22.4              300     -0.038519092     -0.083237141      0.026468117       0.66499943          2.34655        1.5938767
         76.40625            -22.4              300     -0.038337864     -0.088598192      0.025252389       0.64634717        2.2972167        1.5609277
           76.875            -22.4              300     -0.037959851     -0.093383037      0.024034075       0.62816155        2.2482908        1.5283861
         77.34375            -22.4              300     -0.037384965     -0.097591631      0.022813192       0.61044264        2.1997724        1.4962519
          77.8125            -22.4              300     -0.036613341      -0.10122406      0.021589711       0.59319019        2.1516614        1.4645252
         78.28125            -22.4              300     -0.035644863      -0.10428022      0.020363666       0.57640439        2.1039579        1.4332057
            78.75            -22.4              300     -0.034584206      -0.10690677       0.01912621       0.56000459        2.0566177        1.4022381
         79.21875            -22.4              300     -0.033878006      -0.10955758      0.017911859       0.54370797        2.0094776        1.3714337
          79.6875            -22.4              300     -0.033571333      -0.11226821      0.016695794       0.52782214        1.9631349        1.3411816
         80.15625            -22.4              300     -0.033021487      -0.11402413      0.015489745        0.5128172        1.9172437        1.3113922
           80.625            -22.4              300     -0.032165404      -0.11521804      0.014328037       0.49811125        1.8716289        1.2818595
         81.09375            -22.4              300     -0.031197393      -0.11627131      0.013201635       0.48368505        1.8268052        1.2528664
          81.5625            -22.4              300     -0.030199822      -0.11710376      0.012107527       0.46965355        1.7826812         1.224364
         82.03125            -22.4              300     -0.029172678      -0.11771534      0.011045734       0.45601675        1.7392566        1.1963527
             82.5            -22.4              300     -0.028115969       -0.1181061      0.010016236       0.44277465        1.6965315        1.1688321
         82.96875            -22.4              300     -0.027029693      -0.11827601     0.0090190405       0.42992714        1.6545057        1.1418022
          83.4375            -22.4              300     -0.025919134      -0.11822475     0.0080461185       0.41751736         1.613255        1.1152959
         83.90625            -22.4              300     -0.024778841      -0.11793873     0.0071010385       0.40553808        1.5727239         1.089292
           84.375            -22.4              300     -0.023607833      -0.11741693     0.0061849207       0.39398423           1.5329        1.0637854
         84.84375            -22.4              300     -0.022290276       -0.1167379      0.005318976       0.38265985        1.4938195        1.0388186
          85.3125            -22.4              300     -0.020724252      -0.11572141     0.0045229746       0.37177104         1.455296        1.0141699
         85.78125            -22.4              300     -0.019310897      -0.11471163     0.0037808581       0.36121109        1.4174904       0.98993009
            86.25            -22.4              300     -0.018088304      -0.11376216      0.003093936       0.35096061         1.380465       0.96614242
         86.71875            -22.4              300      -0.01705648      -0.11287303     0.0024622004       0.34101966        1.3442202       0.94280696
          87.1875            -22.4              300     -0.016212791      -0.11205019     0.0018792753       0.33138403        1.3088363       0.91997671
         87.65625            -22.4              300     -0.015383998       -0.1111752     0.0013234508       0.32202169        1.2743987       0.89772797
           88.125            -22.4              300     -0.014471628      -0.11013746    0.00081598107       0.31293494        1.2405156       0.87581599
         88.59375            -22.4              300     -0.013475646      -0.10893696    0.00035688421       0.30412379        1.2071871       0.85424131
          89.0625            -22.4              300     -0.012396067       -0.1075737   -5.3848838e-05       0.29558828        1.1744132       0.83300364
         89.53125            -22.4              300     -0.011232908      -0.10604767   -0.00041622599       0.28732836        1.1421938       0.81210303
               90            -22.4              300     -0.010057952      -0.10446241   -0.00076054002       0.27932683        1.1107073       0.79169083
         90.46875            -22.4              300     -0.008912839      -0.10294563    -0.0010690182       0.27160785        1.0803006       0.77195275
          90.9375            -22.4              300    -0.0077596791      -0.10140356     -0.001286244       0.26422945         1.050794       0.75267011
         91.40625            -22.4              300    -0.0066806115     -0.099843048    -0.0014488064       0.25710341        1.0218565       0.73364788
           91.875            -22.4              300    -0.0056794528     -0.098303102    -0.0015917867       0.25015908       0.99350345        0.7149654
         92.34375            -22.4              300    -0.0047562066     -0.096783713    -0.0017151861       0.24339658       0.96573478       0.69662267
          92.8125            -22.4              300    -0.0039108563     -0.095284872     -0.001818996       0.23681581       0.93855059        0.6786198
         93.28125            -22.4              300    -0.0031434293     -0.093806602    -0.0019032306        0.2304168       0.91195077       0.66095662
            93.75            -22.4              300     -0.002453906     -0.092348889    -0.0019678778       0.22419958       0.88593543       0.64363331
         94.21875            -22.4              300    -0.0018422932     -0.090911739    -0.0020129452        0.2181641       0.86050439       0.62664962
          94.6875            -22.4              300    -0.0012017332      -0.08940804    -0.0020092011       0.21233504       0.83563316       0.60999054
         95.15625            -22.4              300   -0.00049030001     -0.087818973    -0.0020217071       0.20667909       0.81135136       0.59370196
           95.625            -22.4              300    0.00028093811      -0.08619009    -0.0020823332       0.20118314       0.78776443       0.57792789
         96.09375            -22.4              300     0.0010871902     -0.084532291    -0.0021028051       0.19591182       0.76490462       0.56260806
          96.5625            -22.4              300     0.0015394569     -0.083136991    -0.0020439457       0.19082361       0.74259585        0.5475316
         97.03125            -22.4              300      0.001953549      -0.08175306    -0.0019471035        0.1858933       0.72074252       0.53271306
             97.5            -22.4              300     0.0026010028     -0.080169901    -0.0018545439       0.18112901       0.69941247       0.51823509
         97.96875            -22.4              300     0.0031869593     -0.078620329    -0.0017679192       0.17648724       0.67858911       0.50408244
          98.4375            -22.4              300     0.0037113901     -0.077104345    -0.0016872467       0.17196795       0.65827245       0.49025512
         98.90625            -22.4              300     0.0041743126      -0.07562194    -0.0016125129        0.1675712       0.63846242       0.47675306
           99.375            -22.4              300     0.0045757126     -0.074173123    -0.0015437303       0.16329692        0.6191591       0.46357626
         99.84375            -22.4              300     0.0049155955     -0.072757892    -0.0014808964       0.15914518       0.60036248       0.45072475
         100.3125            -22.4              300     0.0051939641     -0.071376234     -0.001424004        0.1551159       0.58207256       0.43819854
        100.78125            -22.4              300     0.0054229558     -0.070021354    -0.0013751291       0.15120639       0.56429303       0.42600989
           101.25            -22.4              300     0.0057068979     -0.068654656    -0.0013413093       0.14740355       0.54705328       0.41426495
        101.71875            -22.4              300     0.0058600879     -0.067387491    -0.0012633746       0.14375255       0.53014511       0.40266541
         102.1875            -22.4              300     0.0060501364     -0.066087395    -0.0011856741       0.14020774       0.51361698       0.39132339
        102.65625            -22.4              300     0.0062770322     -0.064754374     -0.001108218       0.13676915       0.49746886       0.38023898
          103.125            -22.4              300     0.0065397797     -0.063388504    -0.0010317959       0.13343656        0.4817034       0.36941361
        103.59375            -22.4              300     0.0067748833     -0.062015902   -0.00099472841       0.13018765       0.46641919       0.35890627
         104.0625            -22.4              300     0.0070029856     -0.060655609   -0.00096925732       0.12702185       0.45149645       0.34866047
        104.53125            -22.4              300     0.0072240857     -0.059307624   -0.00095538195        0.1239392       0.43693507       0.33867621
              105            -22.4              300     0.0074403076     -0.057974529   -0.00094978884       0.12094726       0.42270458       0.32892931
