           x [mm]           y [mm]           z [mm]       ExRe [V/m]       ExIm [V/m]       EyRe [V/m]       EyIm [V/m]       EzRe [V/m]       EzIm [V/m]
---------------------------------------------------------------------------------------------------------------------------------------------------------
             -105            -22.4              300     0.0072689485     -0.057655361    0.00095129618      -0.12142766      -0.42159188      -0.32803494
       -104.53125            -22.4              300     0.0072212992     -0.058877297    0.00095449446      -0.12441564      -0.43575934      -0.33777234
        -104.0625            -22.4              300     0.0071620224     -0.060104676    0.00096111139      -0.12750159      -0.45031154      -0.34777015
       -103.59375            -22.4              300     0.0070295492     -0.061382614    0.00097629079      -0.13068268       -0.4652403      -0.35801774
         -103.125            -22.4              300     0.0068238741      -0.06271112      0.001000039      -0.13395891      -0.48054552       -0.3685151
       -102.65625            -22.4              300     0.0065449974      -0.06409017     0.0010323527      -0.13733025      -0.49622717      -0.37926215
        -102.1875            -22.4              300     0.0061819935      -0.06552989     0.0010860533      -0.14078674      -0.51228726      -0.39025983
       -101.71875            -22.4              300     0.0057619102     -0.067037709     0.0011537048      -0.14435746      -0.52891606      -0.40165851
          -101.25            -22.4              300     0.0053985394     -0.068493865     0.0012079612      -0.14805259      -0.54593819      -0.41331235
       -100.78125            -22.4              300     0.0050966162     -0.069894858     0.0012529109      -0.15187275      -0.56336039      -0.42523357
        -100.3125            -22.4              300     0.0048564086     -0.071240515     0.0012891379      -0.15581822      -0.58118367      -0.43742397
        -99.84375            -22.4              300     0.0046802522     -0.072531052     0.0013175866      -0.15988833      -0.59941268      -0.44988745
          -99.375            -22.4              300      0.004498722     -0.073834985     0.0013590897      -0.16407095      -0.61814451      -0.46269152
        -98.90625            -22.4              300     0.0042110635     -0.075206101     0.0014139253      -0.16836883      -0.63737679      -0.47582108
         -98.4375            -22.4              300     0.0038172666     -0.076644436     0.0014821033      -0.17278194      -0.65710962      -0.48927617
        -97.96875            -22.4              300      0.003317331     -0.078149967     0.0015636208      -0.17731029      -0.67734271       -0.5030567
            -97.5            -22.4              300     0.0027112709     -0.079722695     0.0016584639      -0.18195392      -0.69807637       -0.5171628
        -97.03125            -22.4              300      0.001919667     -0.081421077     0.0017902966      -0.18668467      -0.71933258      -0.53158486
         -96.5625            -22.4              300     0.0011293483     -0.083101019     0.0019207089      -0.19157419      -0.74116212      -0.54634655
        -96.09375            -22.4              300      0.000432336     -0.084693193     0.0020265761      -0.19665651      -0.76356494       -0.5614593
          -95.625            -22.4              300   -0.00017136685     -0.086197577     0.0021078847      -0.20193158      -0.78654104      -0.57692313
        -95.15625            -22.4              300   -0.00070480187     -0.087651677     0.0021496008      -0.20741251      -0.81015784      -0.59276283
         -94.6875            -22.4              300    -0.0011700083      -0.08902932     0.0021453691      -0.21310255      -0.83435553      -0.60898018
        -94.21875            -22.4              300    -0.0017133241     -0.090403669     0.0020889908      -0.21900274      -0.85906184      -0.62551188
           -93.75            -22.4              300    -0.0024110982     -0.091882274     0.0019953991      -0.22508401      -0.88435769      -0.64237952
        -93.28125            -22.4              300    -0.0032473798     -0.093447253     0.0018900756      -0.23131843       -0.9102273      -0.65958858
         -92.8125            -22.4              300    -0.0042221844     -0.095098592     0.0017730263      -0.23770604      -0.93667048      -0.67713892
        -92.34375            -22.4              300     -0.005335521     -0.096836306     0.0016442543      -0.24424681      -0.96368742      -0.69503063
          -91.875            -22.4              300    -0.0062421188     -0.098405346     0.0015106113      -0.25098953      -0.99135572      -0.71331859
        -91.40625            -22.4              300    -0.0069694314      -0.09979821     0.0013435297      -0.25801018       -1.0197634      -0.73203111
         -90.9375            -22.4              300    -0.0078661479      -0.10126331     0.0011268305      -0.26528612       -1.0488628      -0.75112337
        -90.46875            -22.4              300    -0.0089322403      -0.10280062    0.00086051226      -0.27281719       -1.0786541      -0.77059555
              -90            -22.4              300     -0.010175885      -0.10441899    0.00056087435      -0.28058842       -1.1091589      -0.79046303
        -89.53125            -22.4              300      -0.01148187      -0.10605651    0.00035168906      -0.28849185       -1.1405436      -0.81086522
         -89.0625            -22.4              300     -0.012634942      -0.10753147    9.0196729e-05      -0.29666603       -1.1726192      -0.83168519
        -88.59375            -22.4              300     -0.013635078      -0.10884386   -0.00022361614      -0.30511096       -1.2053862      -0.85292286
          -88.125            -22.4              300     -0.014482357      -0.10999372   -0.00058971392      -0.31382659        -1.238844      -0.87457836
        -87.65625            -22.4              300     -0.015372314      -0.11093234    -0.0011395435      -0.32298109       -1.2723918      -0.89624298
         -87.1875            -22.4              300     -0.016156886      -0.11188153    -0.0017015766         -0.33234       -1.3070686      -0.91861153
        -86.71875            -22.4              300     -0.017108647      -0.11285231    -0.0023208987      -0.34203461       -1.3424947      -0.94143116
           -86.25            -22.4              300     -0.018235944      -0.11384019    -0.0029991847      -0.35206869       -1.3786414      -0.96468341
        -85.78125            -22.4              300     -0.019538589      -0.11484498    -0.0037365165       -0.3624422       -1.4155078       -0.9883678
         -85.3125            -22.4              300     -0.021016706      -0.11586677    -0.0045328392      -0.37315515       -1.4530941       -1.0124846
        -84.84375            -22.4              300     -0.022670303      -0.11690561    -0.0053881574      -0.38420755       -1.4914007       -1.0370337
          -84.375            -22.4              300     -0.024057675      -0.11771142    -0.0061196187      -0.39549887       -1.5307455       -1.0622351
        -83.90625            -22.4              300      -0.02516121      -0.11819783    -0.0068892399      -0.40715265        -1.570874       -1.0879626
         -83.4375            -22.4              300     -0.026000394      -0.11837287      -0.00771177      -0.41917843       -1.6117615       -1.1142009
        -82.96875            -22.4              300     -0.026576107      -0.11823674    -0.0085875103      -0.43157679       -1.6534075         -1.14095
            -82.5            -22.4              300     -0.027404949      -0.11784819    -0.0096579073      -0.44464561       -1.6953094       -1.1678922
        -82.03125            -22.4              300     -0.028732792      -0.11755244     -0.010844165      -0.45788735       -1.7373765       -1.1948719
         -81.5625            -22.4              300     -0.030133598      -0.11711287     -0.012119702       -0.4715234       -1.7801338       -1.2223268
        -81.09375            -22.4              300     -0.031242333         -0.11628     -0.013424342      -0.48563325       -1.8237717       -1.2504491
          -80.625            -22.4              300     -0.031826578       -0.1149984     -0.014662833      -0.50020337       -1.8686317       -1.2795289
        -80.15625            -22.4              300     -0.032547355      -0.11353765     -0.015917644      -0.51517987       -1.9140873       -1.3090521
         -79.6875            -22.4              300       -0.0334047       -0.1118978     -0.017188769      -0.53056276       -1.9601392       -1.3390193
        -79.21875            -22.4              300     -0.034398533      -0.11007874     -0.018476229      -0.54635209       -2.0067871       -1.3694303
           -78.75            -22.4              300     -0.035528962       -0.1080806     -0.019779999       -0.5625478       -2.0540309       -1.4002851
        -78.28125            -22.4              300     -0.036795877      -0.10590325     -0.021100104       -0.5791499       -2.1018705       -1.4315835
         -77.8125            -22.4              300     -0.038019668      -0.10327739      -0.02234455      -0.59614843       -2.1502202       -1.4632784
        -77.34375            -22.4              300     -0.038897991     -0.099779956     -0.023526359      -0.61353719       -2.1986339       -1.4951732
          -76.875            -22.4              300     -0.039433159     -0.095419303     -0.024673576      -0.63131809       -2.2470651       -1.5272504
        -76.40625            -22.4              300     -0.039625142     -0.090195358     -0.025786232      -0.64949119       -2.2955134       -1.5595099
         -75.9375            -22.4              300     -0.039473951     -0.084108174     -0.026864305      -0.66805643       -2.3439789       -1.5919515
        -75.46875            -22.4              300     -0.039068725     -0.077498995     -0.027861129      -0.68723744       -2.3932486       -1.6251287
              -75            -22.4              300     -0.038843192     -0.070493661     -0.028833281      -0.70675009       -2.4425702       -1.6584885
        -74.53125            -22.4              300     -0.038893331     -0.063067928     -0.029820422      -0.72662443       -2.4918475       -1.6919357
         -74.0625            -22.4              300     -0.039219167     -0.055221878     -0.030822542      -0.74686044       -2.5410812       -1.7254705
        -73.59375            -22.4              300     -0.039820742     -0.046955507     -0.031839631      -0.76745784       -2.5902705       -1.7590927
          -73.125            -22.4              300     -0.040688742     -0.038096324     -0.032915559      -0.78834271       -2.6390359       -1.7925222
        -72.65625            -22.4              300     -0.041869283     -0.027964473     -0.034157127      -0.80903608       -2.6855404       -1.8244026
         -72.1875            -22.4              300     -0.042718783     -0.017490242     -0.035210442      -0.83079517       -2.7338653       -1.8579289
        -71.71875            -22.4              300     -0.043341003    -0.0057051778     -0.036124177      -0.85253531       -2.7810297       -1.8908021
           -71.25            -22.4              300     -0.043735936     0.0073907524     -0.036898334      -0.87425667       -2.8270338       -1.9230227
        -70.78125            -22.4              300     -0.043903723      0.021797441     -0.037532888      -0.89595926        -2.871877       -1.9545902
         -70.3125            -22.4              300     -0.043844141      0.037515037     -0.038027879      -0.91764295       -2.9155593       -1.9855049
        -69.84375            -22.4              300     -0.043557413      0.054543436     -0.038383268      -0.93930805       -2.9580817       -2.0157669
          -69.375            -22.4              300     -0.043087006      0.072835706     -0.038600311      -0.96109653        -2.999728       -2.0455465
        -68.90625            -22.4              300     -0.042570822      0.092599213     -0.038678087      -0.98298585       -3.0399709       -2.0745833
         -68.4375            -22.4              300     -0.042974032       0.11294404     -0.038970035       -1.0048083       -3.0785611       -2.1025686
        -67.96875            -22.4              300     -0.043639153       0.13416836     -0.039292529       -1.0266664       -3.1159372       -2.1299095
            -67.5            -22.4              300     -0.042013548       0.15823177     -0.039525591       -1.0478414       -3.1509004       -2.1558218
        -67.03125            -22.4              300     -0.040683106       0.18387458     -0.039115258       -1.0684654       -3.1834049       -2.1801226
         -66.5625            -22.4              300     -0.041097753       0.20955701     -0.038599107       -1.0886772       -3.2136621       -2.2028844
        -66.09375            -22.4              300     -0.041588217       0.23651396     -0.038168143       -1.1079895       -3.2406712       -2.2234833
          -65.625            -22.4              300     -0.043819465       0.26349252     -0.037886851       -1.1257267       -3.2634201       -2.2406495
        -65.15625            -22.4              300     -0.044283498       0.29268968     -0.037686687        -1.143503       -3.2850094       -2.2578287
         -64.6875            -22.4              300     -0.044681069       0.32355198     -0.037376717        -1.159946       -3.3028266       -2.2723649
        -64.21875            -22.4              300     -0.044909604       0.35649797     -0.036906991       -1.1750249        -3.316617       -2.2839603
           -63.75            -22.4              300     -0.045120146       0.39091662      -0.03634328       -1.1891289       -3.3272996       -2.2934141
        -63.28125            -22.4              300     -0.045312554         0.426808     -0.035685606       -1.2022581       -3.3348737       -2.3007255
         -62.8125            -22.4              300     -0.045486987       0.46417198      -0.03493394       -1.2144126       -3.3393397       -2.3058953
        -62.34375            -22.4              300     -0.045687333        0.5032804     -0.034105208       -1.2254326       -3.3401318       -2.3084953
          -61.875            -22.4              300      -0.04598619       0.54430723     -0.033256851       -1.2342396       -3.3350194       -2.3068905
        -61.40625            -22.4              300     -0.046240121       0.58619356     -0.032351103        -1.240865       -3.3250794       -2.3019226
         -60.9375            -22.4              300     -0.046448871       0.62893969     -0.031387977       -1.2453086       -3.3103108        -2.293591
        -60.46875            -22.4              300     -0.046612687       0.67254537     -0.030367475       -1.2475709       -3.2907145       -2.2818971
              -60            -22.4              300     -0.046731606       0.71701074     -0.029289577       -1.2476515       -3.2662902         -2.26684
        -59.53125            -22.4              300     -0.046805508       0.76233566     -0.028154293       -1.2455506       -3.2370377         -2.24842
         -59.0625            -22.4              300     -0.046834297       0.80852026     -0.026961641        -1.241268       -3.2029569       -2.2266366
        -58.59375            -22.4              300     -0.046283707       0.85495198     -0.025525857       -1.2348561       -3.1649411       -2.2017918
          -58.125            -22.4              300     -0.047470883       0.90122318     -0.024493903       -1.2255616       -3.1197426       -2.1716814
        -57.65625            -22.4              300     -0.049323924       0.94781762     -0.023441952       -1.2129385       -3.0682325       -2.1369135
         -57.1875            -22.4              300     -0.051595829       0.99477488     -0.022283588       -1.1970519       -3.0108223       -2.0977688
        -56.71875            -22.4              300     -0.053189889        1.0420671      -0.02105191        -1.178628       -2.9486575       -2.0551846
           -56.25            -22.4              300     -0.055192307        1.0889376     -0.019871667       -1.1575589       -2.8806264       -2.0084929
        -55.78125            -22.4              300     -0.056765612        1.1352899     -0.018711705       -1.1342957       -2.8079746       -1.9587095
         -55.3125            -22.4              300     -0.057974271        1.1814078     -0.017580759       -1.1087189       -2.7304657       -1.9055969
        -54.84375            -22.4              300     -0.058815766        1.2274073     -0.016481012       -1.0807883       -2.6480255       -1.8490796
          -54.375            -22.4              300     -0.059290301        1.2732882     -0.015412453       -1.0505042       -2.5606539       -1.7891576
        -53.90625            -22.4              300     -0.061768427        1.3146472     -0.014044201       -1.0188001       -2.4717846       -1.7280703
         -53.4375            -22.4              300     -0.063453719        1.3555272      -0.01277874      -0.98239177       -2.3745506       -1.6605767
        -52.96875            -22.4              300     -0.065518722        1.3950187     -0.011562848      -0.94283766       -2.2717452       -1.5888963
            -52.5            -22.4              300     -0.068139948         1.432917     -0.010385027      -0.90030789       -2.1637306       -1.5133171
        -52.03125            -22.4              300     -0.071317658        1.4692225    -0.0092452746      -0.85480243       -2.0505078       -1.4338392
         -51.5625            -22.4              300     -0.073432885        1.5055439    -0.0085590184      -0.80733407        -1.932422       -1.3511692
        -51.09375            -22.4              300       -0.0749522           1.5404    -0.0079476908      -0.75836653       -1.8110142       -1.2663205
          -50.625            -22.4              300     -0.076104619        1.5734766    -0.0073305778      -0.70782089       -1.6863739       -1.1792972
        -50.15625            -22.4              300      -0.07689026        1.6047735    -0.0067076748      -0.65569735       -1.5585022       -1.0900991
         -49.6875            -22.4              300     -0.077308871        1.6342912     -0.006078993      -0.60199577       -1.4273984      -0.99872643
        -49.21875            -22.4              300     -0.077373751        1.6619387    -0.0054351822      -0.54711038        -1.293458      -0.90555549
           -48.75            -22.4              300     -0.077853471        1.6853449    -0.0047139809      -0.49329817       -1.1593354      -0.81307834
        -48.28125            -22.4              300     -0.079187572        1.7038038    -0.0039870194      -0.43724036       -1.0220133      -0.71839142
         -47.8125            -22.4              300     -0.078703277        1.7220072    -0.0035989687      -0.37676221      -0.88052738      -0.61954319
        -47.34375            -22.4              300     -0.078389406        1.7380879    -0.0032299589      -0.31546977      -0.73771679      -0.51954091
          -46.875            -22.4              300      -0.07858555        1.7515521    -0.0028321682      -0.25376505       -0.5938381      -0.41873083
        -46.40625            -22.4              300     -0.078422159        1.7628384    -0.0021383143      -0.19115099      -0.44750777       -0.3163451
         -45.9375            -22.4              300     -0.077538796         1.771629    -0.0014322426      -0.12830214      -0.30028605      -0.21331705
        -45.46875            -22.4              300     -0.076419778         1.777262   -0.00075503142       -0.0652643      -0.15210937      -0.10964595
              -45            -22.4              300      -0.07576596        1.7789516   -0.00017885905    -0.0019035726    -0.0026710574    -0.0051800283
        -44.53125            -22.4              300     -0.074283451        1.7785705    0.00033792699       0.06188225       0.14761508      0.099958695
         -44.0625            -22.4              300     -0.072318964        1.7759531    0.00059788651       0.12563545       0.29776946       0.20503476
        -43.59375            -22.4              300     -0.070867255        1.7700306    0.00086439436       0.18858293       0.44600895       0.30872416
          -43.125            -22.4              300     -0.069960773        1.7607545     0.0011667447       0.25071305       0.59230113       0.41100338
        -42.65625            -22.4              300     -0.069599405        1.7481241     0.0015049373       0.31202579       0.73664612       0.51187247
         -42.1875            -22.4              300     -0.069783121        1.7321397     0.0018789726       0.37252113       0.87904364        0.6113314
        -41.71875            -22.4              300     -0.070190728        1.7128832     0.0022602889       0.43203521        1.0191063        0.7090863
           -41.25            -22.4              300      -0.06893827        1.6907194     0.0025276542       0.48975053        1.1553674       0.80400705
        -40.78125            -22.4              300     -0.068045177        1.6671752     0.0035600988       0.54666162        1.2922131       0.89927626
         -40.3125            -22.4              300      -0.06632109        1.6423365     0.0046415385       0.60250401        1.4270941       0.99315703
        -39.84375            -22.4              300     -0.063766249        1.6162039     0.0057719722       0.65727758        1.5600102        1.0856497
          -39.375            -22.4              300     -0.063814797        1.5870085     0.0066104066       0.70986748        1.6859064        1.1735871
        -38.90625            -22.4              300     -0.062631361        1.5534232     0.0073878611       0.76029485        1.8084449        1.2591158
         -38.4375            -22.4              300     -0.061123732        1.5182989     0.0082175098       0.80850804        1.9273272        1.3420022
        -37.96875            -22.4              300     -0.059515774        1.4818827     0.0091037359       0.85440481        2.0421662        1.4219886
            -37.5            -22.4              300      -0.05780752        1.4441742      0.010046541        0.8979851        2.1529622        1.4990754
        -37.03125            -22.4              300     -0.055998757        1.4051738      0.011045928       0.93924892        2.2597144         1.573262
         -36.5625            -22.4              300     -0.054089561        1.3648814        0.0121019       0.97819644        2.3624237        1.6445487
        -36.09375            -22.4              300     -0.052080274        1.3232965      0.013214439        1.0148274        2.4610894        1.7129356
          -35.625            -22.4              300     -0.054426789        1.2754469      0.014448386        1.0481867         2.556375        1.7788488
        -35.15625            -22.4              300     -0.058354676        1.2241851      0.015765343         1.079185        2.6480041        1.8422681
         -34.6875            -22.4              300     -0.063019276        1.1704313      0.017153215        1.1080334        2.7358634        1.9031359
        -34.21875            -22.4              300     -0.057857085        1.1300688      0.018100649        1.1342797        2.8142679        1.9571357
           -33.75            -22.4              300     -0.052671153         1.090731      0.019023966        1.1559358        2.8834226         2.004154
        -33.28125            -22.4              300     -0.052934296        1.0426568      0.020080812        1.1752934        2.9480586         2.048352
         -32.8125            -22.4              300     -0.051717043       0.99508643      0.021232074         1.192732        3.0081687        2.0891929
        -32.34375            -22.4              300     -0.050181933       0.94797325      0.022400104        1.2076921        3.0634763        2.1266224
          -31.875            -22.4              300     -0.048328899       0.90131682      0.023584908        1.2201742        3.1139815         2.160641
        -31.40625            -22.4              300     -0.046157956       0.85511738      0.024786478        1.2301774        3.1596832        2.1912482
         -30.9375            -22.4              300     -0.043669105       0.80937481      0.026004821        1.2377024         3.200583        2.2184441
        -30.46875            -22.4              300     -0.040909573       0.76450008      0.027264949         1.243451        3.2371223        2.2426817
              -30            -22.4              300     -0.041884199       0.71787626       0.02876519        1.2459952        3.2673814        2.2622547
        -29.53125            -22.4              300     -0.043996125       0.67162365      0.030072972        1.2455549        3.2913496        2.2773089
         -29.0625            -22.4              300     -0.044956833       0.62790066      0.031104766        1.2423608        3.3086755        2.2874236
        -28.59375            -22.4              300     -0.045701422       0.58524442      0.031984806        1.2373042        3.3218479        2.2945571
          -28.125            -22.4              300     -0.046468399       0.54339403      0.032727402        1.2304225        3.3310504        2.2988644
        -27.65625            -22.4              300     -0.047257744        0.5023495      0.033332556        1.2217157        3.3362823        2.3003449
         -27.1875            -22.4              300     -0.048069425       0.46211079      0.033800256        1.2111839        3.3375435        2.2989988
        -26.71875            -22.4              300     -0.048903465       0.42267796      0.034130521         1.198827        3.3348341        2.2948265
           -26.25            -22.4              300     -0.047265977       0.38726243      0.034709956        1.1850413        3.3271954        2.2874317
        -25.78125            -22.4              300     -0.045759879       0.35288537      0.035311557         1.170236        3.3162885        2.2779284
         -25.3125            -22.4              300     -0.044435002        0.3194862      0.035929285        1.1544105        3.3021386        2.2663307
        -24.84375            -22.4              300     -0.043338872       0.28760529      0.036620047        1.1380365        3.2855496        2.2533753
          -24.375            -22.4              300      -0.04230782       0.25783128      0.037326038        1.1210686        3.2656286        2.2380583
        -23.90625            -22.4              300     -0.041334368       0.23016317      0.038043033        1.1034864         3.242312        2.2203162
         -23.4375            -22.4              300     -0.040418632       0.20460084      0.038771007        1.0852902        3.2156007        2.2001486
        -22.96875            -22.4              300     -0.040031128       0.18049742      0.039362632        1.0662444        3.1855237        2.1775773
            -22.5            -22.4              300     -0.041670945       0.15501803      0.039235137        1.0456406        3.1532223        2.1534958
        -22.03125            -22.4              300     -0.042989686        0.1305732      0.038565166         1.024404        3.1195583        2.1285529
         -21.5625            -22.4              300     -0.043672055       0.10792922      0.037853412        1.0029449        3.0839329        2.1024539
        -21.09375            -22.4              300     -0.043713298      0.087201089      0.037263043       0.98136181        3.0462046        2.0751193
          -20.625            -22.4              300     -0.043113656      0.068388604      0.036794025       0.95965463        3.0063729        2.0465484
        -20.15625            -22.4              300      -0.04187287      0.051492013        0.0364464       0.93782353        2.9644377        2.0167415
         -19.6875            -22.4              300     -0.039991166      0.036511108       0.03622013       0.91586822         2.920399        1.9856987
        -19.21875            -22.4              300     -0.037941784      0.022766672      0.036134407       0.89383829         2.874893        1.9538283
           -18.75            -22.4              300     -0.036496758     0.0093999775       0.03596418       0.87194115        2.8288803        1.9216743
        -18.28125            -22.4              300     -0.036064554    -0.0038317777      0.035584971       0.85036135         2.782732        1.8894197
         -17.8125            -22.4              300     -0.036438625     -0.016669791      0.035000127       0.82902312         2.736026        1.8568304
        -17.34375            -22.4              300     -0.037618939     -0.029114038      0.034209643       0.80792648        2.6887631        1.8239069
          -16.875            -22.4              300     -0.038349848     -0.040246502      0.033200037       0.78674841        2.6404424        1.7904649
        -16.40625            -22.4              300     -0.038423564     -0.050212748       0.03206322       0.76571155        2.5918088        1.7570142
         -15.9375            -22.4              300     -0.038250703     -0.059368514      0.030821167       0.74497294        2.5431817         1.723716
        -15.46875            -22.4              300     -0.037794158      -0.06769412      0.029518163       0.72458148        2.4946778        1.6906692
              -15            -22.4              300     -0.036837764     -0.074955031      0.028306946       0.70489269        2.4468231        1.6583529
        -14.53125            -22.4              300     -0.035734568     -0.080989867      0.027122103       0.68551219        2.3978932        1.6255569
         -14.0625            -22.4              300     -0.034818128     -0.086587325      0.025978543       0.66651201        2.3489642         1.592852
        -13.59375            -22.4              300     -0.034088403     -0.091747373      0.024876276       0.64789212        2.3000369        1.5602381
          -13.125            -22.4              300      -0.03354549     -0.096470058      0.023815285       0.62965268        2.2511106         1.527715
        -12.65625            -22.4              300     -0.033027086      -0.10088164      0.022803187       0.61178207        2.2025678        1.4955144
         -12.1875            -22.4              300     -0.032416716      -0.10521559      0.021827385       0.59440231        2.1551275        1.4641066
        -11.71875            -22.4              300     -0.032071494      -0.10881023      0.020685425       0.57753932        2.1076658        1.4328766
           -11.25            -22.4              300     -0.031622902      -0.11191992      0.019499492       0.56104106        2.0605388        1.4019586
        -10.78125            -22.4              300     -0.031042498      -0.11459833       0.01829035       0.54490232        2.0138199        1.3713881
         -10.3125            -22.4              300     -0.030330282      -0.11684543      0.017057996       0.52912319         1.967509        1.3411651
         -9.84375            -22.4              300     -0.029486284      -0.11866125      0.015802419       0.51370364        1.9216061        1.3112895
           -9.375            -22.4              300     -0.028510462      -0.12004575      0.014523628       0.49864364         1.876111        1.2817616
         -8.90625            -22.4              300     -0.027458886      -0.12108113      0.013231821       0.48396763        1.8312206        1.2527016
          -8.4375            -22.4              300     -0.026306918      -0.12179059      0.011962937       0.46975017        1.7871281         1.224234
         -7.96875            -22.4              300      -0.02498691       -0.1220952      0.010718548       0.45599085        1.7436916        1.1962745
             -7.5            -22.4              300     -0.023218824      -0.12196257     0.0096367961       0.44280672        1.7011752        1.1690323
         -7.03125            -22.4              300     -0.021911357      -0.12194251     0.0087146079       0.43003312        1.6590523        1.1420109
          -6.5625            -22.4              300     -0.020684557      -0.12188349      0.007837045       0.41760576        1.6177448        1.1154858
         -6.09375            -22.4              300     -0.019538395      -0.12178548     0.0070041213       0.40552479        1.5772527        1.0894573
           -5.625            -22.4              300     -0.018472886      -0.12164848     0.0062158294       0.39379007        1.5375761        1.0639248
         -5.15625            -22.4              300     -0.017472545      -0.12144339     0.0054664509       0.38239968        1.4986794        1.0388712
          -4.6875            -22.4              300     -0.016389996      -0.12097462     0.0047189696       0.37133574        1.4603777        1.0142103
         -4.21875            -22.4              300       -0.0152485      -0.12034417     0.0039941883       0.36060202        1.4228297       0.99002498
            -3.75            -22.4              300     -0.014048081      -0.11955207     0.0032921005       0.35019845        1.3860352       0.96631509
         -3.28125            -22.4              300     -0.012788715      -0.11859829     0.0026127144       0.34012508        1.3499941       0.94308072
          -2.8125            -22.4              300     -0.011543151      -0.11753849     0.0019918066        0.3303861        1.3146799        0.9203015
         -2.34375            -22.4              300     -0.010316492      -0.11635758     0.0014245028       0.32097611        1.2800392       0.89794391
           -1.875            -22.4              300    -0.0094645452      -0.11540141    0.00097764435       0.31187925        1.2460181       0.87590432
         -1.40625            -22.4              300     -0.008781842       -0.1145694    0.00062248559       0.30303037        1.2126377       0.85420483
          -0.9375            -22.4              300    -0.0074292007      -0.11314321    6.3523694e-05       0.29435217          1.18027       0.83326578
         -0.46875            -22.4              300    -0.0059901252      -0.11161108   -0.00022685158       0.28613794        1.1485983       0.81264222
                0            -22.4              300     -0.004633395      -0.11010075   -0.00048526083       0.27814338        1.1176256       0.79241621
          0.46875            -22.4              300    -0.0033590093      -0.10861221   -0.00071168633       0.27036855        1.0873517       0.77258766
           0.9375            -22.4              300    -0.0021669336      -0.10714546    -0.0009061264       0.26281345        1.0577766       0.75315678
          1.40625            -22.4              300    -0.0010572253      -0.10570049    -0.0010686032       0.25547799        1.0288998       0.73412341
            1.875            -22.4              300    -2.896892e-05      -0.10427202    -0.0012105362       0.24835029         1.000708       0.71548235
          2.34375            -22.4              300    0.00091762037       -0.1028586    -0.0013303889       0.24143429       0.97319585       0.69722742
           2.8125            -22.4              300     0.0017814073      -0.10146565    -0.0014150959       0.23474441        0.9463774       0.67936212
          3.28125            -22.4              300     0.0025624023      -0.10009314    -0.0014646491       0.22828063       0.92025274       0.66188651
             3.75            -22.4              300     0.0032730012     -0.098740719    -0.0014927621       0.22202075       0.89480144       0.64482027
          4.21875            -22.4              300     0.0041299695       -0.0973306    -0.0015648548       0.21591996       0.87010151       0.62828183
           4.6875            -22.4              300     0.0049713831     -0.095915489    -0.0016164486       0.20999642       0.84597236       0.61206567
          5.15625            -22.4              300     0.0057630837     -0.094513655    -0.0016459357        0.2042347       0.82236749        0.5961569
            5.625            -22.4              300     0.0065050833     -0.093125097     -0.001653323       0.19863477       0.79928702        0.5805555
          6.09375            -22.4              300     0.0071973763     -0.091749825    -0.0016386039       0.19319667       0.77673107       0.56526148
           6.5625            -22.4              300     0.0078399749     -0.090387821    -0.0016017789       0.18792041       0.75469941       0.55027503
          7.03125            -22.4              300     0.0084328633     -0.089039117    -0.0015428569       0.18280591       0.73319221       0.53559589
              7.5            -22.4              300     0.0089760525     -0.087703675    -0.0014618291       0.17785324       0.71220934       0.52122414
          7.96875            -22.4              300     0.0094695361     -0.086381495    -0.0013586991       0.17306237       0.69175094       0.50715977
           8.4375            -22.4              300     0.0099133234     -0.085072599    -0.0012334604       0.16843331       0.67181695       0.49340293
          8.90625            -22.4              300      0.010307404      -0.08377701    -0.0010861233        0.1639661       0.65240729       0.47995338
            9.375            -22.4              300      0.010962086       -0.0822559   -0.00090336171       0.15966904       0.63333482       0.46671319
          9.84375            -22.4              300      0.011417056     -0.080948412   -0.00081456592       0.15536423       0.61481827       0.45396271
          10.3125            -22.4              300       0.01197935     -0.079589821   -0.00076641934       0.15116115       0.59688395       0.44161421
         10.78125            -22.4              300      0.012562346     -0.078241885   -0.00072860473       0.14708994       0.57957304       0.42970231
            11.25            -22.4              300       0.01272602     -0.077134185   -0.00063094159       0.14319146        0.5626536       0.41788721
         11.71875            -22.4              300      0.012938346     -0.075986445   -0.00054918858       0.13938472       0.54614687       0.40636626
          12.1875            -22.4              300      0.013199345     -0.074798666   -0.00048332318       0.13566975        0.5300529       0.39513952
         12.65625            -22.4              300      0.013550899     -0.073551901   -0.00042604445       0.13205643       0.51440662       0.38423684
           13.125            -22.4              300      0.013971671     -0.072276205   -0.00035933987       0.12855518       0.49923366       0.37366837
         13.59375            -22.4              300      0.014345339     -0.071034439   -0.00029260013       0.12514636       0.48445922       0.36336407
          14.0625            -22.4              300      0.014671911     -0.069826566   -0.00022582337       0.12182998       0.47008306       0.35332406
         14.53125            -22.4              300      0.014951387     -0.068652608   -0.00015900237       0.11860601       0.45610523       0.34354815
               15            -22.4              300      0.015166901     -0.067550398   -9.7346026e-05       0.11545981       0.44253504       0.33405852
         15.46875            -22.4              300      0.015293877     -0.066571757   -5.9048296e-05       0.11237647       0.42941338       0.32490319
          15.9375            -22.4              300      0.015499436     -0.065498993   -1.2325618e-05       0.10942081        0.4166775       0.31598336
         16.40625            -22.4              300       0.01570287     -0.064434379    2.9545277e-05       0.10653746       0.40424806       0.30727866
           16.875            -22.4              300       0.01590417     -0.063377887    6.6551729e-05       0.10372642       0.39212507       0.29878908
         17.34375            -22.4              300      0.016103342     -0.062329527    9.8702498e-05       0.10098765       0.38030854       0.29051462
          17.8125            -22.4              300      0.016300388     -0.061289303     0.0001259984      0.098321185       0.36879843       0.28245527
         18.28125            -22.4              300      0.016495299     -0.060257211    0.00014843233      0.095727026       0.35759473       0.27461103
            18.75            -22.4              300      0.016688086     -0.059233256    0.00016601093      0.093205161       0.34669757       0.26698196
         19.21875            -22.4              300      0.016849909     -0.058238801    0.00017655012      0.090750284       0.33610201       0.25956377
          19.6875            -22.4              300      0.016900856     -0.057334743    0.00017315576      0.088346019       0.32581708       0.25236052
         20.15625            -22.4              300      0.017146621     -0.056306131    0.00018723351      0.086019911       0.31579688       0.24535644
           20.625            -22.4              300       0.01730126     -0.055349864    0.00020132744      0.083755828       0.30610213       0.23856351
         21.09375            -22.4              300      0.017434709     -0.054425903    0.00020195649      0.081540674       0.29668871       0.23196746
          21.5625            -22.4              300      0.017563663     -0.053515252    0.00019936822      0.079384446       0.28753716       0.22555055
         22.03125            -22.4              300      0.017688122     -0.052617919    0.00019355817      0.077287145        0.2786476       0.21931279
             22.5            -22.4              300      0.017808087       -0.0517339    0.00018453551       0.07524877       0.27001995       0.21325418
         22.96875            -22.4              300      0.017923558     -0.050863188    0.00017229281      0.073269323        0.2616542       0.20737468
          23.4375            -22.4              300      0.018034538     -0.050005797    0.00015683542      0.071348816       0.25355038       0.20167433
         23.90625            -22.4              300       0.01814102     -0.049161717    0.00013815565      0.069487222       0.24570847        0.1961531
           24.375            -22.4              300      0.018245531     -0.048329093     0.0001163907      0.067684136       0.23812298       0.19080716
         24.84375            -22.4              300      0.018363141     -0.047495555    9.5352385e-05      0.065925837       0.23067762       0.18555476
          25.3125            -22.4              300      0.018456444     -0.046693031    8.3719671e-05       0.06421718       0.22344461       0.18044758
         25.78125            -22.4              300      0.018542653     -0.045912605    8.1333215e-05       0.06255535       0.21642753       0.17548814
            26.25            -22.4              300      0.018621765     -0.045154285    8.8197703e-05      0.060940351       0.20962644       0.17067648
         26.71875            -22.4              300      0.018696008     -0.044415273     0.0001035539      0.059371181        0.2030381       0.16600971
          27.1875            -22.4              300      0.018787574     -0.043668035    0.00012282631      0.057846062       0.19663426        0.1614638
         27.65625            -22.4              300      0.018894907     -0.042914029    0.00014602439      0.056370694       0.19041388       0.15703882
           28.125            -22.4              300      0.018987777     -0.042179964    0.00015745033      0.054935139       0.18436243       0.15272306
         28.59375            -22.4              300       0.01905705     -0.041473564    0.00015813578      0.053530857       0.17848565        0.1485239
          29.0625            -22.4              300      0.019102732     -0.040794842    0.00014808774      0.052157883       0.17278355       0.14444134
         29.53125            -22.4              300      0.019127868     -0.040142272    0.00012871681      0.050817247       0.16726559       0.14048198
               30            -22.4              300      0.019163035     -0.039497599     0.0001168194      0.049516536       0.16196358       0.13666902
         30.46875            -22.4              300      0.019196775      -0.03886418    0.00010917801      0.048249543       0.15679318       0.13294476
          30.9375            -22.4              300      0.019229082     -0.038242027    0.00010579854       0.04701627       0.15175444       0.12930921
         31.40625            -22.4              300      0.019259961     -0.037631143    0.00010667538      0.045816705       0.14684732       0.12576233
           31.875            -22.4              300      0.019289412     -0.037031516    0.00011181031      0.044650868       0.14207184       0.12230413
         32.34375            -22.4              300      0.019317431     -0.036443159    0.00012120332      0.043518744         0.137428       0.11893465
          32.8125            -22.4              300      0.019344019     -0.035866056    0.00013485162      0.042420324       0.13291578       0.11565384
         33.28125            -22.4              300      0.019409072     -0.035277255    0.00015048555      0.041370209       0.12856738       0.11248864
            33.75            -22.4              300      0.019472415     -0.034688458    0.00014896758      0.040338576       0.12436024       0.10942311
         34.21875            -22.4              300      0.019453553     -0.034171123     0.0001426356      0.039320137       0.12027874       0.10643709
          34.6875            -22.4              300      0.019440837     -0.033666492    0.00015217892      0.038341634       0.11631911       0.10352976
         35.15625            -22.4              300      0.019437153     -0.033162501    0.00016235566      0.037387468       0.11247108       0.10069932
           35.625            -22.4              300      0.019431192      -0.03266862    0.00017157465      0.036456857       0.10873874      0.097948447
         36.09375            -22.4              300      0.019422948     -0.032184843    0.00017983327      0.035549805       0.10512209       0.09527716
          36.5625            -22.4              300      0.019412428     -0.031711172    0.00018712762      0.034666307       0.10162112      0.092685424
         37.03125            -22.4              300      0.019399628      -0.03124761    0.00019346527      0.033806372      0.098235823      0.090173267
             37.5            -22.4              300      0.019384546     -0.030794155     0.0001988404      0.032969989      0.094966225       0.08774069
         37.96875            -22.4              300       0.01937429     -0.030340996    0.00019407617      0.032146186       0.09179318      0.085380189
          38.4375            -22.4              300       0.01936651      -0.02989199    0.00018240229      0.031337764      0.088704228      0.083084032
         38.90625            -22.4              300      0.019347256     -0.029463332    0.00018123258      0.030560657      0.085705772      0.080846071
           39.375            -22.4              300      0.019313116     -0.029052095    0.00017298514      0.029797198      0.082795404      0.078669213
         39.84375            -22.4              300      0.019266207     -0.028658228    0.00016737168      0.029052768      0.079972066      0.076553687
          40.3125            -22.4              300      0.019218698     -0.028275205    0.00016654114        0.0283278       0.07723482      0.074502826
         40.78125            -22.4              300      0.019173313     -0.027900517    0.00016584463      0.027619919      0.074587099      0.072519295
            41.25            -22.4              300      0.019133205     -0.027529199    0.00016454502      0.026931088      0.072026819      0.070597909
         41.71875            -22.4              300      0.019097377     -0.027161628     0.0001656583      0.026263405      0.069546603      0.068732046
          42.1875            -22.4              300      0.019065838     -0.026797812    0.00016918272      0.025616862      0.067146458      0.066921741
         42.65625            -22.4              300      0.019037301     -0.026437348    0.00016880227      0.024986168      0.064829841      0.065171219
           43.125            -22.4              300      0.019004086      -0.02608401    0.00015760446      0.024362043      0.062584542      0.063474163
         43.59375            -22.4              300       0.01896508     -0.025740016    0.00014290656       0.02374916      0.060399801      0.061821032
          44.0625            -22.4              300       0.01892028     -0.025405368    0.00012470828      0.023147527      0.058275621       0.06021183
         44.53125            -22.4              300      0.018869681     -0.025080068    0.00010301312      0.022557141      0.056212008       0.05864656
               45            -22.4              300       0.01881329     -0.024764113    7.7817269e-05      0.021978004      0.054208949      0.057125214
         45.46875            -22.4              300      0.018769097     -0.024440061    5.4591219e-05      0.021411302      0.052266583      0.055650748
          45.9375            -22.4              300      0.018732242     -0.024114612    3.3881748e-05      0.020859536      0.050389793      0.054225072
         46.40625            -22.4              300       0.01867393     -0.023819998     5.882961e-06      0.020322524      0.048576403      0.052843913
           46.875            -22.4              300      0.018620145     -0.023527881   -1.9252402e-05      0.019799955      0.046815634       0.05150222
         47.34375            -22.4              300      0.018570883      -0.02323826   -4.1521766e-05      0.019291827      0.045107484      0.050199997
          47.8125            -22.4              300       0.01852615     -0.022951134   -6.0927799e-05      0.018798139      0.043451946      0.048937231
         48.28125            -22.4              300      0.018487586     -0.022663889   -7.6526405e-05      0.018318804       0.04185269      0.047715995
            48.75            -22.4              300      0.018444169     -0.022385215   -8.9650974e-05      0.017853079      0.040299714       0.04652518
         49.21875            -22.4              300       0.01839599     -0.022114448   -0.00010429858      0.017397504      0.038797557      0.045370415
          49.6875            -22.4              300      0.018342983     -0.021851724   -0.00012027554      0.016952263      0.037345979       0.04425149
         50.15625            -22.4              300      0.018285142     -0.021597043   -0.00013757922       0.01651736      0.035944976      0.043168396
           50.625            -22.4              300       0.01822868     -0.021344882   -0.00015762914      0.016088232      0.034590814      0.042120676
         51.09375            -22.4              300      0.018181602     -0.021086529   -0.00017392845      0.015671885       0.03327471      0.041099399
          51.5625            -22.4              300      0.018136673     -0.020829694    -0.0001881934       0.01526772      0.031995371      0.040102877
         52.03125            -22.4              300      0.018090062     -0.020578198   -0.00020348019      0.014872154      0.030752219      0.039131448
             52.5            -22.4              300      0.018041778     -0.020332031   -0.00021979469      0.014485185      0.029545257      0.038185105
         52.96875            -22.4              300      0.017990056     -0.020094819   -0.00023545753      0.014108831      0.028378606      0.037266519
          53.4375            -22.4              300      0.017939061     -0.019861639   -0.00024920102      0.013743514      0.027252017      0.036376126
         53.90625            -22.4              300      0.017889518     -0.019631378   -0.00026115181       0.01338896      0.026164789       0.03551355
           54.375            -22.4              300      0.017841423     -0.019404039   -0.00027130888      0.013045168      0.025116924       0.03467878
         54.84375            -22.4              300      0.017788803     -0.019184139   -0.00028327582      0.012707559      0.024093652      0.033860464
          55.3125            -22.4              300      0.017732635     -0.018970223   -0.00029670098      0.012377344      0.023106452      0.033066295
         55.78125            -22.4              300      0.017676234     -0.018759979   -0.00030819827      0.012057064      0.022154765      0.032296244
            56.25            -22.4              300      0.017619943     -0.018553028   -0.00031755446      0.011745413      0.021229796      0.031544395
         56.71875            -22.4              300      0.017563762     -0.018349372   -0.00032476976      0.011442392      0.020331539       0.03081074
          57.1875            -22.4              300      0.017507687     -0.018149007    -0.0003298443         0.011148          0.01946      0.030095289
         57.65625            -22.4              300      0.017451726     -0.017951939   -0.00033277797      0.010862237      0.018615171      0.029398039
           58.125            -22.4              300      0.017395873     -0.017758165   -0.00033357134      0.010585104      0.017797055      0.028718989
         58.59375            -22.4              300      0.017340127     -0.017567683   -0.00033222378      0.010316601      0.017005656       0.02805814
          59.0625            -22.4              300      0.017284492     -0.017380496   -0.00032873487      0.010056728      0.016240969      0.027415486
         59.53125            -22.4              300      0.017226096     -0.017198794   -0.00032894971     0.0098008011      0.015503925      0.026792055
               60            -22.4              300      0.017161008     -0.017020881   -0.00033740638     0.0095457286      0.014783937      0.026181662
         60.46875            -22.4              300      0.017099798     -0.016843934   -0.00033201638     0.0093063237      0.014089327      0.025586454
          60.9375            -22.4              300      0.017037736     -0.016671501   -0.00032663631     0.0090717888      0.013415741      0.025006155
         61.40625            -22.4              300      0.016973855     -0.016503071   -0.00032256695     0.0088418052      0.012762817      0.024440419
           61.875            -22.4              300      0.016908236     -0.016338449    -0.0003193731      0.008616725      0.012130493      0.023889137
         62.34375            -22.4              300      0.016840879     -0.016177636   -0.00031705271     0.0083965519      0.011518774      0.023352319
          62.8125            -22.4              300      0.016771857     -0.016020466   -0.00031583107      0.008181178       0.01092778      0.022830028
         63.28125            -22.4              300      0.016701773     -0.015866265   -0.00031572866     0.0079707513       0.01035824      0.022322701
            63.75            -22.4              300      0.016630625     -0.015715552   -0.00031540767     0.0077659967     0.0098098749      0.021830179
         64.21875            -22.4              300      0.016558409     -0.015568327    -0.0003148664      0.007566913      0.009282683      0.021352455
          64.6875            -22.4              300      0.016485441     -0.015424904   -0.00031827678     0.0073687471     0.0087649385      0.020882452
         65.15625            -22.4              300      0.016413271      -0.01528218   -0.00032002351     0.0071763424     0.0082623996      0.020424377
           65.625            -22.4              300       0.01634302     -0.015138772   -0.00031984464     0.0069900337     0.0077762255      0.019979093
         66.09375            -22.4              300      0.016271288     -0.014998985   -0.00031645078     0.0068108127     0.0073061213      0.019545689
          66.5625            -22.4              300      0.016196065     -0.014864429     -0.000312519     0.0066361069     0.0068512834      0.019123791
         67.03125            -22.4              300      0.016121848     -0.014730357   -0.00031057931     0.0064638644     0.0064099529      0.018712491
             67.5            -22.4              300      0.016046612     -0.014599355   -0.00031019753     0.0062942747     0.0059828558      0.018312395
         67.96875            -22.4              300      0.015970357     -0.014471429   -0.00031137129     0.0061273398      0.005569994        0.0179235
          68.4375            -22.4              300      0.015893081     -0.014346577   -0.00031410102     0.0059630601     0.0051713665      0.017545808
         68.90625            -22.4              300      0.015814789     -0.014224796   -0.00031838787     0.0058014346     0.0047869729      0.017179318
           69.375            -22.4              300      0.015735531     -0.014105884   -0.00032094336     0.0056453375     0.0044164909      0.016823377
         69.84375            -22.4              300       0.01565633     -0.013988391   -0.00032192093     0.0054939911     0.0040565263      0.016475996
          70.3125            -22.4              300      0.015577381      -0.01387209   -0.00032281442     0.0053459536     0.0037065009      0.016137034
         70.78125            -22.4              300      0.015498681     -0.013756983   -0.00032362179     0.0052012266     0.0033664135      0.015806498
            71.25            -22.4              300      0.015420232     -0.013643071   -0.00032434359     0.0050598076      0.003036265      0.015484381
         71.71875            -22.4              300      0.015342034     -0.013530352   -0.00032498047     0.0049216985     0.0027160549      0.015170689
          72.1875            -22.4              300      0.015263963     -0.013418851   -0.00032594698     0.0047865389     0.0024057415       0.01486534
         72.65625            -22.4              300      0.015184129     -0.013308769   -0.00033138588     0.0046507488     0.0021043266      0.014566911
           73.125            -22.4              300      0.015103461     -0.013200451   -0.00033702259     0.0045178817     0.0018122945      0.014276363
         73.59375            -22.4              300      0.015023273      -0.01309317   -0.00034194585      0.004388399     0.0015291425      0.013993533
          74.0625            -22.4              300       0.01494356     -0.012986936   -0.00034617714     0.0042622853     0.0012548694      0.013718419
         74.53125            -22.4              300      0.014864313     -0.012881752   -0.00034971558     0.0041395398    0.00098947564      0.013451021
               75            -22.4              300      0.014785538     -0.012777615   -0.00035256075     0.0040201643    0.00073296129       0.01319134
         75.46875            -22.4              300      0.014707233     -0.012674529   -0.00035471321     0.0039041578    0.00048532616      0.012939377
          75.9375            -22.4              300      0.014629473     -0.012572372   -0.00035629375     0.0037912882    0.00024599765       0.01269437
         76.40625            -22.4              300      0.014551904     -0.012470869   -0.00035869624     0.0036800371     1.188778e-05      0.012453301
           76.875            -22.4              300      0.014474099      -0.01237024   -0.00036229868     0.0035703131   -0.00021687063      0.012216931
         77.34375            -22.4              300      0.014396052     -0.012270488   -0.00036709965     0.0034621176   -0.00044027745      0.011985262
          77.8125            -22.4              300      0.014317771     -0.012171609   -0.00037310112     0.0033554491   -0.00065833295      0.011758293
         78.28125            -22.4              300      0.014239252     -0.012073606   -0.00038030127     0.0032503095   -0.00087103667      0.011536024
            78.75            -22.4              300      0.014160716     -0.011975937   -0.00038843032     0.0031467467    -0.0010782969      0.011318236
         79.21875            -22.4              300      0.014082346     -0.011878509   -0.00039279132     0.0030481913    -0.0012798731      0.011104748
          79.6875            -22.4              300      0.014005655     -0.011781264   -0.00039337811     0.0029542688    -0.0014761116      0.010895525
         80.15625            -22.4              300      0.013929897     -0.011684744   -0.00040036489     0.0028582248     -0.001666034      0.010691464
           80.625            -22.4              300      0.013853143     -0.011589396   -0.00040588382     0.0027655442    -0.0018515766      0.010490803
         81.09375            -22.4              300      0.013775899     -0.011495002   -0.00040786937     0.0026769724    -0.0020342267      0.010292457
          81.5625            -22.4              300      0.013698486     -0.011401274   -0.00040981517     0.0025903443    -0.0022133321      0.010096858
         82.03125            -22.4              300      0.013620903     -0.011308215   -0.00041172066     0.0025056612    -0.0023888929     0.0099040102
             82.5            -22.4              300       0.01354315     -0.011215819   -0.00041358639     0.0024229216    -0.0025609089     0.0097139068
         82.96875            -22.4              300       0.01346523      -0.01112409   -0.00041541201     0.0023421268    -0.0027293805     0.0095265526
          83.4375            -22.4              300      0.013387542     -0.011032993   -0.00041648551      0.002263777    -0.0028940467     0.0093421256
         83.90625            -22.4              300      0.013309918      -0.01094253   -0.00041706994       0.00218773    -0.0030548812     0.0091606826
           84.375            -22.4              300      0.013232303     -0.010852703   -0.00041725955     0.0021139227    -0.0032119092     0.0089822067
         84.84375            -22.4              300       0.01315336     -0.010763376   -0.00041916687     0.0020403445    -0.0033678568     0.0088051287
          85.3125            -22.4              300      0.013075056     -0.010674441   -0.00041779177     0.0019710502    -0.0035212301     0.0086289663
         85.78125            -22.4              300      0.012996656     -0.010586228   -0.00041613006     0.0019034991    -0.0036728377     0.0084539363
            86.25            -22.4              300      0.012917902     -0.010498799   -0.00041480412     0.0018371523    -0.0038229306     0.0082800146
         86.71875            -22.4              300      0.012838803     -0.010412156   -0.00041381369     0.0017720098    -0.0039715087      0.008107204
          87.1875            -22.4              300      0.012759321     -0.010326309   -0.00041316682     0.0017079941    -0.0041184449     0.0079356851
         87.65625            -22.4              300      0.012679317      -0.01024113   -0.00041223268     0.0016454039    -0.0042635878     0.0077657858
           88.125            -22.4              300      0.012598855     -0.010156464   -0.00041055458     0.0015848635    -0.0044075567     0.0075967107
         88.59375            -22.4              300      0.012517935     -0.010072316   -0.00040813183     0.0015263747    -0.0045503518     0.0074284603
          89.0625            -22.4              300      0.012436558    -0.0099886805   -0.00040496461     0.0014699365    -0.0046919724     0.0072610341
         89.53125            -22.4              300      0.012354723    -0.0099055609   -0.00040105346     0.0014155485    -0.0048324191     0.0070944312
               90            -22.4              300      0.012271661    -0.0098233018   -0.00039851211     0.0013614222    -0.0049726912     0.0069284304
         90.46875            -22.4              300      0.012186917    -0.0097424537   -0.00039733315     0.0013071602    -0.0051130694      0.006763035
          90.9375            -22.4              300      0.012101758    -0.0096624531   -0.00039455004     0.0012552345    -0.0052521331     0.0065984521
         91.40625            -22.4              300      0.012016572    -0.0095826834   -0.00039084282     0.0012051829    -0.0053909537     0.0064339177
           91.875            -22.4              300      0.011930763    -0.0095033944   -0.00038740222     0.0011559213    -0.0055304994     0.0062691849
         92.34375            -22.4              300       0.01184433    -0.0094245877   -0.00038422819     0.0011074495    -0.0056707705     0.0061042551
          92.8125            -22.4              300      0.011757271    -0.0093462616   -0.00038132031      0.001059768    -0.0058117672     0.0059391265
         93.28125            -22.4              300      0.011669589    -0.0092684152   -0.00037867934      0.001012876    -0.0059534879     0.0057738014
            93.75            -22.4              300      0.011581281    -0.0091910511   -0.00037630464    0.00096677424    -0.0060959351     0.0056082769
         94.21875            -22.4              300      0.011492351    -0.0091141667   -0.00037419659    0.00092146231    -0.0062391064      0.005442556
          94.6875            -22.4              300      0.011402536    -0.0090379277   -0.00037149093    0.00087764312    -0.0063826717     0.0052767647
         95.15625            -22.4              300      0.011312732     -0.008961089   -0.00036924268     0.0008344783    -0.0065273326     0.0051107821
           95.625            -22.4              300       0.01122245    -0.0088842157   -0.00036885487     0.0007903215    -0.0066749593     0.0049441028
         96.09375            -22.4              300      0.011130864    -0.0088085076    -0.0003688524    0.00074648095    -0.0068238331     0.0047774864
          96.5625            -22.4              300      0.011038306    -0.0087345466   -0.00036807274    0.00070403045    -0.0069736838     0.0046101371
         97.03125            -22.4              300      0.010945421    -0.0086606564   -0.00036671534    0.00066282018    -0.0071255304     0.0044415193
             97.5            -22.4              300      0.010852578    -0.0085856561   -0.00036529571    0.00062252051    -0.0072790864     0.0042720265
         97.96875            -22.4              300      0.010759097    -0.0085107433   -0.00036456608    0.00058232056    -0.0074350154      0.004101187
          98.4375            -22.4              300      0.010664977     -0.008435918    -0.0003645276    0.00054221996    -0.0075933179     0.0039290013
         98.90625            -22.4              300      0.010570219    -0.0083611803   -0.00036517918    0.00050221919    -0.0077539934     0.0037554679
           99.375            -22.4              300      0.010474825    -0.0082865302   -0.00036652203    0.00046231778    -0.0079170438     0.0035805877
         99.84375            -22.4              300      0.010378794    -0.0082119666   -0.00036855548    0.00042251576    -0.0080824662     0.0034043617
         100.3125            -22.4              300      0.010282123    -0.0081374906   -0.00037127952    0.00038281339    -0.0082502607     0.0032267878
        100.78125            -22.4              300      0.010184779     -0.008063036   -0.00037467948    0.00034317124    -0.0084205754     0.0030477862
           101.25            -22.4              300      0.010086522    -0.0079881465   -0.00037813876     0.0003034964    -0.0085950885      0.002866494
        101.71875            -22.4              300     0.0099878693    -0.0079138316   -0.00038100983    0.00026507225     -0.008773027     0.0026825021
         102.1875            -22.4              300     0.0098890867    -0.0078386618   -0.00038389844    0.00022708907    -0.0089549795     0.0024956176
        102.65625            -22.4              300     0.0097901765    -0.0077626398   -0.00038680522    0.00018954664    -0.0091409441     0.0023058401
          103.125            -22.4              300     0.0096911285    -0.0076857652   -0.00038976697    0.00015242123    -0.0093308743     0.0021132273
        103.59375            -22.4              300     0.0095914919     -0.007608152   -0.00039437087    0.00011457569    -0.0095234299     0.0019193201
         104.0625            -22.4              300     0.0094913878    -0.0075297346   -0.00039912571    7.6849741e-05    -0.0097211991     0.0017210065
        104.53125            -22.4              300      0.009390817    -0.0074505107   -0.00040403169    3.9243358e-05    -0.0099241836     0.0015182857
              105            -22.4              300     0.0092896484    -0.0073707514   -0.00040911842    1.7296697e-06     -0.010133218     0.0013105915
