           x [mm]           y [mm]           z [mm]       ExRe [V/m]       ExIm [V/m]       EyRe [V/m]       EyIm [V/m]       EzRe [V/m]       EzIm [V/m]
---------------------------------------------------------------------------------------------------------------------------------------------------------
             -105            -22.4              300      0.011567563    -0.0095667914    0.00071870029    -0.0037883888     0.0095898602    -0.0075568501
       -104.53125            -22.4              300      0.011695903    -0.0097027319    0.00070125621    -0.0039156931     0.0090404879    -0.0080060102
        -104.0625            -22.4              300      0.011822958    -0.0098401848    0.00068384095     -0.004046204     0.0084895147    -0.0084570255
       -103.59375            -22.4              300         0.011948     -0.009979452    0.00066747342    -0.0041788071     0.0079375468    -0.0089092376
         -103.125            -22.4              300       0.01207103     -0.010120532    0.00065215421    -0.0043135011     0.0073845829    -0.0093626445
       -102.65625            -22.4              300      0.012192047     -0.010263425    0.00063788326    -0.0044502867     0.0068306229    -0.0098172473
        -102.1875            -22.4              300       0.01231157     -0.010407398    0.00062597304    -0.0045881323     0.0062760697      -0.01027263
       -101.71875            -22.4              300      0.012428318     -0.010553316    0.00061661651     -0.004726036     0.0057172514     -0.010732259
          -101.25            -22.4              300      0.012546249     -0.010698548    0.00060546497    -0.0048690466     0.0051543289     -0.011195178
       -100.78125            -22.4              300      0.012664907     -0.010843455    0.00059299788    -0.0050165993     0.0045878473     -0.011661248
        -100.3125            -22.4              300      0.012784204     -0.010988122    0.00057928159    -0.0051686028     0.0040179105     -0.012130432
        -99.84375            -22.4              300      0.012904357     -0.011132432    0.00056425447    -0.0053250887     0.0034445445     -0.012602818
          -99.375            -22.4              300      0.013025471     -0.011277023    0.00054946402    -0.0054846234     0.0028663918     -0.013080506
        -98.90625            -22.4              300      0.013143764     -0.011424574    0.00053734588     -0.005645473     0.0022818318     -0.013563729
         -98.4375            -22.4              300      0.013259235     -0.011575082    0.00052790128    -0.0058076377     0.0016908649     -0.014052487
        -97.96875            -22.4              300      0.013371885     -0.011728546    0.00052113045    -0.0059711151     0.0010934906      -0.01454678
            -97.5            -22.4              300      0.013481712     -0.011884972    0.00051703176     -0.006135908     0.0004897092     -0.015046608
        -97.03125            -22.4              300      0.013589234     -0.012043951     0.0005165516    -0.0063017034   -0.00012136954     -0.015552562
         -96.5625            -22.4              300      0.013697029     -0.012204168    0.00051557703    -0.0064725373   -0.00074319256     -0.016066881
        -96.09375            -22.4              300      0.013805441      -0.01236553     0.0005125457    -0.0066495892    -0.0013761035     -0.016589785
          -95.625            -22.4              300      0.013914466     -0.012528039    0.00050745509    -0.0068328618    -0.0020201015     -0.017121265
        -95.15625            -22.4              300      0.014025185     -0.012691743    0.00049879815    -0.0070231091    -0.0026751007     -0.017661804
         -94.6875            -22.4              300       0.01413497     -0.012857474      0.000489067    -0.0072189695    -0.0033419449     -0.018211504
        -94.21875            -22.4              300      0.014239617     -0.013027957    0.00048222198    -0.0074181561    -0.0040215817     -0.018769976
           -93.75            -22.4              300       0.01434141     -0.013202791    0.00047618913     -0.007621197    -0.0047127479     -0.019337449
        -93.28125            -22.4              300        0.0144413     -0.013380741    0.00047080728    -0.0078281946    -0.0054158764     -0.019914014
         -92.8125            -22.4              300      0.014539289     -0.013561804    0.00046607762    -0.0080391504    -0.0061309668     -0.020499671
        -92.34375            -22.4              300      0.014635378     -0.013745979    0.00046200093    -0.0082540596    -0.0068580192     -0.021094419
          -91.875            -22.4              300      0.014733809     -0.013929407    0.00045596069    -0.0084754964    -0.0075979759     -0.021699138
        -91.40625            -22.4              300      0.014833078      -0.01411388    0.00044894684    -0.0087038903    -0.0083565302     -0.022316992
         -90.9375            -22.4              300      0.014928522     -0.014303785    0.00044386066    -0.0089368504      -0.00913464     -0.022948159
        -90.46875            -22.4              300      0.015020132     -0.014499119    0.00044070155    -0.0091743767    -0.0099323038     -0.023592636
              -90            -22.4              300      0.015108016     -0.014699876    0.00043932657      -0.00941638     -0.010749863     -0.024250722
        -89.53125            -22.4              300      0.015195702     -0.014903885    0.00043573635    -0.0096644517      -0.01158988     -0.024924828
         -89.0625            -22.4              300      0.015284639     -0.015109513    0.00042883621    -0.0099212229     -0.012449354     -0.025612494
        -88.59375            -22.4              300      0.015374819     -0.015316764    0.00041862347     -0.010186698     -0.013328286     -0.026313726
          -88.125            -22.4              300      0.015466253     -0.015525631    0.00040510431     -0.010460871     -0.014226673      -0.02702852
        -87.65625            -22.4              300       0.01554925     -0.015742481    0.00039715396     -0.010742158     -0.015145167     -0.027754078
         -87.1875            -22.4              300      0.015637133        -0.015958    0.00038337393     -0.011031928     -0.016084431      -0.02849602
        -86.71875            -22.4              300      0.015721828     -0.016179059    0.00037075987     -0.011328487     -0.017051339     -0.029257108
           -86.25            -22.4              300      0.015803004     -0.016405905    0.00035961019       -0.0116318     -0.018046061     -0.030037325
        -85.78125            -22.4              300      0.015880646     -0.016638545    0.00034991489     -0.011941872     -0.019068584      -0.03083667
         -85.3125            -22.4              300      0.015954759     -0.016876971    0.00034168037     -0.012258697     -0.020118913      -0.03165514
        -84.84375            -22.4              300      0.016025351     -0.017121194    0.00033490677     -0.012582279     -0.021197053     -0.032492749
          -84.375            -22.4              300      0.016102603     -0.017363396    0.00032282466      -0.01291677     -0.022313094     -0.033356719
        -83.90625            -22.4              300      0.016183343     -0.017606484    0.00030621188     -0.013262989     -0.023459058     -0.034241516
         -83.4375            -22.4              300      0.016266981     -0.017850926    0.00028540916     -0.013620778     -0.024634173     -0.035146579
        -82.96875            -22.4              300      0.016353481     -0.018096751    0.00026045146     -0.013990111     -0.025838429     -0.036071911
            -82.5            -22.4              300      0.016420314     -0.018360961    0.00025015906     -0.014359131     -0.027074235     -0.037017886
        -82.03125            -22.4              300      0.016486458     -0.018631078    0.00022976368     -0.014745699       -0.0283456     -0.037987832
         -81.5625            -22.4              300      0.016555097     -0.018904738    0.00020248542     -0.015147336     -0.029657381     -0.038986713
        -81.09375            -22.4              300      0.016628623     -0.019179063    0.00017167012     -0.015561749     -0.031010542     -0.040015705
          -80.625            -22.4              300      0.016712723     -0.019446976    0.00014065939     -0.015985589     -0.032402162     -0.041073512
        -80.15625            -22.4              300      0.016792469     -0.019721985     0.0001127182     -0.016417271     -0.033835061     -0.042161081
         -79.6875            -22.4              300      0.016867857     -0.020004097    8.7847002e-05     -0.016856797     -0.035309236     -0.043278418
        -79.21875            -22.4              300      0.016938891     -0.020293318    6.6043576e-05     -0.017304171     -0.036824677     -0.044425525
           -78.75            -22.4              300      0.017005574     -0.020589639    4.7311652e-05     -0.017759385     -0.038381394     -0.045602396
        -78.28125            -22.4              300        0.0170679     -0.020893067    3.1647825e-05     -0.018222446     -0.039979387     -0.046809044
         -77.8125            -22.4              300      0.017128523     -0.021199603     2.108865e-05     -0.018692583     -0.041630082     -0.048053019
        -77.34375            -22.4              300       0.01719394     -0.021507088    8.4556523e-06     -0.019177994     -0.043336499     -0.049337409
          -76.875            -22.4              300      0.017264441     -0.021816295   -7.9754973e-06     -0.019680206     -0.045095902     -0.050660565
        -76.40625            -22.4              300      0.017340027     -0.022127233   -2.8207549e-05     -0.020199224     -0.046908289     -0.052022506
         -75.9375            -22.4              300      0.017420698     -0.022439895   -5.2239076e-05     -0.020735044     -0.048773654     -0.053423207
        -75.46875            -22.4              300      0.017510209     -0.022753112   -8.0546204e-05     -0.021287413     -0.050697111     -0.054867513
              -75            -22.4              300      0.017592765     -0.023076078   -0.00010204521     -0.021848248     -0.052680802     -0.056355949
        -74.53125            -22.4              300      0.017666783     -0.023410689   -0.00011864629     -0.022418711     -0.054725185     -0.057889152
         -74.0625            -22.4              300      0.017732274     -0.023756942   -0.00013034843     -0.022998806     -0.056830246     -0.059467122
        -73.59375            -22.4              300      0.017789224     -0.024114836   -0.00013715014     -0.023588527     -0.058995999     -0.061089836
          -73.125            -22.4              300      0.017837869     -0.024485664   -0.00014418043      -0.02419243     -0.061223902       -0.0627575
        -72.65625            -22.4              300      0.017885774     -0.024869813   -0.00017741814     -0.024833359     -0.063520439     -0.064470463
         -72.1875            -22.4              300      0.017931378     -0.025255213   -0.00018308568     -0.025465127     -0.065873966     -0.066232286
        -71.71875            -22.4              300      0.017981267     -0.025644286   -0.00019031926       -0.0261169     -0.068310857     -0.068053827
           -71.25            -22.4              300      0.018035443     -0.026037037   -0.00019912026     -0.026788682     -0.070831098     -0.069935091
        -70.78125            -22.4              300       0.01809391     -0.026433466   -0.00020948378     -0.027480461     -0.073434711     -0.071876079
         -70.3125            -22.4              300      0.018156659      -0.02683357   -0.00022141729     -0.028192243     -0.076121673     -0.073876768
        -69.84375            -22.4              300      0.018223705     -0.027237352   -0.00023491262     -0.028924031        -0.078892     -0.075937189
          -69.375            -22.4              300      0.018297097     -0.027644206    -0.0002533847     -0.029677046     -0.081744149     -0.078057356
        -68.90625            -22.4              300      0.018368781     -0.028059604   -0.00026717709     -0.030444674      -0.08468315     -0.080240712
         -68.4375            -22.4              300      0.018405477     -0.028509261   -0.00027327146     -0.031225003     -0.087723456     -0.082495838
        -67.96875            -22.4              300      0.018427677     -0.028976563   -0.00027250079     -0.032017872     -0.090849742     -0.084813185
            -67.5            -22.4              300      0.018449089     -0.029444346   -0.00025706389     -0.032828741     -0.094078943     -0.087195635
        -67.03125            -22.4              300       0.01850719     -0.029896554   -0.00025309273     -0.033666562     -0.097392358      -0.08964134
         -66.5625            -22.4              300      0.018562015     -0.030364741   -0.00025696948     -0.034526736      -0.10080421     -0.092160977
        -66.09375            -22.4              300      0.018601928     -0.030852444   -0.00025643068      -0.03540894      -0.10433511     -0.094761409
          -65.625            -22.4              300      0.018621815     -0.031370018   -0.00027381646     -0.036327943      -0.10796654     -0.097428344
        -65.15625            -22.4              300      0.018616986     -0.031904526   -0.00026060638     -0.037250265      -0.11174223      -0.10019466
         -64.6875            -22.4              300      0.018616676     -0.032445237   -0.00024992731     -0.038202289      -0.11563291      -0.10303978
        -64.21875            -22.4              300      0.018620985     -0.032993566   -0.00024435448     -0.039186578      -0.11962973       -0.1059585
           -63.75            -22.4              300      0.018629456     -0.033547387   -0.00024120335     -0.040198795      -0.12373763      -0.10895434
        -63.28125            -22.4              300      0.018642083     -0.034106702   -0.00024047701     -0.041238938      -0.12795666      -0.11202726
         -62.8125            -22.4              300      0.018658873     -0.034671519   -0.00024217024     -0.042307008      -0.13228679      -0.11517727
        -62.34375            -22.4              300      0.018682394     -0.035240997   -0.00024599256     -0.043403499       -0.1367325      -0.11840678
          -61.875            -22.4              300      0.018704249     -0.035824504   -0.00024758535      -0.04453101      -0.14133061      -0.12173721
        -61.40625            -22.4              300      0.018708365     -0.036431275   -0.00024555367     -0.045688957        -0.146084      -0.12517127
         -60.9375            -22.4              300      0.018694744     -0.037061308   -0.00023990218     -0.046877336      -0.15099266      -0.12870893
        -60.46875            -22.4              300      0.018663386     -0.037714608   -0.00023062923     -0.048096158      -0.15605658      -0.13235021
              -60            -22.4              300       0.01861429     -0.038391169   -0.00021772995     -0.049345404       -0.1612758      -0.13609511
        -59.53125            -22.4              300       0.01854746     -0.039090991   -0.00020120828      -0.05062509      -0.16665031      -0.13994358
         -59.0625            -22.4              300      0.018462891     -0.039814074   -0.00018106762     -0.051935203      -0.17218007      -0.14389569
        -58.59375            -22.4              300      0.018407186     -0.040515091    -0.0001779242     -0.053302456      -0.17785466      -0.14793487
          -58.125            -22.4              300      0.018342672     -0.041246444   -0.00017532811     -0.054700121      -0.18375859      -0.15213196
        -57.65625            -22.4              300      0.018297961     -0.041979469   -0.00018071069     -0.056144349      -0.18985592      -0.15646087
         -57.1875            -22.4              300      0.018279729     -0.042706463   -0.00019654876     -0.057638898      -0.19613573      -0.16091298
        -56.71875            -22.4              300      0.018269589     -0.043434527   -0.00020529702     -0.059176646      -0.20259592      -0.16548607
           -56.25            -22.4              300      0.018258452     -0.044174775   -0.00021251012     -0.060752947      -0.20923054      -0.17017683
        -55.78125            -22.4              300      0.018213201     -0.044948488   -0.00021825789     -0.062375091      -0.21605921      -0.17499813
         -55.3125            -22.4              300      0.018138524     -0.045752712    -0.0002214812     -0.064040117      -0.22308409      -0.17995216
        -54.84375            -22.4              300      0.018036366     -0.046586126   -0.00022137305     -0.065746799      -0.23030628      -0.18503976
          -54.375            -22.4              300      0.017906729     -0.047448725   -0.00021792715     -0.067495115      -0.23772573      -0.19026087
        -53.90625            -22.4              300      0.017742978     -0.048355412   -0.00022974354     -0.069303118      -0.24538338      -0.19562764
         -53.4375            -22.4              300      0.017593615     -0.049267139   -0.00024557079     -0.071174145      -0.25330251      -0.20118147
        -52.96875            -22.4              300      0.017476674     -0.050167229    -0.0002682982     -0.073106624      -0.26146147      -0.20690341
            -52.5            -22.4              300      0.017393447     -0.051054668   -0.00029827619     -0.075100407      -0.26985824      -0.21279152
        -52.03125            -22.4              300      0.017343935     -0.051929466   -0.00033550043     -0.077155486      -0.27849293      -0.21884574
         -51.5625            -22.4              300      0.017330218     -0.052778143   -0.00035659061     -0.079255238      -0.28738344      -0.22508299
        -51.09375            -22.4              300      0.017280523     -0.053661413   -0.00036935307     -0.081405982      -0.29653651      -0.23150024
          -50.625            -22.4              300      0.017188499     -0.054585997   -0.00037717423     -0.083610177      -0.30595043      -0.23809522
        -50.15625            -22.4              300      0.017054141     -0.055551916   -0.00038004498     -0.085867837      -0.31562528      -0.24486805
         -49.6875            -22.4              300      0.016877456     -0.056559157   -0.00037797808     -0.088178962      -0.32556105      -0.25181863
        -49.21875            -22.4              300       0.01665354     -0.057612859   -0.00037149512     -0.090544626         -0.33576      -0.25894409
           -48.75            -22.4              300      0.016402319     -0.058714356   -0.00036577997      -0.09298636      -0.34628883      -0.26627287
        -48.28125            -22.4              300      0.016203133     -0.059798177   -0.00035808515     -0.095507026      -0.35717109      -0.27386495
         -47.8125            -22.4              300      0.016035667     -0.060839497   -0.00033036619     -0.098107047      -0.36838499      -0.28171244
        -47.34375            -22.4              300      0.015906112     -0.061847989   -0.00030663703       -0.1007915      -0.37988842      -0.28975669
          -46.875            -22.4              300      0.015816491     -0.062826276   -0.00028986903      -0.10356066      -0.39168048      -0.29799461
        -46.40625            -22.4              300      0.015726842     -0.063817926   -0.00027160347      -0.10639034      -0.40374979      -0.30643228
         -45.9375            -22.4              300      0.015588172     -0.064858846   -0.00023304112      -0.10928175      -0.41620266      -0.31513411
        -45.46875            -22.4              300      0.015399029     -0.065954894   -0.00017888883      -0.11224028      -0.42906076       -0.3241154
              -45            -22.4              300      0.015146546     -0.067120068   -0.00012146163      -0.11527726      -0.44233027      -0.33338329
        -44.53125            -22.4              300      0.014828213     -0.068339556    -4.953309e-05      -0.11838274      -0.45594913      -0.34289309
         -44.0625            -22.4              300      0.014466891      -0.06959255     3.916875e-05       -0.1215583      -0.46991622      -0.35263973
        -43.59375            -22.4              300      0.014136265     -0.070820853    0.00012420979      -0.12484417       -0.4842785      -0.36265388
          -43.125            -22.4              300      0.013838939     -0.072022617    0.00020424963       -0.1282426      -0.49903867      -0.37293771
        -42.65625            -22.4              300      0.013574912     -0.073197834    0.00027928757      -0.13175352      -0.51419675       -0.3834911
         -42.1875            -22.4              300      0.013344188     -0.074346498    0.00034932332      -0.13537697      -0.52975267      -0.39431417
        -41.71875            -22.4              300       0.01313711      -0.07547725    0.00041755653      -0.13911261      -0.54571557      -0.40541327
           -41.25            -22.4              300      0.012882579     -0.076661415    0.00049825408      -0.14295554      -0.56215942      -0.41684875
        -40.78125            -22.4              300      0.012572277     -0.077911533    0.00058647199      -0.14687692      -0.57918292      -0.42865491
         -40.3125            -22.4              300      0.012139181      -0.07924474    0.00068503036      -0.15088739      -0.59664088      -0.44073975
        -39.84375            -22.4              300      0.011583288     -0.080661044    0.00079393899      -0.15498699      -0.61453331      -0.45310321
          -39.375            -22.4              300       0.01117886     -0.081871338    0.00088760082      -0.15927388      -0.63269526      -0.46557173
        -38.90625            -22.4              300      0.010699835     -0.083226718    0.00099395495      -0.16363713      -0.65149188      -0.47853783
         -38.4375            -22.4              300      0.010169815     -0.084620625     0.0010943204      -0.16813436      -0.67084396      -0.49186042
        -37.96875            -22.4              300     0.0095981462     -0.086032592      0.001186481      -0.17277595      -0.69073772      -0.50551689
            -37.5            -22.4              300      0.008984834     -0.087462634     0.0012704381      -0.17756195      -0.71117353      -0.51950729
        -37.03125            -22.4              300     0.0083298879     -0.088910721     0.0013461839      -0.18249238      -0.73215091      -0.53383148
         -36.5625            -22.4              300     0.0076333005     -0.090376861     0.0014137197       -0.1875672      -0.75367022      -0.54848945
        -36.09375            -22.4              300     0.0068950541     -0.091861084     0.0014730627      -0.19278641      -0.77573121      -0.56348139
          -35.625            -22.4              300      0.006278215     -0.093266614     0.0014976077      -0.19818935      -0.79838264      -0.57888651
        -35.15625            -22.4              300     0.0057202326     -0.094610855     0.0015164549      -0.20374812      -0.82156885      -0.59465051
         -34.6875            -22.4              300     0.0051938486     -0.095908165     0.0015358054      -0.20945498      -0.84527838      -0.61075795
        -34.21875            -22.4              300     0.0042919861     -0.097464293     0.0015185891      -0.21533751      -0.86961383      -0.62701195
           -33.75            -22.4              300     0.0033944519     -0.099003017     0.0014675427      -0.22147372      -0.89476943      -0.64371389
        -33.28125            -22.4              300     0.0026133421      -0.10038642     0.0014377447      -0.22778893      -0.92054957      -0.66093224
         -32.8125            -22.4              300     0.0017634754       -0.1018106      0.001387891      -0.23425928      -0.94689035      -0.67850614
        -32.34375            -22.4              300    0.00086177391      -0.10323693      0.001322976      -0.24092181      -0.97383457      -0.69642341
          -31.875            -22.4              300   -9.1749709e-05      -0.10466541     0.0012429943      -0.24777657       -1.0013824      -0.71468425
        -31.40625            -22.4              300    -0.0010971049      -0.10609604     0.0011479508      -0.25482351       -1.0295335      -0.73328835
         -30.9375            -22.4              300    -0.0021542844      -0.10752884     0.0010378434       -0.2620627       -1.0582883      -0.75223601
        -30.46875            -22.4              300    -0.0033388529      -0.10900773    0.00084412884      -0.26951778       -1.0875579      -0.77144235
              -30            -22.4              300    -0.0045452695      -0.11050232    0.00047019043       -0.2773596       -1.1176919       -0.7911405
        -29.53125            -22.4              300    -0.0057460242      -0.11193782    4.7713052e-05       -0.2855055       -1.1486485      -0.81129116
         -29.0625            -22.4              300    -0.0069186185      -0.11332668    -0.0003798767      -0.29394165       -1.1805801      -0.83202368
        -28.59375            -22.4              300    -0.0080465907      -0.11460567   -0.00083880359      -0.30262482       -1.2131501      -0.85314792
          -28.125            -22.4              300    -0.0091307005      -0.11576986    -0.0013341154       -0.3115533        -1.246326      -0.87464195
        -27.65625            -22.4              300     -0.010170951      -0.11681925    -0.0018658149       -0.3207272       -1.2801075      -0.89650583
         -27.1875            -22.4              300     -0.011167325      -0.11775384    -0.0024339035      -0.33014646       -1.3144946      -0.91873932
        -26.71875            -22.4              300     -0.012119835      -0.11857364    -0.0030383819      -0.33981109       -1.3494873      -0.94134259
           -26.25            -22.4              300     -0.013131911      -0.11946309    -0.0036479495      -0.34980649       -1.3857486      -0.96471119
        -25.78125            -22.4              300     -0.014377577      -0.12039462    -0.0043212329      -0.36010474       -1.4226669      -0.98847342
         -25.3125            -22.4              300     -0.015857499      -0.12136607    -0.0050590951      -0.37070477       -1.4602293       -1.0126218
        -24.84375            -22.4              300     -0.017534748      -0.12227874    -0.0057683811      -0.38158143       -1.4981759       -1.0370151
          -24.375            -22.4              300     -0.019034827      -0.12294766    -0.0065436452      -0.39290068       -1.5369716         -1.06194
        -23.90625            -22.4              300     -0.020346291      -0.12337038    -0.0073918155      -0.40466908       -1.5766426       -1.0874119
         -23.4375            -22.4              300      -0.02146918      -0.12354694    -0.0083128754      -0.41688669        -1.617189       -1.1134307
        -22.96875            -22.4              300     -0.022415696      -0.12347536    -0.0093259504      -0.42957625       -1.6585995       -1.1400039
            -22.5            -22.4              300     -0.023244893      -0.12307229     -0.010455146      -0.44270384       -1.7005213       -1.1669935
        -22.03125            -22.4              300     -0.023801319      -0.12215964     -0.011572063      -0.45612359       -1.7428899       -1.1943139
         -21.5625            -22.4              300     -0.024436342      -0.12109718     -0.012689549      -0.46989396       -1.7859621        -1.222108
        -21.09375            -22.4              300     -0.025222838      -0.11996357     -0.013812664      -0.48401576        -1.829751       -1.2503816
          -20.625            -22.4              300      -0.02616092      -0.11875889     -0.014941364       -0.4984889       -1.8742571       -1.2791346
        -20.15625            -22.4              300     -0.027250445      -0.11748306     -0.016075697      -0.51331353       -1.9194798       -1.3083674
         -19.6875            -22.4              300     -0.028491542      -0.11613616     -0.017215626      -0.52848953       -1.9654191       -1.3380795
        -19.21875            -22.4              300      -0.02983523      -0.11465163     -0.018467752      -0.54403192        -2.012078       -1.3683405
           -18.75            -22.4              300     -0.031151952      -0.11269687     -0.019761486      -0.55996758        -2.058929       -1.3988457
        -18.28125            -22.4              300     -0.032185633       -0.1100172     -0.021037452      -0.57642883       -2.1060009       -1.4296714
         -17.8125            -22.4              300     -0.033052888       -0.1068026     -0.022284217      -0.59345573       -2.1536231       -1.4609915
        -17.34375            -22.4              300     -0.033753686      -0.10305306     -0.023501789      -0.61104834       -2.2017961       -1.4928062
          -16.875            -22.4              300      -0.03440604     -0.098945148     -0.024727834      -0.62906623       -2.2507787         -1.52526
        -16.40625            -22.4              300     -0.034817237     -0.094090432     -0.025922514       -0.6473757       -2.2997649       -1.5578464
         -15.9375            -22.4              300     -0.034909077     -0.088353224     -0.027064919      -0.66600198       -2.3485103       -1.5904188
        -15.46875            -22.4              300     -0.034668755     -0.081645496     -0.028173907      -0.68492723       -2.3968508       -1.6228801
              -15            -22.4              300      -0.03437373     -0.073937975     -0.029269429      -0.70425743       -2.4446816       -1.6551831
        -14.53125            -22.4              300     -0.034756511     -0.066426925     -0.030089768      -0.72396535       -2.4937847       -1.6883299
         -14.0625            -22.4              300     -0.035275124     -0.058367331     -0.030930644      -0.74402779        -2.542711       -1.7215096
        -13.59375            -22.4              300     -0.035929523     -0.049759142     -0.031792067      -0.76444459       -2.5914612        -1.754722
          -13.125            -22.4              300     -0.036719784     -0.040602408     -0.032674022       -0.7852158        -2.640034        -1.787967
        -12.65625            -22.4              300     -0.038271181     -0.031413551     -0.033599101      -0.80593574       -2.6882312       -1.8207475
         -12.1875            -22.4              300     -0.040085193     -0.021424763     -0.034696981       -0.8266328       -2.7356088       -1.8527187
        -11.71875            -22.4              300     -0.039784525    -0.0087946709     -0.035702061      -0.84894919       -2.7833154       -1.8860674
           -11.25            -22.4              300     -0.039232537     0.0050639156     -0.036556005      -0.87133956       -2.8300109       -1.9189478
        -10.78125            -22.4              300     -0.038607642      0.020032277     -0.037276156      -0.89365071        -2.875545        -1.951149
         -10.3125            -22.4              300     -0.037909873      0.036110375     -0.037862528      -0.91588283       -2.9199176       -1.9826713
         -9.84375            -22.4              300     -0.037139311       0.05329819      -0.03831508      -0.93803573       -2.9631283       -2.0135145
           -9.375            -22.4              300     -0.036295839      0.071595773     -0.038633853      -0.96010959       -3.0051777       -2.0436783
         -8.90625            -22.4              300     -0.035713241      0.090973645     -0.038734239      -0.98175126       -3.0452094        -2.072607
          -8.4375            -22.4              300     -0.035942554       0.11116125     -0.038633909       -1.0028119       -3.0829539       -2.1000369
         -7.96875            -22.4              300     -0.036819987       0.13209711     -0.038428288       -1.0236136       -3.1192226       -2.1264646
             -7.5            -22.4              300     -0.038958739       0.15352251     -0.038396172       -1.0441514       -3.1533821       -2.1512189
         -7.03125            -22.4              300     -0.039072655       0.17770688     -0.038421281       -1.0657046       -3.1875243       -2.1765516
          -6.5625            -22.4              300     -0.039109606       0.20355846     -0.038386315        -1.086131       -3.2180653       -2.1994493
         -6.09375            -22.4              300      -0.03906947       0.23107737     -0.038291298       -1.1054305       -3.2450058       -2.2199116
           -5.625            -22.4              300     -0.038952328        0.2602635     -0.038136195       -1.1236026       -3.2683456       -2.2379384
         -5.15625            -22.4              300     -0.038743354         0.291076     -0.037903819       -1.1406834       -3.2881393       -2.2535763
          -4.6875            -22.4              300     -0.038520698       0.32309294     -0.037474357        -1.156763       -3.3047075       -2.2670391
         -4.21875            -22.4              300      -0.03846702       0.35634911     -0.036904749       -1.1716106       -3.3178148       -2.2780914
            -3.75            -22.4              300     -0.038582455       0.39084452     -0.036195002        -1.185226       -3.3274615       -2.2867334
         -3.28125            -22.4              300      -0.03886687       0.42657924     -0.035345118       -1.1976098        -3.333648       -2.2929654
          -2.8125            -22.4              300     -0.039453369       0.46342951     -0.034447864       -1.2091869       -3.3370149       -2.2971778
         -2.34375            -22.4              300      -0.04027022       0.50144845     -0.033500623       -1.2200453       -3.3376586       -2.2994616
           -1.875            -22.4              300     -0.039948553       0.54260296     -0.033145908       -1.2296437       -3.3328495       -2.2982695
         -1.40625            -22.4              300     -0.038530529       0.58639234     -0.033310302       -1.2371038       -3.3219333       -2.2929969
          -0.9375            -22.4              300     -0.036920972       0.63028795      -0.03286076       -1.2418671       -3.3084431       -2.2862148
         -0.46875            -22.4              300     -0.037929729       0.67388076     -0.032147329       -1.2437999       -3.2894444       -2.2746539
                0            -22.4              300     -0.038997352        0.7179448      -0.03137942       -1.2433497        -3.265121       -2.2593129
          0.46875            -22.4              300     -0.040123727        0.7624799     -0.030557029       -1.2405163       -3.2354722       -2.2401919
           0.9375            -22.4              300     -0.041308738       0.80748647     -0.029680159       -1.2353002       -3.2004983       -2.2172914
          1.40625            -22.4              300     -0.042552609       0.85296381     -0.028748805       -1.2277007       -3.1601994       -2.1906102
            1.875            -22.4              300      -0.04369859        0.8990308     -0.027715996       -1.2177937       -3.1146574       -2.1602426
          2.34375            -22.4              300     -0.044709869       0.94579846     -0.026568417       -1.2056054       -3.0638592       -2.1261699
           2.8125            -22.4              300       -0.0457463       0.99317527     -0.025352981       -1.1910616       -3.0077088       -2.0882845
          3.28125            -22.4              300     -0.046807662        1.0411613     -0.024069693       -1.1741623       -2.9462073        -2.046587
             3.75            -22.4              300     -0.048480481        1.0885085     -0.022750966       -1.1552697       -2.8806875       -2.0021017
          4.21875            -22.4              300     -0.051578648        1.1319358     -0.021396937       -1.1330147       -2.8086653       -1.9525521
           4.6875            -22.4              300     -0.054188609        1.1752516     -0.020043034       -1.1075956       -2.7302525       -1.8982923
          5.15625            -22.4              300     -0.056575753         1.218015     -0.018738661       -1.0795046       -2.6470439       -1.8406217
            5.625            -22.4              300     -0.058740065        1.2602259     -0.017483823       -1.0487418       -2.5590391       -1.7795407
          6.09375            -22.4              300     -0.060681611        1.3018844      -0.01627852       -1.0153072       -2.4662378        -1.715049
           6.5625            -22.4              300     -0.062400296        1.3429904     -0.015122757      -0.97920096       -2.3686402       -1.6471471
          7.03125            -22.4              300     -0.063896358         1.383544     -0.014016521      -0.94042277       -2.2662466       -1.5758346
              7.5            -22.4              300     -0.065169439        1.4235452     -0.012959822      -0.89897275       -2.1590564       -1.5011115
          7.96875            -22.4              300     -0.066219896        1.4629939     -0.011952657      -0.85485089       -2.0470698       -1.4229779
           8.4375            -22.4              300     -0.067047387        1.5018902     -0.010995031      -0.80805743       -1.9302874       -1.3414336
          8.90625            -22.4              300     -0.067652136        1.5402342      -0.01008694      -0.75859213       -1.8087085       -1.2564793
            9.375            -22.4              300     -0.067819595        1.5786706    -0.0088211372      -0.70650417       -1.6826388       -1.1681207
          9.84375            -22.4              300     -0.071434394        1.6057963    -0.0074515813      -0.65698814       -1.5596149        -1.082824
          10.3125            -22.4              300     -0.072753757        1.6313429    -0.0062187435      -0.60429102       -1.4312583      -0.99379653
         10.78125            -22.4              300     -0.074408859        1.6525805    -0.0051192665      -0.54918033       -1.2985439      -0.90173274
            11.25            -22.4              300     -0.070146672        1.6823745    -0.0046023438      -0.48952755       -1.1557055      -0.80192947
         11.71875            -22.4              300     -0.066427268        1.7085264    -0.0040585781      -0.42999256         -1.01254       -0.7020154
          12.1875            -22.4              300      -0.06325002        1.7310369    -0.0034879763      -0.37057528      -0.86904752      -0.60199064
         12.65625            -22.4              300     -0.061972119        1.7483082     -0.002878123      -0.31088305      -0.72556114      -0.50205034
           13.125            -22.4              300     -0.063394688        1.7597578    -0.0022592759      -0.25002867      -0.58199888      -0.40198585
         13.59375            -22.4              300      -0.06449835        1.7691214    -0.0016779174      -0.18855742      -0.43748039       -0.3012003
          14.0625            -22.4              300     -0.065282971        1.7763988    -0.0011340454      -0.12646922      -0.29200548      -0.19969356
         14.53125            -22.4              300     -0.065748438        1.7815901   -0.00062766217      -0.06376411        -0.145574     -0.097465634
               15            -22.4              300     -0.065548643        1.7840872   -0.00026891154   -0.00068811886    0.00069679227     0.0047932789
         15.46875            -22.4              300     -0.064086989        1.7825985   -5.9630474e-06      0.063015267       0.14687021       0.10712917
          15.9375            -22.4              300     -0.064382352        1.7772596     0.0004437911       0.12756108       0.29673615       0.21198067
         16.40625            -22.4              300     -0.064703941        1.7691777    0.00094859186       0.19102362       0.44489223       0.31555277
           16.875            -22.4              300     -0.065052137        1.7583526     0.0015084366        0.2534028        0.5913384        0.4178454
         17.34375            -22.4              300     -0.065426625        1.7447842     0.0021233279       0.31469861       0.73607457       0.51885855
          17.8125            -22.4              300     -0.065827481        1.7284732      0.002793265       0.37491113       0.87910092       0.61859238
         18.28125            -22.4              300     -0.066254847        1.7094189     0.0035182475       0.43404028        1.0204173       0.71704656
            18.75            -22.4              300     -0.066708535        1.6876216     0.0042982767       0.49208617        1.1600239       0.81422156
         19.21875            -22.4              300      -0.06729874        1.6633096     0.0051775808       0.54902971        1.2975063       0.90980905
          19.6875            -22.4              300     -0.067737803        1.6375296     0.0062397565        0.6048122        1.4314322        1.0028003
         20.15625            -22.4              300     -0.066349976        1.6089342     0.0070925346       0.65862006        1.5622547        1.0937332
           20.625            -22.4              300     -0.067375124        1.5778178     0.0078638019       0.71219367        1.6916945        1.1841345
         21.09375            -22.4              300     -0.066954374        1.5456513     0.0087429974       0.76283568        1.8150675        1.2701116
          21.5625            -22.4              300     -0.066279888        1.5116301     0.0096012782       0.81098825        1.9342098        1.3531172
         22.03125            -22.4              300     -0.065351881        1.4757549      0.010438636       0.85665148        2.0491223        1.4331522
             22.5            -22.4              300     -0.064170122        1.4380251      0.011255082        0.8998251        2.1598043        1.5102154
         22.96875            -22.4              300     -0.062734812        1.3984411      0.012050603       0.94050938        2.2662561        1.5843077
          23.4375            -22.4              300     -0.061045729        1.3570027      0.012825212       0.97870427        2.3684776        1.6554288
         23.90625            -22.4              300     -0.059103206        1.3137101      0.013578894        1.0144097        2.4664688        1.7235787
           24.375            -22.4              300     -0.056858256        1.2687014      0.014335359         1.047634        2.5601285        1.7886558
         24.84375            -22.4              300     -0.053629618        1.2251018      0.015660819        1.0789357        2.6482654        1.8490756
          25.3125            -22.4              300     -0.051339019        1.1807081      0.017144971        1.1078773        2.7319677          1.90592
         25.78125            -22.4              300     -0.050349586        1.1347761      0.018470328         1.133716        2.8099613        1.9587779
            26.25            -22.4              300     -0.050661117        1.0873059      0.019636901        1.1564521        2.8822458        2.0076497
         26.71875            -22.4              300     -0.052094419        1.0384655       0.02063741        1.1761776        2.9487503        2.0525763
          27.1875            -22.4              300     -0.053368811       0.98939508       0.02152705        1.1938444        3.0103581        2.0944042
         27.65625            -22.4              300     -0.054554816       0.93986863      0.022489661        1.2093071        3.0680377        2.1334598
           28.125            -22.4              300     -0.054085076       0.89156663      0.023843456        1.2216177        3.1198182        2.1686263
         28.59375            -22.4              300     -0.052405715       0.84491974      0.025226012        1.2312155        3.1650662         2.199029
          29.0625            -22.4              300     -0.049516603       0.79992807      0.026637357        1.2381006        3.2037807        2.2246673
         29.53125            -22.4              300     -0.045722649       0.75636023      0.028041985        1.2421691        3.2359531        2.2455332
               30            -22.4              300     -0.043838393       0.71219534       0.02917245        1.2434003        3.2630687        2.2627313
         30.46875            -22.4              300     -0.042529106       0.66853809      0.030230809         1.242979        3.2863841        2.2772133
          30.9375            -22.4              300     -0.041794527       0.62538886      0.031217087        1.2409053        3.3059001        2.2889795
         31.40625            -22.4              300     -0.041634832       0.58274734      0.032131266        1.2371794        3.3216157        2.2980297
           31.875            -22.4              300     -0.042050008       0.54061365      0.032973345        1.2318009        3.3335311        2.3043642
         32.34375            -22.4              300     -0.043040004       0.49898773      0.033743333        1.2247701        3.3416474        2.3079824
          32.8125            -22.4              300     -0.044604991       0.45786962      0.034441214        1.2160867        3.3459635        2.3088849
         33.28125            -22.4              300     -0.043913558       0.42231435      0.034913111        1.2027184        3.3391032        2.3013334
            33.75            -22.4              300     -0.040761612       0.38987362      0.035296734        1.1882567        3.3287115        2.2916846
         34.21875            -22.4              300     -0.039877266       0.35582966      0.036168989        1.1744992        3.3179829        2.2823083
          34.6875            -22.4              300      -0.04035949       0.32236272       0.03701701         1.158595        3.3023286        2.2692177
         35.15625            -22.4              300     -0.040514823       0.29059589      0.037647586        1.1418658        3.2839091        2.2543068
           35.625            -22.4              300     -0.040701583       0.26021385      0.038153067        1.1242684        3.2626698         2.237505
         36.09375            -22.4              300     -0.040919829       0.23121661      0.038533445        1.1058023          3.23861         2.218812
          36.5625            -22.4              300      -0.04116971       0.20360404      0.038788699        1.0864674        3.2117298        2.1982281
         37.03125            -22.4              300     -0.041450977       0.17737633      0.038918868         1.066264          3.18203        2.1757534
             37.5            -22.4              300      -0.04176379       0.15253338      0.038923927        1.0451924        3.1495097        2.1513877
         37.96875            -22.4              300      -0.04116166       0.12989597      0.038718905        1.0243719        3.1156569        2.1265769
          38.4375            -22.4              300     -0.039245326       0.11015868      0.038483694        1.0039759        3.0800257        2.1009831
         38.90625            -22.4              300     -0.038214006      0.090892375      0.038455654       0.98247445        3.0410461         2.072793
           39.375            -22.4              300     -0.037400082      0.072520398      0.038484108       0.96086234        3.0004961        2.0436914
         39.84375            -22.4              300      -0.03731617      0.054128647      0.038291965       0.93881738        2.9592879        2.0141368
          40.3125            -22.4              300     -0.037925165      0.036208093      0.037909787       0.91686237        2.9174623        1.9841981
         40.78125            -22.4              300     -0.038848754      0.019426588      0.037434064       0.89518785        2.8746257        1.9537041
            41.25            -22.4              300     -0.039502613     0.0042517595      0.036846809       0.87350082         2.830261        1.9223249
         41.71875            -22.4              300     -0.040006306      -0.00962466      0.036148962       0.85169959         2.784307        1.8899603
          42.1875            -22.4              300     -0.040359799     -0.022202738      0.035340514       0.82978427        2.7367644        1.8566105
         42.65625            -22.4              300     -0.040112309     -0.033061944      0.034418069       0.80800915        2.6879749        1.8226956
           43.125            -22.4              300     -0.039262794      -0.04255059      0.033436663       0.78677541        2.6390848        1.7890929
         43.59375            -22.4              300     -0.038540024     -0.051494289       0.03242477       0.76583934        2.5900199        1.7554911
          44.0625            -22.4              300     -0.037943985     -0.059893046      0.031382386       0.74520081        2.5407798        1.7218899
         44.53125            -22.4              300     -0.037474591     -0.067746796      0.030309523       0.72486001        2.4913647        1.6882892
               45            -22.4              300     -0.037131958     -0.075055636      0.029206159        0.7048167        2.4417748        1.6546892
         45.46875            -22.4              300     -0.036513757     -0.081653252      0.027959595       0.68521541        2.3927372        1.6216942
          45.9375            -22.4              300      -0.03566923     -0.087577857      0.026619649       0.66603184        2.3443193        1.5892752
         46.40625            -22.4              300     -0.035669308     -0.093303189      0.025443662       0.64715278        2.2952852        1.5564356
           46.875            -22.4              300     -0.035359658     -0.098326333       0.02423049       0.62879729        2.2467113        1.5240664
         47.34375            -22.4              300     -0.034740262      -0.10264725      0.022980139       0.61096525         2.198597        1.4921672
          47.8125            -22.4              300     -0.033811189        -0.106266      0.021692596       0.59365666        2.1509428        1.4607383
         48.28125            -22.4              300      -0.03241032      -0.10904831      0.020396549        0.5769214         2.103725        1.4298407
            48.75            -22.4              300     -0.031438872      -0.11172653      0.019204924       0.56035674        2.0564871        1.3989087
         49.21875            -22.4              300     -0.030677084      -0.11417346      0.018071011       0.54420567        2.0097065        1.3683329
          49.6875            -22.4              300     -0.030119725      -0.11638293       0.01699245       0.52846283        1.9633501        1.3380895
         50.15625            -22.4              300     -0.029766738      -0.11835495      0.015969252       0.51312828        1.9174178        1.3081787
           50.625            -22.4              300     -0.029178545      -0.12013841      0.014885832       0.49835455        1.8728573        1.2792437
         51.09375            -22.4              300     -0.028191693      -0.12136634      0.013673314        0.4837895        1.8286426         1.250654
          51.5625            -22.4              300     -0.027111679      -0.12216315       0.01245941       0.46951804        1.7846321        1.2222569
         52.03125            -22.4              300     -0.026000047      -0.12271999      0.011284322       0.45566374         1.741261        1.1942977
             52.5            -22.4              300     -0.024856914      -0.12303699      0.010148027       0.44222677        1.6985295        1.1667764
         52.96875            -22.4              300     -0.023865245      -0.12323462     0.0091437232       0.42929721        1.6564775        1.1396558
          53.4375            -22.4              300     -0.022696249      -0.12310934     0.0082179466       0.41686136        1.6152095        1.1130862
         53.90625            -22.4              300     -0.021284726      -0.12261961     0.0073499442       0.40490329        1.5747302        1.0870895
           54.375            -22.4              300     -0.019630646      -0.12176538     0.0065397238       0.39342296        1.5350397        1.0616658
         54.84375            -22.4              300      -0.01802621      -0.12092564     0.0057679908       0.38222989        1.4960682        1.0366544
          55.3125            -22.4              300     -0.016853757       -0.1202727     0.0049647298       0.37120393        1.4578598        1.0121036
         55.78125            -22.4              300     -0.015867837      -0.11961171     0.0041856356        0.3604607        1.4204172       0.98803633
            56.25            -22.4              300      -0.01485246      -0.11885644     0.0034650052       0.35002941        1.3836939       0.96439838
         56.71875            -22.4              300     -0.013807604      -0.11800686     0.0028028442       0.33991009        1.3476894       0.94118947
          57.1875            -22.4              300     -0.012733277      -0.11706299     0.0021991525       0.33010274        1.3124042       0.91840994
         57.65625            -22.4              300     -0.011629485      -0.11602482     0.0016539278       0.32060733        1.2778378       0.89605939
           58.125            -22.4              300     -0.010496221      -0.11489236     0.0011671698        0.3114239        1.2439904       0.87413818
         58.59375            -22.4              300    -0.0093334895      -0.11366558    0.00073888386       0.30255237         1.210862       0.85264611
          59.0625            -22.4              300    -0.0081412727      -0.11234453    0.00036906218       0.29399285        1.1784528       0.83158326
         59.53125            -22.4              300    -0.0070809601      -0.11106504    2.8403767e-05       0.28573254        1.1469777       0.81106347
               60            -22.4              300    -0.0059064445      -0.10957193   -0.00033890316       0.27763903        1.1159091       0.79082555
         60.46875            -22.4              300    -0.0047490797      -0.10807762   -0.00058542076       0.26981986        1.0854293       0.77087629
          60.9375            -22.4              300    -0.0037672296       -0.1067135   -0.00078951661       0.26222774        1.0557708       0.75139129
         61.40625            -22.4              300    -0.0028161006      -0.10533728   -0.00096373726       0.25486332        1.0268123       0.73231602
           61.875            -22.4              300    -0.0018752646      -0.10393199     -0.001106808       0.24772647       0.99853033       0.71363664
         62.34375            -22.4              300   -0.00094468892      -0.10249758    -0.0012187166       0.24081717       0.97092468       0.69535339
          62.8125            -22.4              300   -2.1001266e-05      -0.10102918    -0.0013020106       0.23413649       0.94399869        0.6774686
         63.28125            -22.4              300    0.00090830633     -0.099514946     -0.001362543       0.22769071       0.91778296       0.66000015
            63.75            -22.4              300      0.001831359     -0.097976282    -0.0013889691       0.22147812       0.89227867       0.64294475
         64.21875            -22.4              300     0.0027481699      -0.09641321    -0.0013812912       0.21549858        0.8674857       0.62630236
          64.6875            -22.4              300     0.0032602961     -0.095110625    -0.0013947195       0.20959723       0.84305477       0.60983312
         65.15625            -22.4              300     0.0038783643     -0.093706697     -0.001407342       0.20385133       0.81920648       0.59374434
           65.625            -22.4              300     0.0045850039      -0.09221565    -0.0014333716       0.19824016       0.79597437       0.57806194
         66.09375            -22.4              300     0.0054147337     -0.090625659    -0.0014010759       0.19285405       0.77335387       0.56275302
          66.5625            -22.4              300     0.0062826546     -0.089006215     -0.001311082       0.18768853       0.75136501       0.54782891
         67.03125            -22.4              300     0.0069922917     -0.087486394    -0.0012268708       0.18261728       0.72985429       0.53320336
             67.5            -22.4              300     0.0075903973     -0.086045317    -0.0011446045       0.17768461       0.70890987        0.5189178
         67.96875            -22.4              300     0.0080769965     -0.084682979    -0.0010642612       0.17289063       0.68853176       0.50497222
          68.4375            -22.4              300     0.0084520839     -0.083399378   -0.00098584942        0.1682353       0.66871989       0.49136662
         68.90625            -22.4              300     0.0087156501     -0.082194515   -0.00090937247       0.16371861       0.64947426       0.47810104
           69.375            -22.4              300     0.0090111326     -0.080953151   -0.00082428055       0.15933624       0.63072157       0.46513742
         69.84375            -22.4              300     0.0093715964     -0.079659544   -0.00073180743       0.15507185         0.612391       0.45246047
          70.3125            -22.4              300     0.0097404532     -0.078361452   -0.00063691416       0.15092388       0.59450012       0.44008374
         70.78125            -22.4              300       0.01011772     -0.077058874   -0.00053958822       0.14689229       0.57704878       0.42800739
            71.25            -22.4              300      0.010503391     -0.075751811   -0.00043983397       0.14297712       0.56003714        0.4162313
         71.71875            -22.4              300      0.010897461     -0.074440248   -0.00033765385       0.13917837       0.54346508       0.40475553
          72.1875            -22.4              300      0.011296478     -0.073125415   -0.00023887776       0.13549441        0.5273335        0.3935807
         72.65625            -22.4              300       0.01161217     -0.071847312   -0.00019916287       0.13188888       0.51160598       0.38266715
           73.125            -22.4              300      0.011840448     -0.070626229    -0.0001639952       0.12836353       0.49629205       0.37201616
         73.59375            -22.4              300      0.012063855      -0.06942331   -0.00012050741       0.12493899         0.481406       0.36165845
          74.0625            -22.4              300      0.012282427     -0.068238385   -6.8957626e-05       0.12161523        0.4669477       0.35159367
         74.53125            -22.4              300      0.012496166     -0.067071438   -9.3412818e-06       0.11839224       0.45291704       0.34182188
               75            -22.4              300      0.012705073     -0.065922461    5.8345729e-05       0.11527002       0.43931395        0.3323431
         75.46875            -22.4              300      0.012909148     -0.064791463    0.00013409939       0.11224858       0.42613858       0.32315725
          75.9375            -22.4              300      0.013108177     -0.063672587    0.00021048484       0.10931877       0.41335806       0.31424126
         76.40625            -22.4              300       0.01329316     -0.062557645    0.00026125391       0.10644656       0.40085182       0.30551639
           76.875            -22.4              300      0.013459859     -0.061460797    0.00029570918       0.10364248        0.3886584       0.29701313
         77.34375            -22.4              300      0.013608279      -0.06038205    0.00031385783       0.10090651       0.37677786       0.28873149
          77.8125            -22.4              300      0.013738412     -0.059321392    0.00031568884      0.098238677       0.36521018       0.28067142
         78.28125            -22.4              300      0.013850268      -0.05827884    0.00030121283      0.095639005       0.35395533       0.27283299
            78.75            -22.4              300      0.013954348     -0.057246298    0.00027521874      0.093102254       0.34299901       0.26520491
         79.21875            -22.4              300      0.014064002     -0.056212228    0.00028158538       0.09064132       0.33229932       0.25775319
          79.6875            -22.4              300      0.014174959     -0.055206914    0.00030418904      0.088249415       0.32192671       0.25053596
         80.15625            -22.4              300        0.0142327     -0.054253124    0.00026907024       0.08591561       0.31193706       0.24357685
           80.625            -22.4              300      0.014319106     -0.053276122    0.00024722342      0.083659694       0.30218273       0.23677446
         81.09375            -22.4              300      0.014432382     -0.052296631    0.00024664326      0.081466973       0.29265288        0.2301334
          81.5625            -22.4              300      0.014535124     -0.051333971    0.00024302932      0.079329655       0.28337523       0.22366671
         82.03125            -22.4              300      0.014627341     -0.050388157    0.00023638894      0.077247746        0.2743499        0.2173745
             82.5            -22.4              300      0.014709023     -0.049459174    0.00022671517      0.075221226       0.26557678       0.21125668
         82.96875            -22.4              300       0.01478018     -0.048547033    0.00021401147       0.07325013       0.25705591       0.20531331
          83.4375            -22.4              300      0.014848434      -0.04765087    0.00019983944       0.07133878       0.24881251       0.19956037
         83.90625            -22.4              300      0.014911757     -0.046770524    0.00018459931      0.069487549       0.24083653       0.19399206
           84.375            -22.4              300      0.014969196     -0.045906067    0.00016816158      0.067696005       0.23312451       0.18860623
         84.84375            -22.4              300      0.015026614     -0.045039449    0.00014252122      0.065932967       0.22557425       0.18333922
          85.3125            -22.4              300      0.015134653     -0.044155225    0.00013745716      0.064244397       0.21822312       0.17820126
         85.78125            -22.4              300      0.015222699     -0.043299004    0.00013195747      0.062600076        0.2110669       0.17319275
            86.25            -22.4              300      0.015281392     -0.042476077    0.00012208987      0.060993381       0.20410174       0.16831286
         86.71875            -22.4              300      0.015310728     -0.041686438    0.00010785344      0.059424303       0.19732776       0.16356161
          87.1875            -22.4              300      0.015310641     -0.040930428    8.8475645e-05      0.057891436       0.19075403       0.15894602
         87.65625            -22.4              300      0.015304042      -0.04018949    6.7868503e-05      0.056396339       0.18438832       0.15447269
           88.125            -22.4              300      0.015306244     -0.039449647    5.2888645e-05      0.054947957       0.17818475       0.15010707
         88.59375            -22.4              300      0.015317251       -0.0387109    4.3543987e-05      0.053546309       0.17214334        0.1458492
          89.0625            -22.4              300       0.01533706      -0.03797324     3.983092e-05      0.052191392       0.16626406       0.14169902
         89.53125            -22.4              300      0.015365674     -0.037236676    4.1746214e-05      0.050883204       0.16054693        0.1376566
               90            -22.4              300      0.015376555     -0.036518075    3.2195821e-05       0.04960173        0.1549807       0.13372271
         90.46875            -22.4              300      0.015367615     -0.035826936    1.2078905e-05      0.048340961       0.14957717       0.12990917
          90.9375            -22.4              300      0.015370045     -0.035146855    4.9732625e-06       0.04712978       0.14436211       0.12621702
         91.40625            -22.4              300      0.015371817     -0.034479104    5.0768722e-06      0.045960784       0.13929492       0.12261534
           91.875            -22.4              300      0.015363057     -0.033826869    3.4803525e-06      0.044818919       0.13434869       0.11909539
         92.34375            -22.4              300       0.01534376      -0.03319015    1.8393621e-07      0.043704182       0.12952338       0.11565717
          92.8125            -22.4              300      0.015313931     -0.032568946   -4.8087677e-06      0.042616587       0.12481901       0.11230068
         93.28125            -22.4              300      0.015273565     -0.031963259   -1.1504337e-05      0.041556105       0.12023558       0.10902592
            93.75            -22.4              300      0.015222668     -0.031373087   -1.9897911e-05      0.040522758       0.11577309       0.10583291
         94.21875            -22.4              300      0.015161234     -0.030798428   -2.9992108e-05      0.039516542       0.11143154       0.10272162
          94.6875            -22.4              300      0.015100064      -0.03023017   -3.2568933e-05      0.038546674        0.1072185      0.099694774
         95.15625            -22.4              300      0.015051886     -0.029657889   -3.9200968e-05      0.037602596       0.10311934      0.096748076
           95.625            -22.4              300      0.015005458     -0.029090872   -6.3185347e-05      0.036667526      0.099106774      0.093876518
         96.09375            -22.4              300      0.014956645     -0.028537383   -8.6049869e-05      0.035759591      0.095214054      0.091092095
          96.5625            -22.4              300      0.014870701     -0.028027058   -0.00010227664      0.034881495      0.091430992      0.088376321
         97.03125            -22.4              300      0.014784031     -0.027525213   -0.00011118718      0.034032885      0.087736115       0.08571887
             97.5            -22.4              300      0.014727623      -0.02700495   -0.00011411055      0.033214398      0.084139533      0.083129212
         97.96875            -22.4              300      0.014662322     -0.026496727   -0.00012174604      0.032412671      0.080628417      0.080600485
          98.4375            -22.4              300      0.014588129     -0.026000535   -0.00013410189      0.031627703      0.077202745      0.078132652
         98.90625            -22.4              300      0.014505042     -0.025516376   -0.00015117149      0.030859485      0.073862523      0.075725734
           99.375            -22.4              300      0.014413062     -0.025044251   -0.00017296048      0.030108035      0.070607759      0.073379725
         99.84375            -22.4              300       0.01431219     -0.024584161   -0.00019946705      0.029373337      0.067438446       0.07109464
         100.3125            -22.4              300      0.014202422     -0.024136102   -0.00023068911      0.028655397      0.064354576      0.068870455
        100.78125            -22.4              300      0.014084748      -0.02369906   -0.00026659493      0.027953627      0.061354522      0.066707149
           101.25            -22.4              300      0.013971269     -0.023264768   -0.00030266051      0.027265295      0.058417432      0.064601474
        101.71875            -22.4              300      0.013850873     -0.022846038   -0.00033196656      0.026604081      0.055541549      0.062532939
         102.1875            -22.4              300      0.013736209     -0.022427367   -0.00035941566      0.025961466      0.052722789      0.060506195
        102.65625            -22.4              300      0.013627283     -0.022008752   -0.00038501085      0.025337458      0.049961172      0.058521263
          103.125            -22.4              300      0.013523859     -0.021590281   -0.00040904817      0.024731895      0.047257364      0.056578569
        103.59375            -22.4              300      0.013412965      -0.02117754   -0.00044527405      0.024135182      0.044633154      0.054691743
         104.0625            -22.4              300      0.013300997     -0.020769207   -0.00048274678      0.023551138      0.042053994      0.052839387
        104.53125            -22.4              300      0.013187951     -0.020365283   -0.00052146672       0.02297977      0.039519876      0.051021472
              105            -22.4              300       0.01307333     -0.019967562   -0.00056135515      0.022421677      0.037024491      0.049234446
