           x [mm]           y [mm]           z [mm]       ExRe [V/m]       ExIm [V/m]       EyRe [V/m]       EyIm [V/m]       EzRe [V/m]       EzIm [V/m]
---------------------------------------------------------------------------------------------------------------------------------------------------------
             -105            -22.4              300     -0.059341479        1.8559039     -0.006593775      -0.20267501      -0.64777297      -0.50450575
       -104.53125            -22.4              300     -0.061071862        1.8519218    -0.0061195414      -0.13238689      -0.47680843      -0.38289961
        -104.0625            -22.4              300     -0.063732162        1.8442614    -0.0057706316     -0.063530676      -0.30870399       -0.2634103
       -103.59375            -22.4              300     -0.065725856        1.8344028    -0.0054820441     0.0041396692      -0.14359751      -0.14609264
         -103.125            -22.4              300     -0.067053132        1.8223451    -0.0052537885      0.070624091      0.018510884     -0.030946657
       -102.65625            -22.4              300     -0.067713886        1.8080889    -0.0050858562       0.13592261       0.17762123      0.082027726
        -102.1875            -22.4              300     -0.066850908         1.792413    -0.0049441913        0.2001632       0.33462679       0.19341105
       -101.71875            -22.4              300      -0.06582389        1.7726054    -0.0042430083       0.26401439       0.49123541       0.30466983
          -101.25            -22.4              300     -0.065137789        1.7507451    -0.0035185791       0.32622951       0.64534754       0.41396981
       -100.78125            -22.4              300      -0.06510476        1.7260902    -0.0027973549       0.38695973       0.79682851       0.52132845
        -100.3125            -22.4              300     -0.065786988        1.6984963    -0.0020834489       0.44622493       0.94563812       0.62673831
        -99.84375            -22.4              300     -0.067100726        1.6680007    -0.0013671131       0.50399143        1.0916578       0.73007327
          -99.375            -22.4              300     -0.067584932        1.6356279   -0.00051453395        0.5596934        1.2330136       0.82968867
        -98.90625            -22.4              300     -0.067542359        1.6015668    0.00040884851       0.61347342        1.3702974         0.926507
         -98.4375            -22.4              300     -0.066973254        1.5658166      0.001403027       0.66533142        1.5035093        1.0205278
        -97.96875            -22.4              300     -0.065877579        1.5283777     0.0024679981        0.7152673        1.6326489        1.1117516
            -97.5            -22.4              300     -0.064255074        1.4892502     0.0036037792       0.76328111        1.7577167        1.2001779
        -97.03125            -22.4              300     -0.061807759        1.4485136     0.0046161246       0.80926162        1.8783615        1.2856838
         -96.5625            -22.4              300     -0.059511818        1.4066269     0.0055337106       0.85233748        1.9934803        1.3671861
        -96.09375            -22.4              300     -0.057781562        1.3636591     0.0064753806       0.89235663        2.1030016        1.4444879
          -95.625            -22.4              300     -0.056616437        1.3196098     0.0074411463       0.92931914        2.2069252        1.5175892
        -95.15625            -22.4              300     -0.055634938        1.2745599     0.0084884632       0.96232456        2.3033957            1.585
         -94.6875            -22.4              300     -0.055424407        1.2281425     0.0093039032       0.99218136        2.3954632        1.6490191
        -94.21875            -22.4              300      -0.05594223         1.181069     0.0098157702        1.0196919        2.4837832        1.7104195
           -93.75            -22.4              300     -0.056220096        1.1331497      0.010484009        1.0442564        2.5651178        1.7667823
        -93.28125            -22.4              300     -0.055870466        1.0851812      0.011317255        1.0666003        2.6413512        1.8195697
         -92.8125            -22.4              300     -0.054893479         1.037163      0.012315497        1.0867232        2.7124841        1.8687816
        -92.34375            -22.4              300     -0.053289205       0.98909533      0.013478729        1.1046253        2.7785161         1.914418
          -91.875            -22.4              300     -0.051646069       0.94065332      0.014575601        1.1193922        2.8382452        1.9553516
        -91.40625            -22.4              300     -0.050526157       0.89251477      0.015585711        1.1310776        2.8913176        1.9914594
         -90.9375            -22.4              300     -0.049536586       0.84522307      0.016729854        1.1405993        2.9387999        2.0238099
        -90.46875            -22.4              300     -0.048677251       0.79877812      0.018008038        1.1479568        2.9806917        2.0524027
              -90            -22.4              300     -0.047869608        0.7532289      0.019374177        1.1530578        3.0170615        2.0772486
        -89.53125            -22.4              300      -0.04655927       0.70900482      0.020351417        1.1549399        3.0486488        2.0983629
         -89.0625            -22.4              300     -0.045471668       0.66572291      0.021240558        1.1542091        3.0750332        2.1155977
        -88.59375            -22.4              300     -0.044606593       0.62338305      0.022041617         1.150866         3.096215         2.128953
          -88.125            -22.4              300     -0.043964539       0.58198512       0.02275455        1.1449102        3.1121943        2.1384287
        -87.65625            -22.4              300      -0.04511096       0.54072362      0.023802813        1.1399533        3.1258078        2.1462228
         -87.1875            -22.4              300     -0.044691347       0.50127906      0.025127878        1.1316776        3.1325803        2.1490982
        -86.71875            -22.4              300     -0.044342816       0.46319225      0.026374046         1.122189        3.1354141        2.1493411
           -86.25            -22.4              300     -0.044156089       0.42641363      0.027522702        1.1116006        3.1344905        2.1470878
        -85.78125            -22.4              300       -0.0441304       0.39094386      0.028573928        1.0999124        3.1298084        2.1423385
         -85.3125            -22.4              300     -0.044266254        0.3567825      0.029527664        1.0871242        3.1213682         2.135093
        -84.84375            -22.4              300     -0.044563636       0.32392964      0.030383918        1.0732362          3.10917        2.1253514
          -84.375            -22.4              300     -0.044128809        0.2930859      0.030531701        1.0572485        3.0938358        2.1134357
        -83.90625            -22.4              300     -0.043567684       0.26405591      0.030428782        1.0398822        3.0749903        2.0989833
         -83.4375            -22.4              300     -0.042945072       0.23679994      0.030121172        1.0212111        3.0525889        2.0819645
        -82.96875            -22.4              300     -0.042265147       0.21131483      0.029610805        1.0012398         3.026634        2.0623815
            -82.5            -22.4              300     -0.043738358       0.18558225      0.030048039       0.98267853        2.9992819        2.0420394
        -82.03125            -22.4              300     -0.044589311       0.16092789       0.03063599       0.96371448        2.9701767        2.0205984
         -81.5625            -22.4              300     -0.044951685       0.13788502       0.03113541       0.94435775        2.9389913        1.9978374
        -81.09375            -22.4              300     -0.045012608       0.11659637      0.031393368        0.9246226        2.9056876         1.973729
          -80.625            -22.4              300     -0.044303872      0.097794697      0.031155717       0.90418482         2.869683        1.9479451
        -80.15625            -22.4              300      -0.04385791      0.079960674      0.030837253       0.88363206        2.8321004        1.9211979
         -79.6875            -22.4              300     -0.043674789      0.063094236      0.030437976       0.86296445        2.7929399         1.893488
        -79.21875            -22.4              300     -0.043754339      0.047195543      0.029957907       0.84218204        2.7522016        1.8648151
           -78.75            -22.4              300     -0.044096742      0.032264411      0.029397015       0.82128471        2.7098856        1.8351794
        -78.28125            -22.4              300      -0.04470183      0.018300977      0.028755322       0.80027246        2.6659911        1.8045807
         -77.8125            -22.4              300     -0.045224641     0.0052359123      0.027948184       0.77945566        2.6215184        1.7737793
        -77.34375            -22.4              300     -0.045339271     -0.006852312      0.027019303       0.75903797         2.577112        1.7432219
          -76.875            -22.4              300     -0.045091003     -0.017931581       0.02599958        0.7389645        2.5325937        1.7127653
        -76.40625            -22.4              300     -0.044479746     -0.028001798      0.024889022        0.7192353         2.487963        1.6824098
         -75.9375            -22.4              300     -0.043505542     -0.037063017      0.023687635       0.69985026        2.4432199        1.6521554
        -75.46875            -22.4              300     -0.042360839     -0.044869665      0.022697028        0.6809684        2.3975306        1.6214818
              -75            -22.4              300     -0.041610129     -0.052267063      0.021759477       0.66233861           2.3515        1.5906351
        -74.53125            -22.4              300     -0.041091636     -0.059197061      0.020836892       0.64403129         2.305316        1.5597823
         -74.0625            -22.4              300     -0.040805347     -0.065659754      0.019929264       0.62604642        2.2589793        1.5289233
        -73.59375            -22.4              300     -0.040751308     -0.071655117      0.019036589       0.60838401        2.2124889        1.4980581
          -73.125            -22.4              300     -0.040905733     -0.077278353      0.018144732       0.59107202        2.1660621        1.4673131
        -72.65625            -22.4              300     -0.040767238     -0.082693994      0.017195739        0.5742594        2.1207416         1.437359
         -72.1875            -22.4              300     -0.040427532     -0.086962029      0.016091062       0.55779165        2.0750678        1.4073858
        -71.71875            -22.4              300     -0.039912153     -0.090760231      0.014976419       0.54170263        2.0298185        1.3777797
           -71.25            -22.4              300     -0.039221074     -0.094088592      0.013851816       0.52599233        1.9849937        1.3485404
        -70.78125            -22.4              300     -0.038354408     -0.096947178      0.012717219       0.51066071        1.9405932        1.3196681
         -70.3125            -22.4              300     -0.037312005     -0.099335887       0.01157268       0.49570793        1.8966173        1.2911625
        -69.84375            -22.4              300     -0.036093984      -0.10125484      0.010418141       0.48113376        1.8530658        1.2630236
          -69.375            -22.4              300     -0.034609392      -0.10261384     0.0092516318       0.46695882        1.8098717        1.2352302
        -68.90625            -22.4              300     -0.032991227      -0.10350777     0.0080963876       0.45325571        1.7671646        1.2078305
         -68.4375            -22.4              300      -0.03203341      -0.10466357     0.0071495459       0.44006181        1.7249794        1.1807148
        -67.96875            -22.4              300     -0.031348422       -0.1057111     0.0062365057       0.42722535        1.6832271        1.1538932
            -67.5            -22.4              300     -0.030950457      -0.10692886     0.0052820598       0.41451263        1.6423215        1.1276169
        -67.03125            -22.4              300     -0.029717952      -0.10743362     0.0041670203       0.40218216        1.6024288        1.1021078
         -66.5625            -22.4              300     -0.028179593      -0.10741289     0.0030749915        0.3903138        1.5629498        1.0769033
        -66.09375            -22.4              300     -0.026759122      -0.10734552      0.002045356       0.37875837        1.5241071        1.0520812
          -65.625            -22.4              300     -0.025387831      -0.10725692      0.001300829        0.3676576        1.4858371        1.0275965
        -65.15625            -22.4              300      -0.02451722      -0.10725983    0.00052591611        0.3567884        1.4482065         1.003527
         -64.6875            -22.4              300     -0.023530761      -0.10708372   -0.00019219927       0.34627584        1.4113914       0.97996622
        -64.21875            -22.4              300     -0.022469003      -0.10681225     -0.000790647       0.33617535        1.3754497       0.95692503
           -63.75            -22.4              300     -0.021289626      -0.10631709    -0.0013418004        0.3264091        1.3401887       0.93431783
        -63.28125            -22.4              300     -0.019992596      -0.10559823    -0.0018456477       0.31697705        1.3056086       0.91214466
         -62.8125            -22.4              300      -0.01857795      -0.10465569    -0.0023022084       0.30787927        1.2717092        0.8904056
        -62.34375            -22.4              300      -0.01706871      -0.10353208    -0.0027166717       0.29910508        1.2385062       0.86908424
          -61.875            -22.4              300     -0.015652796      -0.10246618    -0.0031076055       0.29056653        1.2060244         0.848113
        -61.40625            -22.4              300     -0.014345191      -0.10141985    -0.0034640227       0.28225565        1.1742128       0.82752049
         -60.9375            -22.4              300     -0.013145858        -0.100393     -0.003785898       0.27417248        1.1430713       0.80730671
        -60.46875            -22.4              300     -0.012054822     -0.099385723     -0.004073251       0.26631698           1.1126       0.78747165
              -60            -22.4              300      -0.01107209     -0.098397955     -0.004326087       0.25868914        1.0827988       0.76801538
        -59.53125            -22.4              300     -0.010197651      -0.09742973    -0.0045443983       0.25128898        1.0536679       0.74893785
         -59.0625            -22.4              300    -0.0094314907     -0.096481003     -0.004728171       0.24411651         1.025207       0.73023909
        -58.59375            -22.4              300    -0.0086172102     -0.095479764    -0.0049010688       0.23706979       0.99720347       0.71182805
          -58.125            -22.4              300    -0.0077085281     -0.094300404    -0.0050396686        0.2303613         0.969796       0.69374883
        -57.65625            -22.4              300    -0.0066647641      -0.09297964    -0.0051231724       0.22392726       0.94307953       0.67607546
         -57.1875            -22.4              300    -0.0054746913     -0.091519468    -0.0051524816       0.21774459       0.91703987        0.6588046
        -56.71875            -22.4              300    -0.0043438533     -0.090113088    -0.0051469118       0.21174783        0.8917852       0.64200866
           -56.25            -22.4              300    -0.0032879775     -0.088720866    -0.0051171272       0.20591733       0.86709893       0.62549943
        -55.78125            -22.4              300    -0.0023817879     -0.087423131    -0.0050783306       0.20021927       0.84299767       0.60933077
         -55.3125            -22.4              300     -0.001607927     -0.086195953    -0.0050297948       0.19466606       0.81946266       0.59348416
        -54.84375            -22.4              300   -0.00095922919     -0.085030213    -0.0049726348       0.18926111       0.79648912       0.57795477
          -54.375            -22.4              300   -0.00043571275     -0.083925925      -0.00490687       0.18400444       0.77407712       0.56274259
        -53.90625            -22.4              300    0.00013042102     -0.082784161    -0.0047835987       0.17892841       0.75219059        0.5479269
         -53.4375            -22.4              300    0.00065505574     -0.081702068    -0.0046232645       0.17403467       0.73094338        0.5334748
        -52.96875            -22.4              300     0.0012361081     -0.080564097    -0.0044439305       0.16930504       0.71022254        0.5193361
            -52.5            -22.4              300     0.0018850572     -0.079358034    -0.0042478829       0.16473766        0.6900211        0.5055117
        -52.03125            -22.4              300     0.0026018973     -0.078083888    -0.0040351329       0.16033249       0.67033941       0.49200162
         -51.5625            -22.4              300     0.0032954565     -0.076788276    -0.0038344928        0.1560531       0.65116531       0.47879443
        -51.09375            -22.4              300     0.0038992555     -0.075541884    -0.0036497717       0.15187506       0.63245279       0.46587893
          -50.625            -22.4              300     0.0044182613      -0.07434532    -0.0034779448       0.14780051       0.61419922       0.45325541
        -50.15625            -22.4              300     0.0048524672     -0.073198572    -0.0033190222       0.14382946       0.59640467       0.44092402
         -49.6875            -22.4              300     0.0052018845     -0.072101653    -0.0031729906       0.13996191       0.57906926       0.42888469
        -49.21875            -22.4              300     0.0054786964     -0.071043767    -0.0030439685        0.1361932       0.56218857       0.41713989
           -48.75            -22.4              300     0.0058450326     -0.069908433    -0.0029590563       0.13249643         0.545762       0.40574551
        -48.28125            -22.4              300     0.0062714801     -0.068742819    -0.0028864695       0.12891096       0.52984279       0.39471418
         -47.8125            -22.4              300     0.0065866597     -0.067714624    -0.0027642392       0.12546836       0.51441473       0.38397098
        -47.34375            -22.4              300     0.0069259629     -0.066664346     -0.002629058       0.12212457       0.49933627        0.3734552
          -46.875            -22.4              300     0.0073116831     -0.065568455    -0.0024881973        0.1188743        0.4845998       0.36316901
        -46.40625            -22.4              300     0.0076830946     -0.064456671    -0.0023617111       0.11571373       0.47029138       0.35315007
         -45.9375            -22.4              300     0.0080075478     -0.063381813    -0.0022602307       0.11262254       0.45636404       0.34339917
        -45.46875            -22.4              300     0.0082925959     -0.062341444    -0.0021808373       0.10960387       0.44281101       0.33391553
              -45            -22.4              300     0.0085280156     -0.061346337    -0.0021137283       0.10666535       0.42962804        0.3246913
        -44.53125            -22.4              300     0.0086844582     -0.060413942    -0.0020626276       0.10379802       0.41682118       0.31572014
         -44.0625            -22.4              300     0.0088253217     -0.059497796    -0.0019992657       0.10102005       0.40439174       0.30700541
        -43.59375            -22.4              300     0.0089911772     -0.058572572    -0.0019316934      0.098320253       0.39228934       0.29851899
          -43.125            -22.4              300     0.0091798194     -0.057640161    -0.0018623967      0.095696695       0.38051099         0.290259
        -42.65625            -22.4              300     0.0093912492     -0.056700546    -0.0017913759      0.093149357        0.3690567       0.28222546
         -42.1875            -22.4              300     0.0096254693     -0.055753745    -0.0017186288       0.09067823       0.35792646       0.27441835
        -41.71875            -22.4              300     0.0098768463     -0.054805864    -0.0016473664      0.088281631       0.34712714        0.2668429
           -41.25            -22.4              300      0.010105744     -0.053895999    -0.0016011199      0.085948013       0.33670437        0.2595332
        -40.78125            -22.4              300        0.0103492     -0.052951835    -0.0015509133      0.083679073        0.3264817       0.25236863
         -40.3125            -22.4              300      0.010533368      -0.05205271    -0.0015151879      0.081457898        0.3165139       0.24537587
        -39.84375            -22.4              300      0.010658248     -0.051198643    -0.0014939501      0.079284519       0.30680111       0.23855495
          -39.375            -22.4              300       0.01078307     -0.050375853    -0.0014441973      0.077168502       0.29739395       0.23195045
        -38.90625            -22.4              300      0.010918439     -0.049565863    -0.0014154367      0.075128905       0.28838629       0.22562605
         -38.4375            -22.4              300      0.011051355     -0.048763756    -0.0013916381      0.073142216        0.2796084       0.21945819
        -37.96875            -22.4              300       0.01118026      -0.04797101    -0.0013692917      0.071205646       0.27104503       0.21343668
            -37.5            -22.4              300      0.011305155     -0.047187626     -0.001348397      0.069319144       0.26269624       0.20756149
        -37.03125            -22.4              300       0.01142604     -0.046413593    -0.0013289488      0.067482755       0.25456199       0.20183262
         -36.5625            -22.4              300      0.011542914     -0.045648918    -0.0013109499      0.065696456       0.24664232       0.19625008
        -36.09375            -22.4              300      0.011655776       -0.0448936    -0.0012944087      0.063960239       0.23893718       0.19081387
          -35.625            -22.4              300      0.011799539     -0.044139791    -0.0012421648       0.06230424       0.23149312       0.18555817
        -35.15625            -22.4              300      0.011960581     -0.043387514    -0.0011780509      0.060710076       0.22429149       0.18046804
         -34.6875            -22.4              300       0.01213304     -0.042637818     -0.001109171      0.059172086       0.21732445       0.17553756
        -34.21875            -22.4              300       0.01226097     -0.041896727    -0.0011185198      0.057610337        0.2104504       0.17068529
           -33.75            -22.4              300      0.012392905     -0.041171715    -0.0011292105      0.056084529       0.20378315       0.16598018
        -33.28125            -22.4              300      0.012499822     -0.040504776    -0.0011005288      0.054630455       0.19739701       0.16144603
         -32.8125            -22.4              300      0.012601869     -0.039840899    -0.0010797908      0.053218815       0.19118677       0.15702251
        -32.34375            -22.4              300      0.012699523     -0.039185941    -0.0010625067      0.051842168       0.18514703       0.15271419
          -31.875            -22.4              300      0.012792785     -0.038539886     -0.001048675      0.050500516       0.17927776       0.14852105
        -31.40625            -22.4              300      0.012881652     -0.037902739    -0.0010382965      0.049193844       0.17357892       0.14444309
         -30.9375            -22.4              300      0.012966128     -0.037274498    -0.0010313703      0.047922175       0.16805054       0.14048029
        -30.46875            -22.4              300      0.013046999      -0.03665477    -0.0010233504      0.046686407       0.16267861       0.13662627
              -30            -22.4              300      0.013125696     -0.036062635   -0.00098359212      0.045501824       0.15745188       0.13286996
        -29.53125            -22.4              300      0.013190496     -0.035498053   -0.00093895971      0.044348579       0.15238315       0.12922038
         -29.0625            -22.4              300       0.01324178      -0.03495761   -0.00090669817      0.043221794       0.14751056       0.12570366
        -28.59375            -22.4              300      0.013294296     -0.034423128   -0.00087382854      0.042127084       0.14277694        0.1222781
          -28.125            -22.4              300      0.013348935     -0.033893745   -0.00083818543      0.041065186       0.13817577       0.11893904
        -27.65625            -22.4              300      0.013405699     -0.033369467   -0.00079976697      0.040036097       0.13370702       0.11568649
         -27.1875            -22.4              300      0.013464585     -0.032850295   -0.00075857335      0.039039813       0.12937072       0.11252043
        -26.71875            -22.4              300      0.013525594     -0.032336224    -0.0007146048      0.038076345       0.12516685       0.10944089
           -26.25            -22.4              300       0.01359476     -0.031817965    -0.0006814301      0.037137408       0.12106265       0.10642917
        -25.78125            -22.4              300      0.013642087     -0.031323116   -0.00065828615       0.03621427       0.11706915       0.10349146
         -25.3125            -22.4              300      0.013667227     -0.030852044   -0.00064503308      0.035306927       0.11318678       0.10062797
        -24.84375            -22.4              300      0.013676405     -0.030404724   -0.00063716131      0.034417238       0.10945593      0.097873673
          -24.375            -22.4              300      0.013690468     -0.029965397   -0.00062685017      0.033551902       0.10584798      0.095208816
        -23.90625            -22.4              300       0.01370989     -0.029533511    -0.0006140084       0.03271107       0.10236033      0.092631325
         -23.4375            -22.4              300       0.01373467      -0.02910907   -0.00059863966      0.031894743      0.098993018      0.090141185
        -22.96875            -22.4              300      0.013760997     -0.028695146   -0.00058069878      0.031102072      0.095741317      0.087733708
            -22.5            -22.4              300      0.013775874     -0.028298052   -0.00055911974      0.030329591      0.092568085      0.085375294
        -22.03125            -22.4              300      0.013792372     -0.027901258   -0.00053526688      0.029577838      0.089478932      0.083075538
         -21.5625            -22.4              300      0.013804516     -0.027512593    -0.0005166629      0.028842589       0.08647798      0.080837265
        -21.09375            -22.4              300      0.013812369     -0.027133116   -0.00050391996      0.028123904      0.083565965      0.078660756
          -20.625            -22.4              300      0.013815934      -0.02676283    -0.0004970468       0.02742178      0.080742911      0.076546013
        -20.15625            -22.4              300      0.013815207     -0.026401736   -0.00049603428      0.026736222      0.078008801      0.074493036
         -19.6875            -22.4              300      0.013810192     -0.026049828   -0.00050088909      0.026067222      0.075363651      0.072501823
        -19.21875            -22.4              300      0.013797774     -0.025710132   -0.00050250586      0.025420198      0.072799891      0.070566431
           -18.75            -22.4              300      0.013781678     -0.025381777   -0.00049950113      0.024790624      0.070309542      0.068685606
        -18.28125            -22.4              300      0.013767735     -0.025062855   -0.00048903498      0.024178084      0.067893095      0.066862777
         -17.8125            -22.4              300       0.01375071     -0.024755269   -0.00047890568      0.023577951      0.065552056      0.065097675
        -17.34375            -22.4              300        0.0137306     -0.024459021   -0.00046911254       0.02299023      0.063286424      0.063390292
          -16.875            -22.4              300       0.01371145     -0.024162985    -0.0004713262      0.022411022      0.061095532       0.06173449
        -16.40625            -22.4              300      0.013699431     -0.023863468     -0.000476613      0.021845333        0.0589692      0.060123865
         -15.9375            -22.4              300      0.013694252     -0.023563767   -0.00047912894      0.021295493      0.056905784       0.05855941
        -15.46875            -22.4              300      0.013694694     -0.023264632   -0.00047962624      0.020760888      0.054905608      0.057041496
              -15            -22.4              300       0.01369263     -0.022972748   -0.00048425153      0.020236298      0.052971713      0.055574048
        -14.53125            -22.4              300      0.013684884     -0.022693861   -0.00048974832      0.019726787      0.051099431      0.054150313
         -14.0625            -22.4              300      0.013671993      -0.02242359   -0.00049891957      0.019227084      0.049284145      0.052767709
        -13.59375            -22.4              300       0.01365396     -0.022161936   -0.00051176501      0.018737189       0.04752586      0.051426236
          -13.125            -22.4              300      0.013630783     -0.021908896   -0.00052828621      0.018257104      0.045824565      0.050125897
        -12.65625            -22.4              300      0.013600269     -0.021666473   -0.00054107176      0.017790288       0.04417761       0.04886464
         -12.1875            -22.4              300      0.013569881     -0.021431293   -0.00053804432      0.017342908      0.042582028      0.047640871
        -11.71875            -22.4              300      0.013553152     -0.021191336   -0.00054458831      0.016903747       0.04104932      0.046464566
           -11.25            -22.4              300      0.013538658     -0.020953394   -0.00055169757      0.016475052      0.039560691      0.045319784
        -10.78125            -22.4              300       0.01352529     -0.020718355   -0.00055763358      0.016057486      0.038114458      0.044205084
         -10.3125            -22.4              300      0.013513053     -0.020486223   -0.00056239613      0.015651047      0.036710627      0.043120474
         -9.84375            -22.4              300      0.013501943     -0.020256992   -0.00056598708      0.015255739      0.035349194      0.042065941
           -9.375            -22.4              300      0.013491962     -0.020030666   -0.00056840456       0.01487156      0.034030162      0.041041493
         -8.90625            -22.4              300      0.013479553     -0.019808065   -0.00057662791      0.014492527      0.032749537      0.040044524
          -8.4375            -22.4              300      0.013461499     -0.019591236   -0.00059418636       0.01411545       0.03150548      0.039073918
         -7.96875            -22.4              300       0.01344045     -0.019380027   -0.00061491539      0.013745553      0.030301578      0.038132027
             -7.5            -22.4              300       0.01341958      -0.01917311   -0.00063197967      0.013387538      0.029138412      0.037219815
         -7.03125            -22.4              300      0.013404878     -0.018969543   -0.00063631887      0.013048602      0.028022885      0.036339015
          -6.5625            -22.4              300      0.013389135      -0.01877046   -0.00063968927      0.012717632      0.026938824      0.035479896
         -6.09375            -22.4              300      0.013372353     -0.018575864   -0.00064208836      0.012394631      0.025886219      0.034642454
           -5.625            -22.4              300      0.013354531     -0.018385749   -0.00064351759      0.012079593      0.024865074      0.033826686
         -5.15625            -22.4              300      0.013335698     -0.018199816   -0.00064462551      0.011772165      0.023875069      0.033032347
          -4.6875            -22.4              300      0.013316276     -0.018016152   -0.00064826658      0.011470912      0.022914784      0.032258347
         -4.21875            -22.4              300      0.013296342     -0.017835915   -0.00065111241      0.011177756       0.02198589      0.031505913
            -3.75            -22.4              300      0.013275902     -0.017659105    -0.0006531637      0.010892695      0.021088395      0.030775052
         -3.28125            -22.4              300      0.013254948     -0.017485725   -0.00065441988      0.010615733      0.020222299      0.030065762
          -2.8125            -22.4              300       0.01323251     -0.017317325   -0.00065223553      0.010349186      0.019388631      0.029378587
         -2.34375            -22.4              300      0.013208641     -0.017153692   -0.00064735714      0.010092681      0.018587179      0.028713249
           -1.875            -22.4              300      0.013182017     -0.016996086   -0.00064250524     0.0098419571      0.017806124      0.028061418
         -1.40625            -22.4              300      0.013155075     -0.016841579   -0.00063609891     0.0095969597      0.017039029      0.027419128
          -0.9375            -22.4              300      0.013136646     -0.016678616   -0.00063924555      0.009350745       0.01630114      0.026799232
         -0.46875            -22.4              300      0.013114339     -0.016524808   -0.00062509667     0.0091245901       0.01559421      0.026196953
                0            -22.4              300      0.013090489     -0.016374832   -0.00061228761     0.0089026019      0.014908788      0.025609639
          0.46875            -22.4              300      0.013065097     -0.016228691   -0.00060081651     0.0086847777      0.014244874      0.025037291
           0.9375            -22.4              300      0.013038159     -0.016086379   -0.00059068348     0.0084711192      0.013602465      0.024479914
          1.40625            -22.4              300      0.013009684     -0.015947903   -0.00058189069     0.0082616247      0.012981565      0.023937499
            1.875            -22.4              300       0.01297984     -0.015812965   -0.00057555916     0.0080555836      0.012382057      0.023410028
          2.34375            -22.4              300       0.01294866       -0.0156816   -0.00057162537     0.0078531513      0.011804137       0.02289751
           2.8125            -22.4              300      0.012915972     -0.015554125   -0.00056884019       0.00765516      0.011247996      0.022399981
          3.28125            -22.4              300      0.012881771     -0.015430544   -0.00056720251     0.0074616103       0.01071363       0.02191744
             3.75            -22.4              300      0.012846157     -0.015310741   -0.00056641368     0.0072725941      0.010199575       0.02144938
          4.21875            -22.4              300      0.012810742     -0.015194229   -0.00056673738     0.0070879003      0.009702242       0.02099546
           4.6875            -22.4              300      0.012775068     -0.015080119   -0.00056689786     0.0069076046     0.0092203906      0.020552883
          5.15625            -22.4              300      0.012738989     -0.014968263   -0.00056634151     0.0067318338     0.0087527595      0.020120863
            5.625            -22.4              300       0.01270251     -0.014858663   -0.00056506763     0.0065605878      0.008299347      0.019699406
          6.09375            -22.4              300      0.012665628      -0.01475132   -0.00056307745     0.0063938657     0.0078601539      0.019288506
           6.5625            -22.4              300      0.012628341     -0.014646235   -0.00056036899     0.0062316689     0.0074351826      0.018888172
          7.03125            -22.4              300      0.012590656     -0.014543404   -0.00055694481      0.006073996     0.0070244297      0.018498391
              7.5            -22.4              300      0.012552566     -0.014442829   -0.00055280305     0.0059208479     0.0066278968      0.018119175
          7.96875            -22.4              300      0.012514074     -0.014344511   -0.00054794428     0.0057722237     0.0062455833      0.017750517
           8.4375            -22.4              300      0.012475178     -0.014248448    -0.0005423681     0.0056281248     0.0058774906      0.017392419
          8.90625            -22.4              300       0.01243588     -0.014154644   -0.00053607509     0.0054885503     0.0055236169      0.017044883
            9.375            -22.4              300      0.012397969     -0.014059481   -0.00052405841     0.0053574848      0.005181679       0.01670604
          9.84375            -22.4              300      0.012353378     -0.013971227    -0.0005229424      0.005219013     0.0048501589      0.016376948
          10.3125            -22.4              300      0.012310962     -0.013880981   -0.00052248698     0.0050823381     0.0045303195       0.01605903
         10.78125            -22.4              300      0.012268834     -0.013792466   -0.00052202685     0.0049485918     0.0042236401      0.015752902
            11.25            -22.4              300      0.012231172     -0.013705451   -0.00052461133     0.0048186597     0.0039294329      0.015455444
         11.71875            -22.4              300      0.012193083     -0.013619608   -0.00052758743     0.0046910523     0.0036442992      0.015165599
          12.1875            -22.4              300      0.012154559     -0.013534944   -0.00053095148     0.0045657712     0.0033682403       0.01488337
         12.65625            -22.4              300      0.012115136     -0.013451905   -0.00053297239     0.0044438178      0.003101795      0.014609172
           13.125            -22.4              300        0.0120747     -0.013370954    -0.0005320065     0.0043262541     0.0028457786      0.014343386
         13.59375            -22.4              300      0.012034374     -0.013291184   -0.00053159648     0.0042110775     0.0025992417      0.014085147
          14.0625            -22.4              300      0.011994158     -0.013212599   -0.00053174258     0.0040982892     0.0023621826      0.013834455
         14.53125            -22.4              300      0.011954047     -0.013135198   -0.00053244398     0.0039878883     0.0021346021      0.013591307
               15            -22.4              300      0.011915037     -0.013058583   -0.00053268386     0.0038801415     0.0019156695      0.013355594
         15.46875            -22.4              300      0.011877982     -0.012982693    -0.0005322345     0.0037746581      0.001704938      0.013127943
          15.9375            -22.4              300      0.011839248     -0.012908734   -0.00053305237     0.0036717323     0.0015049349      0.012908167
         16.40625            -22.4              300      0.011800623     -0.012835673   -0.00053376931     0.0035710437     0.0013113538      0.012693575
           16.875            -22.4              300      0.011762109     -0.012763507   -0.00053438719     0.0034725913     0.0011241935      0.012484163
         17.34375            -22.4              300      0.011723704     -0.012692235   -0.00053490466     0.0033763747    0.00094345491      0.012279933
          17.8125            -22.4              300      0.011685409     -0.012621859     -0.000535322     0.0032823952     0.0007691377       0.01208089
         18.28125            -22.4              300      0.011647223     -0.012552378   -0.00053563988     0.0031906515    0.00060124142      0.011887026
            18.75            -22.4              300      0.011609147     -0.012483791   -0.00053585711     0.0031011449    0.00043976726      0.011698347
         19.21875            -22.4              300      0.011571421     -0.012416411      -0.00053629     0.0030136942    0.00028481783      0.011514799
          19.6875            -22.4              300      0.011534634     -0.012350633    -0.0005379786     0.0029275829    0.00013683763      0.011336433
         20.15625            -22.4              300      0.011498215     -0.012281376   -0.00053691451     0.0028447579   -6.6377697e-06      0.011161621
           20.625            -22.4              300       0.01146285     -0.012214237   -0.00053573272     0.0027643153   -0.00014370341      0.010992473
         21.09375            -22.4              300      0.011428111     -0.012147508   -0.00053525926      0.002685172   -0.00027555111      0.010826906
          21.5625            -22.4              300      0.011393294     -0.012081674   -0.00053461664     0.0026079824   -0.00040228275      0.010665026
         22.03125            -22.4              300      0.011358401     -0.012016736   -0.00053380604     0.0025327445   -0.00052389794      0.010506828
             22.5            -22.4              300      0.011323429     -0.011952694   -0.00053282583     0.0024594602   -0.00064039725      0.010352318
         22.96875            -22.4              300       0.01128838     -0.011889548   -0.00053167751     0.0023881278   -0.00075178017      0.010201491
          23.4375            -22.4              300      0.011253253     -0.011827299   -0.00053035992     0.0023187487   -0.00085804699      0.010054349
         23.90625            -22.4              300       0.01121805     -0.011765942   -0.00052887399     0.0022513219   -0.00095919758     0.0099108908
           24.375            -22.4              300      0.011182724     -0.011705448   -0.00052722247     0.0021858464    -0.0010553383     0.0097710136
         24.84375            -22.4              300      0.011146354      -0.01164561   -0.00052525121     0.0021222027    -0.0011485625     0.0096327802
          25.3125            -22.4              300        0.0111096     -0.011587217   -0.00052179146      0.002060978    -0.0012375399     0.0094976136
         25.78125            -22.4              300      0.011073226     -0.011529577   -0.00051723782     0.0020019379     -0.001322636     0.0093651945
            26.25            -22.4              300      0.011037234     -0.011472689   -0.00051158987     0.0019450828    -0.0014038512     0.0092355236
         26.71875            -22.4              300      0.011001815     -0.011416342   -0.00050482614      0.001890386    -0.0014814631     0.0091084875
          27.1875            -22.4              300      0.010967192     -0.011359799   -0.00049710198     0.0018376913    -0.0015566313     0.0089835925
         27.65625            -22.4              300      0.010932294     -0.011303918   -0.00048885215     0.0017870131      -0.00162844     0.0088611199
           28.125            -22.4              300      0.010897337     -0.011248862   -0.00048161286     0.0017372709    -0.0016975566     0.0087404093
         28.59375            -22.4              300      0.010861961     -0.011194935   -0.00047530537     0.0016880757     -0.001763547     0.0086218268
          29.0625            -22.4              300      0.010826169     -0.011142138   -0.00046992846     0.0016394284    -0.0018264118     0.0085053761
         29.53125            -22.4              300      0.010789925      -0.01109047   -0.00046539132     0.0015914007    -0.0018859114      0.008391236
               30            -22.4              300      0.010753209     -0.011039656   -0.00046031622     0.0015449445    -0.0019411684     0.0082803536
         30.46875            -22.4              300      0.010716368     -0.010989491   -0.00045468108     0.0014999722    -0.0019942601     0.0081713907
          30.9375            -22.4              300      0.010679401     -0.010939978   -0.00044848502     0.0014564842    -0.0020451867     0.0080643501
         31.40625            -22.4              300      0.010642311     -0.010891115   -0.00044172857     0.0014144803    -0.0020939482     0.0079592308
           31.875            -22.4              300      0.010605095     -0.010842904   -0.00043441178     0.0013739602    -0.0021405451     0.0078560319
         32.34375            -22.4              300      0.010567757     -0.010795345   -0.00042653462     0.0013349243    -0.0021849766     0.0077547538
          32.8125            -22.4              300      0.010530293     -0.010748433   -0.00041809728      0.001297372    -0.0022272426     0.0076553975
         33.28125            -22.4              300      0.010489034     -0.010705337   -0.00041033249     0.0012603204    -0.0022678198     0.0075575379
            33.75            -22.4              300      0.010447736     -0.010661921   -0.00040419216     0.0012230879    -0.0023057503     0.0074621039
         34.21875            -22.4              300      0.010409348     -0.010617832   -0.00039845909     0.0011865529     -0.002340409     0.0073695127
          34.6875            -22.4              300      0.010369927     -0.010575322   -0.00039135996     0.0011518268     -0.002373249     0.0072786314
         35.15625            -22.4              300      0.010329915     -0.010533238   -0.00038420258     0.0011178396    -0.0024045527     0.0071897199
           35.625            -22.4              300      0.010289722     -0.010491705   -0.00037722982     0.0010845228    -0.0024341431     0.0071028299
         36.09375            -22.4              300      0.010249353     -0.010450723   -0.00037044211     0.0010518765    -0.0024620211     0.0070179594
          36.5625            -22.4              300      0.010208807      -0.01041029   -0.00036384014     0.0010199005    -0.0024881866     0.0069351099
         37.03125            -22.4              300      0.010168082     -0.010370409   -0.00035742251    0.00098859519    -0.0025126392     0.0068542808
             37.5            -22.4              300      0.010127177     -0.010331078   -0.00035119025    0.00095796044    -0.0025353793     0.0067754718
         37.96875            -22.4              300      0.010086725     -0.010290918   -0.00034656978    0.00092705479    -0.0025565766     0.0066986382
          38.4375            -22.4              300      0.010046122     -0.010250866   -0.00034329481    0.00089588301    -0.0025761933     0.0066239159
         38.90625            -22.4              300      0.010004856     -0.010212732   -0.00033864364    0.00086617988    -0.0025943175     0.0065508354
           39.375            -22.4              300     0.0099640582     -0.010174703   -0.00033468707    0.00083660876    -0.0026111309     0.0064794263
         39.84375            -22.4              300     0.0099230781      -0.01013753   -0.00033049728    0.00080771733    -0.0026268607     0.0064093443
          40.3125            -22.4              300     0.0098821148     -0.010100861   -0.00032593563    0.00077961327    -0.0026413584     0.0063411277
         40.78125            -22.4              300     0.0098414691     -0.010064207   -0.00032147876    0.00075203582    -0.0026544381     0.0062750978
            41.25            -22.4              300     0.0098007843      -0.01002764   -0.00031722459    0.00072499423    -0.0026661076     0.0062109972
         41.71875            -22.4              300     0.0097598238    -0.0099915126   -0.00031285785    0.00069867348    -0.0026765303     0.0061484957
          42.1875            -22.4              300     0.0097185848    -0.0099558281   -0.00030837877    0.00067307334    -0.0026857059     0.0060875956
         42.65625            -22.4              300     0.0096772853    -0.0099200048   -0.00030453104    0.00064761622    -0.0026935476     0.0060286582
           43.125            -22.4              300     0.0096365288     -0.009883415   -0.00030198484    0.00062172126    -0.0027003831     0.0059714974
         43.59375            -22.4              300     0.0095962333    -0.0098467339   -0.00029981844    0.00059607899    -0.0027064881     0.0059154513
          44.0625            -22.4              300     0.0095563959    -0.0098099615   -0.00029803178    0.00057068939    -0.0027118626     0.0058605196
         44.53125            -22.4              300     0.0095170178    -0.0097730989   -0.00029662441    0.00054555282    -0.0027165066     0.0058067017
               45            -22.4              300     0.0094780969    -0.0097361458   -0.00029559695    0.00052066892    -0.0027204209     0.0057539986
         45.46875            -22.4              300     0.0094385436    -0.0096978247   -0.00029457494    0.00049608701    -0.0027241488     0.0057022898
          45.9375            -22.4              300     0.0093988609    -0.0096591916   -0.00029331859     0.0004721345    -0.0027273793     0.0056515411
         46.40625            -22.4              300     0.0093617439    -0.0096229063   -0.00029242862    0.00044893959    -0.0027290522      0.005602241
           46.875            -22.4              300     0.0093246438    -0.0095867217   -0.00029116785    0.00042644871    -0.0027301088     0.0055538355
         47.34375            -22.4              300     0.0092875604    -0.0095506366   -0.00028953579    0.00040466205    -0.0027305495     0.0055063241
          47.8125            -22.4              300     0.0092504937    -0.0095146522   -0.00028753278     0.0003835792    -0.0027303738     0.0054597072
         48.28125            -22.4              300     0.0092129475    -0.0094784414   -0.00028539577    0.00036303385    -0.0027297763     0.0054139323
            48.75            -22.4              300     0.0091758044    -0.0094424449   -0.00028325547     0.0003431419    -0.0027287146     0.0053688423
         49.21875            -22.4              300     0.0091391867    -0.0094062779   -0.00028129242    0.00032361998    -0.0027271351     0.0053245053
          49.6875            -22.4              300     0.0091030756    -0.0093699815   -0.00027946365    0.00030448392    -0.0027250345     0.0052809156
         50.15625            -22.4              300     0.0090674702    -0.0093335528     -0.000277769     0.0002857339    -0.0027224126     0.0052380739
           50.625            -22.4              300     0.0090315752    -0.0092969313   -0.00027593071    0.00026730378      -0.00271961     0.0051954673
         51.09375            -22.4              300      0.008995234     -0.009259739   -0.00027357732    0.00024950941    -0.0027166409     0.0051533105
          51.5625            -22.4              300     0.0089589972    -0.0092222923   -0.00027102319    0.00023228716    -0.0027132703     0.0051116049
         52.03125            -22.4              300     0.0089229057    -0.0091848606   -0.00026843062    0.00021549883    -0.0027095987     0.0050701154
             52.5            -22.4              300     0.0088869641    -0.0091474429   -0.00026580039    0.00019914382    -0.0027056264     0.0050288434
         52.96875            -22.4              300     0.0088513447    -0.0091104917   -0.00026302136    0.00018340723    -0.0027014378     0.0049877898
          53.4375            -22.4              300      0.008815648    -0.0090738097   -0.00025995006    0.00016829741    -0.0026969451       0.00494705
         53.90625            -22.4              300     0.0087797986    -0.0090373047   -0.00025658801    0.00015378614     -0.002692126     0.0049066348
           54.375            -22.4              300     0.0087437956    -0.0090009766   -0.00025293493    0.00013987349    -0.0026869797     0.0048665428
         54.84375            -22.4              300     0.0087079573    -0.0089651188   -0.00024929261    0.00012620754    -0.0026824917         0.004826
          55.3125            -22.4              300     0.0086727617    -0.0089291185   -0.00024569253    0.00011301026    -0.0026776511     0.0047858031
         55.78125            -22.4              300     0.0086377067    -0.0088930922   -0.00024179305    0.00010052774      -0.00267214     0.0047461228
            56.25            -22.4              300     0.0086024571    -0.0088573061   -0.00023759843     8.855715e-05       -0.0026666     0.0047065346
         56.71875            -22.4              300      0.008567011    -0.0088217556   -0.00023310831    7.7098564e-05    -0.0026610303     0.0046670381
          57.1875            -22.4              300     0.0085313693    -0.0087864455   -0.00022832296     6.615201e-05    -0.0026554319     0.0046276343
         57.65625            -22.4              300     0.0084955338    -0.0087513737   -0.00022324228    5.5717406e-05    -0.0026498041     0.0045883222
           58.125            -22.4              300     0.0084595028    -0.0087165395   -0.00021786636    4.5794754e-05    -0.0026441473     0.0045491029
         58.59375            -22.4              300     0.0084232753    -0.0086819436   -0.00021219502    3.6384139e-05    -0.0026384611     0.0045099747
          59.0625            -22.4              300     0.0083868532    -0.0086475881   -0.00020622836    2.7485556e-05    -0.0026327458     0.0044709397
         59.53125            -22.4              300     0.0083506508    -0.0086132353   -0.00020070504    1.8680965e-05     -0.002626966     0.0044320389
               60            -22.4              300     0.0083140284     -0.008578659   -0.00019656331    9.3001054e-06    -0.0026215606     0.0043936209
         60.46875            -22.4              300     0.0082766209    -0.0085447123   -0.00019034444     1.302441e-06     -0.002616463     0.0043548997
          60.9375            -22.4              300     0.0082392804    -0.0085110571   -0.00018416259   -6.5213026e-06    -0.0026114522     0.0043163663
         61.40625            -22.4              300     0.0082017742    -0.0084776431   -0.00017828324   -1.4315156e-05    -0.0026064927     0.0042780964
           61.875            -22.4              300     0.0081640417    -0.0084444769   -0.00017265097   -2.2051157e-05    -0.0026015951     0.0042400868
         62.34375            -22.4              300       0.00812608    -0.0084115611   -0.00016726527   -2.9729097e-05    -0.0025967602     0.0042023375
          62.8125            -22.4              300     0.0080878986    -0.0083788512   -0.00016216273   -3.7357575e-05    -0.0025919776     0.0041648517
         63.28125            -22.4              300     0.0080494992     -0.008346227   -0.00015736569   -4.4898916e-05    -0.0025872337     0.0041276291
            63.75            -22.4              300     0.0080108298    -0.0083138738   -0.00015267066   -5.2276675e-05    -0.0025825773     0.0040906481
         64.21875            -22.4              300     0.0079718903    -0.0082817916   -0.00014807751   -5.9490747e-05    -0.0025780078     0.0040539079
          64.6875            -22.4              300     0.0079340832    -0.0082494793   -0.00014403602   -6.6994711e-05     -0.002573855     0.0040174192
         65.15625            -22.4              300     0.0078959176    -0.0082172211   -0.00014005668   -7.4358555e-05    -0.0025699867     0.0039813123
           65.625            -22.4              300     0.0078574792    -0.0081847887   -0.00013612292   -8.1476537e-05    -0.0025662703     0.0039456701
         66.09375            -22.4              300     0.0078183319    -0.0081529301   -0.00013194916   -8.8370027e-05    -0.0025628991     0.0039102426
          66.5625            -22.4              300     0.0077787051    -0.0081216097   -0.00012778833   -9.5323223e-05    -0.0025599536     0.0038749892
         67.03125            -22.4              300     0.0077396007    -0.0080898516   -0.00012403555   -0.00010232184     -0.002557429     0.0038400551
             67.5            -22.4              300     0.0077005811     -0.008058114   -0.00012063496   -0.00010946253    -0.0025551599     0.0038055265
         67.96875            -22.4              300     0.0076616462    -0.0080263931   -0.00011758604   -0.00011674504    -0.0025531454     0.0037714043
          68.4375            -22.4              300     0.0076227942    -0.0079946918   -0.00011488897   -0.00012416935    -0.0025513861     0.0037376881
         68.90625            -22.4              300      0.007584027    -0.0079630092   -0.00011254389   -0.00013173567    -0.0025498816     0.0037043779
           69.375            -22.4              300     0.0075450181    -0.0079317251   -0.00011015878   -0.00013907495    -0.0025484625     0.0036715036
         69.84375            -22.4              300     0.0075058565    -0.0079005528   -0.00010774594   -0.00014626863    -0.0025473582     0.0036388519
          70.3125            -22.4              300     0.0074667064    -0.0078692595   -0.00010548243   -0.00015349795    -0.0025466913     0.0036063641
         70.78125            -22.4              300     0.0074275676    -0.0078378459   -0.00010336775   -0.00016076271    -0.0025464627     0.0035740412
            71.25            -22.4              300      0.007388439    -0.0078063151   -0.00010140212   -0.00016806299    -0.0025466722     0.0035418821
         71.71875            -22.4              300     0.0073493221    -0.0077746627   -9.9585617e-05   -0.00017539885    -0.0025473195     0.0035098875
          72.1875            -22.4              300     0.0073102475     -0.007742858   -9.7947152e-05   -0.00018281995    -0.0025483908     0.0034780372
         72.65625            -22.4              300       0.00727145     -0.007710536   -9.6837015e-05   -0.00019074684    -0.0025498753     0.0034461152
           73.125            -22.4              300     0.0072327591    -0.0076780785   -9.5948337e-05   -0.00019859953    -0.0025518788     0.0034143638
         73.59375            -22.4              300     0.0071941428     -0.007645458   -9.5093972e-05   -0.00020634089    -0.0025543938     0.0033827089
          74.0625            -22.4              300     0.0071556009    -0.0076126764   -9.4276576e-05   -0.00021397418    -0.0025574216     0.0033511517
         74.53125            -22.4              300     0.0071171345    -0.0075797355    -9.349591e-05   -0.00022149933    -0.0025609606     0.0033196914
               75            -22.4              300     0.0070787417    -0.0075466326   -9.2751878e-05   -0.00022891625    -0.0025650118     0.0032883282
         75.46875            -22.4              300     0.0070404233    -0.0075133704   -9.2044589e-05   -0.00023622501    -0.0025695751     0.0032570621
          75.9375            -22.4              300     0.0070022652    -0.0074799359   -9.1330345e-05   -0.00024345514    -0.0025746438     0.0032257822
         76.40625            -22.4              300     0.0069644107    -0.0074462411   -9.0662361e-05   -0.00025075019    -0.0025803591     0.0031940301
           76.875            -22.4              300      0.006926666    -0.0074122753   -9.0208778e-05    -0.0002580946     -0.002586819     0.0031619058
         77.34375            -22.4              300     0.0068890322     -0.007378039   -8.9969384e-05   -0.00026548826    -0.0025940239     0.0031294106
          77.8125            -22.4              300     0.0068515097    -0.0073435316   -8.9944464e-05   -0.00027293141    -0.0026019742     0.0030965437
         78.28125            -22.4              300     0.0068140975    -0.0073087541    -9.013377e-05   -0.00028042376    -0.0026106688      0.003063305
            78.75            -22.4              300     0.0067767245    -0.0072736475   -9.0526635e-05   -0.00028795723    -0.0026200446      0.003029661
         79.21875            -22.4              300     0.0067391419    -0.0072385478   -9.0321591e-05   -0.00029494968     -0.002629949     0.0029956792
          79.6875            -22.4              300      0.006701747    -0.0072032963   -8.9443085e-05   -0.00030137951     -0.002640622     0.0029611154
         80.15625            -22.4              300     0.0066650999    -0.0071673146   -8.9668116e-05   -0.00030845485    -0.0026519774     0.0029261799
           80.625            -22.4              300     0.0066282228    -0.0071313409   -8.9656751e-05     -0.000315301    -0.0026640252     0.0028907603
         81.09375            -22.4              300     0.0065910714    -0.0070954203   -8.8961606e-05   -0.00032167695    -0.0026770153     0.0028545188
          81.5625            -22.4              300     0.0065538995    -0.0070593292    -8.822875e-05   -0.00032793087    -0.0026909015     0.0028175353
         82.03125            -22.4              300     0.0065167076    -0.0070230705   -8.7458029e-05   -0.00033406264    -0.0027056846     0.0027798098
             82.5            -22.4              300     0.0064794957    -0.0069866399   -8.6649554e-05   -0.00034007232    -0.0027213641     0.0027413424
         82.96875            -22.4              300     0.0064422628    -0.0069500413   -8.5803331e-05   -0.00034595991    -0.0027379405      0.002702133
          83.4375            -22.4              300     0.0064050872    -0.0069132675   -8.4762854e-05    -0.0003516399    -0.0027554526     0.0026621593
         83.90625            -22.4              300     0.0063679325    -0.0068763103    -8.360231e-05   -0.00035714579      -0.00277385     0.0026214605
           84.375            -22.4              300     0.0063307881    -0.0068391678   -8.2343657e-05   -0.00036248911    -0.0027931244     0.0025800413
         84.84375            -22.4              300     0.0062932363    -0.0068019154   -8.1506732e-05    -0.0003680168    -0.0028135846     0.0025378421
          85.3125            -22.4              300     0.0062557887    -0.0067643998   -8.0004305e-05   -0.00037299647    -0.0028349771     0.0024944001
         85.78125            -22.4              300     0.0062182299    -0.0067268321    -7.839522e-05   -0.00037783396    -0.0028574897     0.0024498878
            86.25            -22.4              300     0.0061804876    -0.0066892528   -7.6801851e-05    -0.0003826131    -0.0028811656     0.0024043329
         86.71875            -22.4              300     0.0061425623    -0.0066516623   -7.5224241e-05   -0.00038733397     -0.002906004     0.0023577351
          87.1875            -22.4              300     0.0061044386    -0.0066140676   -7.3665338e-05   -0.00039201527    -0.0029319916     0.0023101433
         87.65625            -22.4              300     0.0060660783     -0.006576417    -7.206895e-05   -0.00039667226    -0.0029591182     0.0022616673
           88.125            -22.4              300     0.0060275346    -0.0065386277   -7.0381953e-05   -0.00040121155    -0.0029874532      0.002212109
         88.59375            -22.4              300      0.005988807    -0.0065007028   -6.8604189e-05   -0.00040563301    -0.0030169976     0.0021614695
          89.0625            -22.4              300     0.0059498954    -0.0064626411   -6.6735687e-05   -0.00040993665    -0.0030477506     0.0021097478
         89.53125            -22.4              300     0.0059108003    -0.0064244419   -6.4776548e-05   -0.00041412262    -0.0030797122     0.0020569444
               90            -22.4              300     0.0058713653    -0.0063862018   -6.3117135e-05   -0.00041845883    -0.0031130889     0.0020030166
         90.46875            -22.4              300     0.0058314176    -0.0063480884   -6.1768289e-05   -0.00042302223    -0.0031479422     0.0019479711
          90.9375            -22.4              300     0.0057912041    -0.0063099177   -6.0169856e-05   -0.00042744176    -0.0031840033     0.0018918675
         91.40625            -22.4              300     0.0057508294    -0.0062715448   -5.8457386e-05   -0.00043179575    -0.0032215253     0.0018344804
           91.875            -22.4              300     0.0057101566     -0.006233091   -5.6873861e-05   -0.00043625801    -0.0032606933     0.0017757126
         92.34375            -22.4              300      0.005669184    -0.0061945543   -5.5419343e-05   -0.00044082839    -0.0033015064     0.0017155644
          92.8125            -22.4              300     0.0056279129     -0.006155936   -5.4093649e-05     -0.000445507    -0.0033439649     0.0016540354
         93.28125            -22.4              300     0.0055863424    -0.0061172359   -5.2897038e-05    -0.0004502938    -0.0033880689     0.0015911256
            93.75            -22.4              300     0.0055444743    -0.0060784542   -5.1829327e-05   -0.00045518877    -0.0034338189     0.0015268354
         94.21875            -22.4              300     0.0055023055    -0.0060395901   -5.0890605e-05   -0.00046019192    -0.0034812137     0.0014611647
          94.6875            -22.4              300     0.0054598381    -0.0060006473   -4.9912225e-05   -0.00046518259    -0.0035301608      0.001394173
         95.15625            -22.4              300     0.0054173395    -0.0059611113    -4.919781e-05   -0.00047037014    -0.0035808792     0.0013257907
           95.625            -22.4              300      0.005374785    -0.0059211282   -4.8967879e-05   -0.00047612001     -0.003633847      0.001255822
         96.09375            -22.4              300     0.0053318781    -0.0058811409    -4.896344e-05   -0.00048218863    -0.0036886293     0.0011845776
          96.5625            -22.4              300     0.0052883299    -0.0058417665   -4.8853792e-05   -0.00048826434    -0.0037452336     0.0011116301
         97.03125            -22.4              300     0.0052446546    -0.0058020577   -4.8753496e-05   -0.00049440062    -0.0038038723     0.0010368174
             97.5            -22.4              300     0.0052011777     -0.005761323    -4.885978e-05   -0.00050069264    -0.0038644371    0.00096032262
         97.96875            -22.4              300      0.005157392    -0.0057203583    -4.920896e-05   -0.00050725404    -0.0039271004    0.00088190753
          98.4375            -22.4              300     0.0051132967    -0.0056791618   -4.9801376e-05   -0.00051408494    -0.0039918604     0.0008015717
         98.90625            -22.4              300     0.0050688917    -0.0056377351   -5.0636783e-05   -0.00052118523    -0.0040587187    0.00071931543
           99.375            -22.4              300     0.0050241784    -0.0055960775    -5.171544e-05   -0.00052855496    -0.0041276752     0.0006351386
         99.84375            -22.4              300     0.0049791555    -0.0055541885   -5.3037187e-05   -0.00053619413    -0.0041987291    0.00054904132
         100.3125            -22.4              300     0.0049338238    -0.0055120694   -5.4602002e-05   -0.00054410275    -0.0042718807    0.00046102348
        100.78125            -22.4              300     0.0048881872    -0.0054696673    -5.640334e-05   -0.00055229146     -0.004347173    0.00037103522
           101.25            -22.4              300     0.0048423097    -0.0054265857    -5.830024e-05   -0.00056084222    -0.0044252016    0.00027848774
        101.71875            -22.4              300     0.0047960505    -0.0053836117   -6.0190789e-05   -0.00056941994    -0.0045058676    0.00018329135
         102.1875            -22.4              300     0.0047498075    -0.0053398064   -6.2200677e-05   -0.00057821488    -0.0045892419    8.5364518e-05
        102.65625            -22.4              300     0.0047035837      -0.00529517   -6.4330081e-05   -0.00058722717    -0.0046753259   -1.5292761e-05
          103.125            -22.4              300     0.0046573724     -0.005249708   -6.6586981e-05     -0.000596461    -0.0047640963   -0.00011864457
        103.59375            -22.4              300     0.0046108523    -0.0052036783   -6.9282833e-05    -0.0006061038    -0.0048548626   -0.00022367979
         104.0625            -22.4              300      0.004564119    -0.0051569184   -7.2053597e-05   -0.00061599142    -0.0049487967   -0.00033232971
        104.53125            -22.4              300      0.004517172    -0.0051094284   -7.4899363e-05   -0.00062612357    -0.0050459001   -0.00044459463
              105            -22.4              300          0.00447    -0.0050612907   -7.7812489e-05   -0.00063651934    -0.0051466292   -0.00056086393
