           x [mm]           y [mm]           z [mm]       ExRe [V/m]       ExIm [V/m]       EyRe [V/m]       EyIm [V/m]       EzRe [V/m]       EzIm [V/m]
---------------------------------------------------------------------------------------------------------------------------------------------------------
             -105            -22.4              300      0.013035011     -0.019193729    0.00061876915      -0.02245605      -0.03663376     -0.048989706
       -104.53125            -22.4              300      0.013171714     -0.019569762    0.00057337625     -0.023012104     -0.039124172     -0.050770532
        -104.0625            -22.4              300      0.013306031     -0.019952307    0.00052795262     -0.023585275      -0.04167163     -0.052592706
       -103.59375            -22.4              300      0.013430512     -0.020346735    0.00048574805       -0.0241719     -0.044273559      -0.05445461
         -103.125            -22.4              300      0.013545159     -0.020753041    0.00044676423     -0.024771973     -0.046929952     -0.056356244
       -102.65625            -22.4              300       0.01364997     -0.021171223     0.0004110008     -0.025385497     -0.049640812     -0.058297601
        -102.1875            -22.4              300      0.013745056     -0.021600526    0.00038289808     -0.026008992     -0.052405652     -0.060277916
       -101.71875            -22.4              300      0.013827462     -0.022044731    0.00036334724     -0.026640898      -0.05524718     -0.062317077
          -101.25            -22.4              300       0.01392039     -0.022485722    0.00033819125      -0.02729718     -0.058155328     -0.064402685
       -100.78125            -22.4              300      0.014022407     -0.022924569    0.00030883981     -0.027976241      -0.06112859     -0.066534951
        -100.3125            -22.4              300      0.014133221     -0.023361536    0.00027550053     -0.028677829      -0.06416668     -0.068713889
        -99.84375            -22.4              300      0.014253845     -0.023796089    0.00023816025     -0.029401908     -0.067269996      -0.07094004
          -99.375            -22.4              300      0.014380268     -0.024233844    0.00020295339     -0.030142967     -0.070451066     -0.073225237
        -98.90625            -22.4              300      0.014490616     -0.024689237    0.00017529674     -0.030897122     -0.073713206     -0.075569361
         -98.4375            -22.4              300      0.014584892     -0.025162268     0.0001551928     -0.031664379     -0.077056423     -0.077972434
        -97.96875            -22.4              300        0.0146631     -0.025652941    0.00014264148     -0.032444727      -0.08048071     -0.080434442
            -97.5            -22.4              300      0.014725234     -0.026161252     0.0001376383      -0.03323818     -0.083986074     -0.082955375
        -97.03125            -22.4              300      0.014764298     -0.026691962    0.00014568842     -0.034041107     -0.087579392     -0.085537359
         -96.5625            -22.4              300      0.014806331     -0.027228478    0.00015381502     -0.034869891      -0.09127821     -0.088191383
        -96.09375            -22.4              300      0.014861825     -0.027763957     0.0001556424     -0.035730682     -0.095082954     -0.090918973
          -95.625            -22.4              300      0.014930771     -0.028298391    0.00015116271     -0.036623474     -0.098993599     -0.093720153
        -95.15625            -22.4              300      0.015016478     -0.028833242    0.00013586802     -0.037550487      -0.10301533     -0.096599028
         -94.6875            -22.4              300      0.015106574     -0.029371217    0.00011525043     -0.038508728      -0.10714535     -0.099554516
        -94.21875            -22.4              300      0.015171704     -0.029930044    0.00010026227     -0.039492268      -0.11138417      -0.10258323
           -93.75            -22.4              300      0.015217696      -0.03051357    8.7298431e-05      -0.04049971      -0.11573373      -0.10568811
        -93.28125            -22.4              300      0.015248679     -0.031116858    7.6985016e-05     -0.041529763      -0.12019415      -0.10886953
         -92.8125            -22.4              300      0.015264647     -0.031739905     6.932432e-05      -0.04258243       -0.1247654       -0.1121275
        -92.34375            -22.4              300      0.015265604     -0.032382712    6.4319276e-05     -0.043657701      -0.12944749      -0.11546198
          -91.875            -22.4              300      0.015298689     -0.033009987    5.6433026e-05     -0.044765707      -0.13425161      -0.11888052
        -91.40625            -22.4              300      0.015353486     -0.033630639    4.7522131e-05     -0.045912165      -0.13920859      -0.12240148
         -90.9375            -22.4              300      0.015380191     -0.034282316    4.3650623e-05     -0.047089029      -0.14431766      -0.12602356
        -90.46875            -22.4              300      0.015378806      -0.03496502    4.4815009e-05     -0.048296291      -0.14957875      -0.12974675
              -90            -22.4              300      0.015348953     -0.035679106     5.159904e-05     -0.049532551      -0.15499507      -0.13357334
        -89.53125            -22.4              300      0.015314669     -0.036407795    6.0035789e-05     -0.050794724      -0.16059089      -0.13752201
         -89.0625            -22.4              300      0.015301108     -0.037132125     5.826808e-05     -0.052101173      -0.16633923      -0.14157408
        -88.59375            -22.4              300      0.015308267     -0.037852101    4.6288362e-05     -0.053451914      -0.17224009      -0.14572956
          -88.125            -22.4              300      0.015336147     -0.038567726    2.4112873e-05     -0.054846928      -0.17829348      -0.14998843
        -87.65625            -22.4              300      0.015322266     -0.039312184    1.3603829e-05     -0.056295376      -0.18447632      -0.15431853
         -87.1875            -22.4              300       0.01534885     -0.040042255    -6.017508e-06     -0.057777174      -0.19084159      -0.15878212
        -86.71875            -22.4              300      0.015346281     -0.040804863   -2.2127293e-05     -0.059300724       -0.1974068      -0.16338179
           -86.25            -22.4              300      0.015311815     -0.041601557    -3.426848e-05     -0.060866542      -0.20417139      -0.16811647
        -85.78125            -22.4              300      0.015245453     -0.042432338   -4.2470172e-05     -0.062474634      -0.21113524      -0.17298612
         -85.3125            -22.4              300       0.01514719     -0.043297198   -4.6712812e-05     -0.064124994      -0.21829842      -0.17799073
        -84.84375            -22.4              300      0.015017032     -0.044196155   -4.6998321e-05     -0.065817632      -0.22566094      -0.18313037
          -84.375            -22.4              300      0.014936859     -0.045073282   -4.7134585e-05     -0.067554235      -0.23329306      -0.18845172
        -83.90625            -22.4              300      0.014894787      -0.04593474   -5.7171565e-05      -0.06934908      -0.24113962      -0.19392106
         -83.4375            -22.4              300      0.014886599     -0.046783321   -7.7326316e-05     -0.071202606      -0.24919516      -0.19953489
        -82.96875            -22.4              300      0.014911992     -0.047619227   -0.00010752818      -0.07311482       -0.2574597      -0.20529321
            -82.5            -22.4              300      0.014799403     -0.048553668   -0.00010661269     -0.075071394       -0.2659446      -0.21119165
        -82.03125            -22.4              300      0.014659137     -0.049521014   -0.00013447274     -0.077102527      -0.27464789      -0.21722852
         -81.5625            -22.4              300      0.014528869     -0.050499003   -0.00018000486     -0.079206795      -0.28362176       -0.2234537
        -81.09375            -22.4              300      0.014439283     -0.051462129   -0.00023135156     -0.081379548      -0.29287976      -0.22988284
          -80.625            -22.4              300      0.014436804     -0.052372456   -0.00027245842     -0.083603106      -0.30241081      -0.23652029
        -80.15625            -22.4              300      0.014393738     -0.053321421   -0.00030177971     -0.085879646      -0.31221721       -0.2433486
         -79.6875            -22.4              300      0.014310084     -0.054309029   -0.00031931186      -0.08820916      -0.32229894      -0.25036779
        -79.21875            -22.4              300      0.014185843     -0.055335276   -0.00032506417     -0.090591677      -0.33265603      -0.25757787
           -78.75            -22.4              300      0.014021012     -0.056400165   -0.00031902548     -0.093027167      -0.34328848      -0.26497883
        -78.28125            -22.4              300      0.013815597     -0.057503693   -0.00030120439     -0.095515646      -0.35419622      -0.27257064
         -77.8125            -22.4              300      0.013576618     -0.058628708    -0.0002541146     -0.098049864      -0.36542848      -0.28038314
        -77.34375            -22.4              300      0.013371363     -0.059731126   -0.00020401581       -0.1006693      -0.37700221      -0.28843081
          -76.875            -22.4              300      0.013208622     -0.060808763   -0.00016004796      -0.10338233       -0.3889063       -0.2967076
        -76.40625            -22.4              300      0.013088404     -0.061861597   -0.00012222352      -0.10618898      -0.40114081      -0.30521351
         -75.9375            -22.4              300      0.013010701     -0.062889636   -9.0536661e-05      -0.10908923      -0.41370559      -0.31394848
        -75.46875            -22.4              300       0.01300802     -0.063887045   -6.9379465e-05      -0.11208588       -0.4266527      -0.32296616
              -75            -22.4              300      0.012941774     -0.064934909   -2.9414135e-05      -0.11514989      -0.43996298      -0.33223465
        -74.53125            -22.4              300      0.012794985     -0.066048414    2.4990819e-05      -0.11828508       -0.4536452      -0.34175715
         -74.0625            -22.4              300      0.012567647     -0.067227565    9.3837793e-05       -0.1214915      -0.46769929      -0.35153374
        -73.59375            -22.4              300       0.01225976     -0.068472333    0.00017712917      -0.12476908      -0.48212522      -0.36156422
          -73.125            -22.4              300      0.011882018     -0.069776587    0.00025596423      -0.12813735      -0.49692518      -0.37184179
        -72.65625            -22.4              300      0.011510201      -0.07108923    0.00024236357       -0.1316835      -0.51209402      -0.38232344
         -72.1875            -22.4              300      0.011062049      -0.07245779    0.00033461209      -0.13522881      -0.52766049      -0.39312717
        -71.71875            -22.4              300      0.010646615      -0.07379891    0.00042616716      -0.13889587      -0.54370052      -0.40424263
           -71.25            -22.4              300      0.010263903     -0.075112574     0.0005170228      -0.14268465      -0.56021392      -0.41566977
        -70.78125            -22.4              300     0.0099138971     -0.076398805    0.00060719438      -0.14659517      -0.57720095      -0.42740867
         -70.3125            -22.4              300     0.0095966198     -0.077657565    0.00069666188      -0.15062742      -0.59466141      -0.43945923
        -69.84375            -22.4              300     0.0093120448     -0.078888893    0.00078544719       -0.1547814       -0.6125955      -0.45182157
          -69.375            -22.4              300     0.0090760803     -0.080090947    0.00086947548      -0.15905616      -0.63101041       -0.4645077
        -68.90625            -22.4              300     0.0087885819      -0.08132901    0.00096860941      -0.16344175      -0.64994234      -0.47753012
         -68.4375            -22.4              300     0.0082208309     -0.082775101     0.0010440419      -0.16795142      -0.66943902      -0.49090618
        -67.96875            -22.4              300     0.0075333752        -0.084307     0.0011286791      -0.17256451      -0.68942112      -0.50459737
            -67.5            -22.4              300     0.0069569275     -0.085669927     0.0012377559        -0.177341      -0.70990199      -0.51857275
        -67.03125            -22.4              300     0.0065915631     -0.086911969     0.0013764687      -0.18222508      -0.73085809      -0.53286713
         -66.5625            -22.4              300     0.0060988115     -0.088295393     0.0014971574      -0.18722624      -0.75236154      -0.54751873
        -66.09375            -22.4              300     0.0054937773     -0.089738749      0.001596281      -0.19239959      -0.77446777      -0.56252027
          -65.625            -22.4              300     0.0047545978     -0.091301948      0.001577954      -0.19779058      -0.79704559      -0.57776874
        -65.15625            -22.4              300     0.0038094234     -0.092939027     0.0016252202      -0.20330441      -0.82039833      -0.59350955
         -64.6875            -22.4              300      0.002911804     -0.094517894     0.0016444463      -0.20901747      -0.84433544      -0.60959524
        -64.21875            -22.4              300     0.0020986276     -0.096016161     0.0016200006      -0.21494566      -0.86881602      -0.62600255
           -63.75            -22.4              300     0.0013172602      -0.09746974     0.0015746548      -0.22105134      -0.89386028      -0.64275485
        -63.28125            -22.4              300    0.00056770782     -0.098878607     0.0015083945      -0.22733447      -0.91946816      -0.65985197
         -62.8125            -22.4              300   -0.00015003886      -0.10024279     0.0014212389      -0.23379503      -0.94563973      -0.67729396
        -62.34375            -22.4              300   -0.00083025265      -0.10156172     0.0013193497      -0.24043317      -0.97240627      -0.69509119
          -61.875            -22.4              300    -0.0015534312      -0.10288469     0.0012052022        -0.247284       -0.9999094      -0.71329266
        -61.40625            -22.4              300    -0.0023928266      -0.10424399     0.0010539098       -0.2543681       -1.0281004       -0.7318849
         -60.9375            -22.4              300    -0.0033483924      -0.10563956    0.00086544594      -0.26168549       -1.0569791      -0.75086749
        -60.46875            -22.4              300    -0.0044201519      -0.10707142    0.00063983072      -0.26923618       -1.0865453      -0.77024066
              -60            -22.4              300    -0.0056081228      -0.10853958    0.00037706364      -0.27702007       -1.1167995      -0.79000443
        -59.53125            -22.4              300    -0.0069122957      -0.11004405    7.7145174e-05      -0.28503731       -1.1477413      -0.81015861
         -59.0625            -22.4              300    -0.0083326325      -0.11158477   -0.00025994331      -0.29328775       -1.1793706      -0.83070326
        -58.59375            -22.4              300    -0.0093875118      -0.11270971   -0.00068988441      -0.30183473       -1.2113515      -0.85146511
          -58.125            -22.4              300      -0.01070099      -0.11406913     -0.001114795      -0.31064647       -1.2445402      -0.87290359
        -57.65625            -22.4              300     -0.011895042      -0.11531541    -0.0015886468      -0.31978124       -1.2786337       -0.8948766
         -57.1875            -22.4              300      -0.01288271      -0.11636291    -0.0021229086      -0.32924318         -1.31353       -0.9173314
        -56.71875            -22.4              300     -0.013728175      -0.11718203    -0.0026812702      -0.33902276       -1.3490888      -0.94020754
           -56.25            -22.4              300     -0.014634186      -0.11798957    -0.0032624276      -0.34907314       -1.3852856       -0.9634521
        -55.78125            -22.4              300     -0.015684232      -0.11875877    -0.0039068083       -0.3594344       -1.4220955       -0.9870708
         -55.3125            -22.4              300     -0.016862132      -0.11950074     -0.004602083      -0.37009877        -1.459578       -1.0110993
        -54.84375            -22.4              300     -0.018161329       -0.1202174    -0.0053405669      -0.38106301       -1.4977503       -1.0355482
          -54.375            -22.4              300     -0.019581862      -0.12090875    -0.0061222427      -0.39232701       -1.5366124       -1.0604171
        -53.90625            -22.4              300     -0.021414725      -0.12168759    -0.0070398077       -0.4038707       -1.5758761       -1.0854599
         -53.4375            -22.4              300     -0.022820614      -0.12204719    -0.0081376415      -0.41606757       -1.6162975       -1.1113198
        -52.96875            -22.4              300     -0.023942173      -0.12206798    -0.0092781056      -0.42868882       -1.6575395       -1.1377538
            -52.5            -22.4              300     -0.024805056      -0.12176584     -0.010447023      -0.44171029       -1.6995605        -1.164731
        -52.03125            -22.4              300     -0.025409304      -0.12114079       -0.0116444      -0.45513219       -1.7423608       -1.1922508
         -51.5625            -22.4              300     -0.025760936      -0.12016366     -0.012750931      -0.46890542       -1.7860606       -1.2204273
        -51.09375            -22.4              300      -0.02631332       -0.1190661      -0.01385794      -0.48301345       -1.8303066       -1.2489904
          -50.625            -22.4              300     -0.027104419      -0.11787125     -0.014987092      -0.49746054       -1.8750551       -1.2779043
        -50.15625            -22.4              300      -0.02813427       -0.1165792     -0.016138375      -0.51224667        -1.920306       -1.3071687
         -49.6875            -22.4              300     -0.029402776      -0.11518984     -0.017311811      -0.52737182       -1.9660589       -1.3367839
        -49.21875            -22.4              300     -0.031026563      -0.11375687     -0.018486653      -0.54278642       -2.0122201        -1.366649
           -48.75            -22.4              300     -0.033387356      -0.11230026     -0.019498965      -0.55836797       -2.0583658       -1.3963399
        -48.28125            -22.4              300     -0.035277385      -0.11014089     -0.020487357      -0.57466269       -2.1053863       -1.4268223
         -47.8125            -22.4              300     -0.035560921      -0.10644156     -0.021822467      -0.59211498       -2.1532772       -1.4583421
        -47.34375            -22.4              300      -0.03542047       -0.1019815     -0.023163471       -0.6098749       -2.2012675       -1.4900775
          -46.875            -22.4              300     -0.035021663     -0.096876949     -0.024459157      -0.62785351         -2.24931       -1.5219573
        -46.40625            -22.4              300     -0.034769077     -0.091536984     -0.025869004      -0.64602858       -2.2977049       -1.5542378
         -45.9375            -22.4              300     -0.034813598     -0.085827544     -0.027105182      -0.66455173       -2.3463686       -1.5867937
        -45.46875            -22.4              300     -0.035272043     -0.079835922     -0.028154138      -0.68346453       -2.3953931       -1.6196538
              -45            -22.4              300     -0.036291692     -0.073731914     -0.029133877      -0.70288014        -2.444906       -1.6528842
        -44.53125            -22.4              300     -0.037496105     -0.067226604     -0.030107915      -0.72273153       -2.4945989       -1.6863687
         -44.0625            -22.4              300     -0.038658045     -0.060117226     -0.031105476      -0.74297249        -2.544359       -1.7199781
        -43.59375            -22.4              300     -0.039421216     -0.051817283     -0.032085106      -0.76348495       -2.5934739       -1.7533391
          -43.125            -22.4              300     -0.039781351     -0.042307544     -0.033042345      -0.78426552       -2.6419108       -1.7864397
        -42.65625            -22.4              300     -0.039738458     -0.031587988     -0.033977192        -0.805314       -2.6896696       -1.8192791
         -42.1875            -22.4              300      -0.03929247     -0.019658603      -0.03488965      -0.82663065       -2.7367506        -1.851858
        -41.71875            -22.4              300     -0.038431201    -0.0064264107     -0.035774268      -0.84825438       -2.7830961       -1.8841677
           -41.25            -22.4              300     -0.037422739     0.0082864501      -0.03660769       -0.8704893       -2.8286767        -1.916347
        -40.78125            -22.4              300     -0.037882883      0.022510974     -0.037165422      -0.89235133       -2.8740385       -1.9481103
         -40.3125            -22.4              300     -0.038678601      0.037342709     -0.037683263      -0.91420776       -2.9184616       -1.9793299
        -39.84375            -22.4              300     -0.039809905      0.052781641     -0.038161218      -0.93605858       -2.9619448       -2.0100052
          -39.375            -22.4              300     -0.038427919      0.071385518     -0.038668536       -0.9569872       -3.0013933       -2.0382504
        -38.90625            -22.4              300     -0.037922904      0.091165148     -0.038909517       -0.9791379       -3.0416901       -2.0673451
         -38.4375            -22.4              300     -0.037772454       0.11197238     -0.039066304       -1.0009342       -3.0801494       -2.0952587
        -37.96875            -22.4              300     -0.037792686       0.13392609     -0.039164938       -1.0221756       -3.1163051        -2.121664
            -37.5            -22.4              300     -0.037983611       0.15702623     -0.039205424       -1.0428619       -3.1501575       -2.1465602
        -37.03125            -22.4              300     -0.038345091       0.18127283     -0.039187767       -1.0629933       -3.1817074       -2.1699481
         -36.5625            -22.4              300     -0.038877189       0.20666602     -0.039111961       -1.0825696       -3.2109537       -2.1918268
        -36.09375            -22.4              300     -0.039580084       0.23320548     -0.038977992        -1.101591       -3.2378974       -2.2121978
          -35.625            -22.4              300     -0.039776392       0.26143733     -0.038909644       -1.1207955       -3.2639179       -2.2317452
        -35.15625            -22.4              300     -0.039258309       0.29152101     -0.038810525       -1.1398733       -3.2883019        -2.250277
         -34.6875            -22.4              300     -0.038095459       0.32339966     -0.038655393       -1.1586981        -3.310801       -2.2676837
        -34.21875            -22.4              300     -0.041067645       0.35395473      -0.03799668       -1.1727006       -3.3237665       -2.2783461
           -33.75            -22.4              300     -0.043718085       0.38764209      -0.03722826       -1.1845335       -3.3305082       -2.2845061
        -33.28125            -22.4              300     -0.041862849       0.42611063     -0.036535852       -1.1978902       -3.3363459       -2.2906353
         -32.8125            -22.4              300     -0.041027673       0.46474412     -0.035729408       -1.2099514       -3.3390062       -2.2946644
        -32.34375            -22.4              300     -0.040617708       0.50412112     -0.034851521       -1.2201791        -3.337642       -2.2959039
          -31.875            -22.4              300     -0.040632922       0.54424179     -0.033902202       -1.2285731       -3.3322525       -2.2943537
        -31.40625            -22.4              300     -0.041073326       0.58510602     -0.032881439       -1.2351333       -3.3228381       -2.2900133
         -30.9375            -22.4              300     -0.041938938       0.62671381     -0.031789239       -1.2398599       -3.3093989       -2.2828834
        -30.46875            -22.4              300     -0.043837376       0.66792554     -0.030550878       -1.2426008       -3.2918036       -2.2728291
              -30            -22.4              300     -0.046443019       0.70953238     -0.029440416       -1.2419775       -3.2674658       -2.2573736
        -29.53125            -22.4              300     -0.048087347        0.7530607     -0.028431613       -1.2384766       -3.2362978       -2.2371032
         -29.0625            -22.4              300     -0.048409626       0.79933345     -0.027349047       -1.2326744       -3.1985316       -2.2122331
        -28.59375            -22.4              300     -0.048808917       0.84600699     -0.026181793        -1.224725       -3.1563454       -2.1842346
          -28.125            -22.4              300     -0.049400784       0.89287078     -0.024942983       -1.2145928       -3.1098573       -2.1531823
        -27.65625            -22.4              300     -0.050185166        0.9399246      -0.02363262       -1.2022775        -3.059067       -2.1190755
         -27.1875            -22.4              300     -0.051162038       0.98716861     -0.022250703       -1.1877793       -3.0039747       -2.0819151
        -26.71875            -22.4              300     -0.052331422        1.0346026     -0.020797234       -1.1710982       -2.9445806       -2.0417008
           -26.25            -22.4              300     -0.054836743        1.0813739      -0.01957679         -1.15097       -2.8779581       -1.9962323
        -25.78125            -22.4              300     -0.056811653        1.1280327     -0.018391816        -1.128615       -2.8066676       -1.9475338
         -25.3125            -22.4              300     -0.058227077        1.1745924     -0.017237375       -1.1040571       -2.7307618       -1.8956469
        -24.84375            -22.4              300     -0.058690429        1.2209136     -0.015991006       -1.0771224       -2.6508722       -1.8411827
          -24.375            -22.4              300     -0.059266225        1.2657936     -0.014931009        -1.046935       -2.5646441       -1.7821026
        -23.90625            -22.4              300     -0.060006641        1.3091955     -0.014071793       -1.0134712       -2.4719713       -1.7183129
         -23.4375            -22.4              300     -0.060911868          1.35112     -0.013413351      -0.97673112       -2.3728542       -1.6498135
        -22.96875            -22.4              300     -0.061570112        1.3920424     -0.012859645      -0.93674332       -2.2675838        -1.576867
            -22.5            -22.4              300     -0.060693327        1.4334317     -0.011935035      -0.89458019       -2.1593597        -1.502005
        -22.03125            -22.4              300     -0.059264302        1.4739631     -0.010562177      -0.85065776       -2.0487936       -1.4252313
         -21.5625            -22.4              300     -0.058193099        1.5122392    -0.0092016188      -0.80474925       -1.9340308        -1.345515
        -21.09375            -22.4              300     -0.057811402        1.5478683    -0.0080061248      -0.75685269       -1.8147315       -1.2627046
          -20.625            -22.4              300     -0.058119819        1.5808504    -0.0069756745      -0.70696771       -1.6908962       -1.1767997
        -20.15625            -22.4              300     -0.059117608        1.6111854    -0.0061102849       -0.6550945       -1.5625243       -1.0878005
         -19.6875            -22.4              300     -0.060805392        1.6388732    -0.0054099467      -0.60123307       -1.4296159      -0.99570692
        -19.21875            -22.4              300     -0.063520767        1.6636578     -0.004690418       -0.5455057       -1.2930373       -0.9009552
           -18.75            -22.4              300     -0.066657692        1.6851323    -0.0040331753      -0.48882568       -1.1550452      -0.80505246
        -18.28125            -22.4              300     -0.069951966        1.7027775    -0.0035143381      -0.43114027       -1.0159971      -0.70821774
         -17.8125            -22.4              300     -0.072192766        1.7182155    -0.0030728835      -0.37203464      -0.87480927      -0.60985285
        -17.34375            -22.4              300     -0.073380046        1.7314461    -0.0027088146      -0.31150892      -0.73148227      -0.50995767
          -16.875            -22.4              300     -0.072010599         1.745775    -0.0022836367      -0.24959269      -0.58526731      -0.40816498
        -16.40625            -22.4              300     -0.070242666         1.758533    -0.0017937516      -0.18732327      -0.43857381      -0.30603546
         -15.9375            -22.4              300     -0.069016986        1.7680391    -0.0012880546      -0.12488351      -0.29211962       -0.2039918
        -15.46875            -22.4              300     -0.068171628         1.774415   -0.00077524554     -0.062456295      -0.14641373      -0.10243386
              -15            -22.4              300     -0.066873014        1.7773781   -0.00026522379   -0.00072726206     -0.002591382    -0.0023234538
        -14.53125            -22.4              300     -0.067089409        1.7748668    0.00023868543      0.062079787       0.14522974        0.1003048
         -14.0625            -22.4              300     -0.066660881        1.7702488    0.00075084873       0.12475131       0.29271555       0.20281523
        -13.59375            -22.4              300     -0.065587454        1.7635242     0.0012712673       0.18728732       0.43986613       0.30520788
          -13.125            -22.4              300     -0.063869223        1.7546927      0.001799939       0.24968782       0.58668137       0.40748268
        -12.65625            -22.4              300     -0.064746127        1.7412781     0.0025750429       0.31059432       0.73198676       0.50830376
         -12.1875            -22.4              300     -0.071593739        1.7193993     0.0037671598       0.36893082       0.87356097       0.60587031
        -11.71875            -22.4              300     -0.072245046        1.6986327     0.0042045023       0.42898914        1.0154625       0.70487869
           -11.25            -22.4              300     -0.072131157        1.6762081     0.0046328316       0.48787922        1.1551113       0.80239725
        -10.78125            -22.4              300     -0.072116598        1.6514813     0.0051542604       0.54527402        1.2921505       0.89803851
         -10.3125            -22.4              300     -0.072201297        1.6244524     0.0057687876       0.60117364        1.4265802       0.99180245
         -9.84375            -22.4              300     -0.072385505        1.5951216     0.0064764097        0.6555779        1.5583997         1.083689
           -9.375            -22.4              300     -0.072668925        1.5634886     0.0072771329       0.70848697        1.6876098        1.1736984
         -8.90625            -22.4              300     -0.070739269        1.5325269     0.0081047555       0.75930822        1.8128086        1.2608864
          -8.4375            -22.4              300     -0.065984622        1.5029174     0.0090459697       0.80750936        1.9330986        1.3445319
         -7.96875            -22.4              300     -0.060636818        1.4717551      0.010200365       0.85353357        2.0496511        1.4253836
             -7.5            -22.4              300     -0.056663603        1.4371582       0.01130116       0.89625597        2.1612628        1.5021954
         -7.03125            -22.4              300     -0.056470476         1.394928      0.012141659       0.93778384        2.2704179        1.5776134
          -6.5625            -22.4              300     -0.056313869        1.3519565      0.013078501       0.97647506        2.3738694        1.6490595
         -6.09375            -22.4              300     -0.056193531        1.3082442      0.014111686        1.0123301        2.4716179        1.7165343
           -5.625            -22.4              300     -0.056109637        1.2637905      0.015241217        1.0453485        2.5636621        1.7800369
         -5.15625            -22.4              300     -0.055816308        1.2188113      0.016438842        1.0756394        2.6501594        1.8396863
          -4.6875            -22.4              300     -0.054175198        1.1744113      0.017559176        1.1037471        2.7320671        1.8961366
         -4.21875            -22.4              300     -0.052420709        1.1295844       0.01873306        1.1291542        2.8087664        1.9488766
            -3.75            -22.4              300     -0.050552934         1.084331      0.019960482        1.1518608        2.8802567        1.9979059
         -3.28125            -22.4              300     -0.048571758        1.0386511      0.021241456        1.1718669         2.946538        2.0432248
          -2.8125            -22.4              300     -0.047285348       0.99144596      0.022694686        1.1894652        3.0081193        2.0851991
         -2.34375            -22.4              300      -0.04647119        0.9428184      0.024301928        1.2047822        3.0651493        2.1239524
           -1.875            -22.4              300     -0.046121839       0.89381278      0.026151571         1.217168         3.115551        2.1579585
         -1.40625            -22.4              300     -0.046181846       0.84568989      0.028058274        1.2267419        3.1598079        2.1875029
          -0.9375            -22.4              300     -0.043009702       0.80185479      0.029354112        1.2342632        3.2010055        2.2151189
         -0.46875            -22.4              300      -0.04276609       0.75556684      0.030974841        1.2379827        3.2356312        2.2374156
                0            -22.4              300     -0.042467888       0.71038431      0.032465033        1.2398494        3.2653682        2.2562714
          0.46875            -22.4              300     -0.042115033       0.66630703       0.03382469        1.2398626        3.2902155        2.2716863
           0.9375            -22.4              300     -0.041707452       0.62333512      0.035053827        1.2380228        3.3101735        2.2836604
          1.40625            -22.4              300     -0.041245375       0.58146834      0.036152408        1.2343295         3.325242        2.2921934
            1.875            -22.4              300     -0.040607832       0.54081649      0.037070278        1.2288209        3.3354959        2.2973702
          2.34375            -22.4              300     -0.039821483        0.5013153      0.037811689        1.2214186        3.3408494        2.2991314
           2.8125            -22.4              300     -0.039029099       0.46282175       0.03843322        1.2120535        3.3411891        2.2973642
          3.28125            -22.4              300     -0.038230538       0.42533585       0.03893489        1.2007252        3.3365159         2.292068
             3.75            -22.4              300     -0.037412323       0.38888782      0.039513588        1.1879704        3.3281929        2.2842577
          4.21875            -22.4              300     -0.036308572        0.3560538      0.039908275        1.1736807        3.3175008        2.2747898
           4.6875            -22.4              300     -0.035370559       0.32475367       0.04004496        1.1579769        3.3029149        2.2626095
          5.15625            -22.4              300     -0.034692824       0.29448187      0.040151753        1.1414621        3.2854967        2.2485273
            5.625            -22.4              300     -0.034275301       0.26523834      0.040228661        1.1241364        3.2652469        2.2325437
          6.09375            -22.4              300     -0.034117967       0.23702314      0.040275674        1.1059999        3.2421649        2.2146585
           6.5625            -22.4              300      -0.03422083        0.2098363      0.040292814        1.0870525        3.2162514        2.1948719
          7.03125            -22.4              300     -0.034583956       0.18367773      0.040280052        1.0672941        3.1875057        2.1731839
              7.5            -22.4              300     -0.035207264       0.15854749      0.040237404        1.0467249        3.1559279        2.1495943
          7.96875            -22.4              300     -0.036090821       0.13444552      0.040164866        1.0253446        3.1215181        2.1241026
           8.4375            -22.4              300     -0.037234522       0.11137194      0.040062446        1.0031536        3.0842769          2.09671
          8.90625            -22.4              300     -0.038638476      0.089326635      0.039930139       0.98015141        3.0442033        2.0674155
            9.375            -22.4              300     -0.040106073      0.068285942      0.039530277       0.95601797        3.0012863        2.0362563
          9.84375            -22.4              300     -0.039033186      0.050186716      0.038949467       0.93451327         2.961812        2.0081873
          10.3125            -22.4              300     -0.037646029      0.034225918      0.038049266       0.91331071        2.9208407        1.9795945
         10.78125            -22.4              300     -0.035996843      0.020118942      0.037095733       0.89274114         2.879004        1.9507251
            11.25            -22.4              300     -0.037253473     0.0057105133      0.036466397       0.87015843        2.8311722         1.917176
         11.71875            -22.4              300     -0.037831597    -0.0074731447       0.03574492        0.8479901        2.7832687        1.8838321
          12.1875            -22.4              300     -0.037730914     -0.019431915      0.034931358       0.82623625        2.7352934        1.8506931
         12.65625            -22.4              300     -0.036901664       -0.0301635      0.034028362       0.80497146        2.6875308        1.8179027
           13.125            -22.4              300     -0.035877936     -0.040083416        0.0331004       0.78412706        2.6399908        1.7853251
         13.59375            -22.4              300     -0.035053484     -0.049406122      0.032173071       0.76348019        2.5919597        1.7525285
          14.0625            -22.4              300     -0.034428265     -0.058131583      0.031246383       0.74303079        2.5434377        1.7195132
         14.53125            -22.4              300     -0.034002226     -0.066259749      0.030320328       0.72277898        2.4944241        1.6862789
               15            -22.4              300     -0.034207188     -0.074135318      0.029301081       0.70282859        2.4454439        1.6531519
         15.46875            -22.4              300     -0.035386652     -0.081918098      0.028104719        0.6835323        2.3971143        1.6206036
          15.9375            -22.4              300     -0.035145555     -0.087771058      0.026850153       0.66446543        2.3478446        1.5876201
         16.40625            -22.4              300     -0.034764241     -0.093097895      0.025610369       0.64582634        2.2988868        1.5549749
           16.875            -22.4              300     -0.034242809      -0.09789864      0.024385333       0.62761509        2.2502403        1.5226675
         17.34375            -22.4              300     -0.033581197      -0.10217324       0.02317507       0.60983145        2.2019048        1.4906983
          17.8125            -22.4              300     -0.032779396      -0.10592173      0.021979574       0.59247559        2.1538811        1.4590673
         18.28125            -22.4              300     -0.031837448      -0.10914409      0.020798838       0.57554746        2.1061683        1.4277742
            18.75            -22.4              300     -0.030755328      -0.11184034      0.019632874        0.5590471        2.0587671        1.3968195
         19.21875            -22.4              300     -0.029727213      -0.11420956      0.018482447        0.5429486        2.0117266         1.366196
          19.6875            -22.4              300     -0.029314902      -0.11682077      0.017350143       0.52721095        1.9653047        1.3359638
         20.15625            -22.4              300     -0.027897574      -0.11815276      0.016057676       0.51188391        1.9194299        1.3063314
           20.625            -22.4              300     -0.027151216      -0.11972829      0.014829239       0.49675694        1.8739524        1.2769229
         21.09375            -22.4              300     -0.026444282      -0.12116884       0.01362604       0.48215291        1.8295066         1.248204
          21.5625            -22.4              300     -0.025621623      -0.12229159      0.012464385       0.46799126        1.7857379         1.219964
         22.03125            -22.4              300     -0.024683297      -0.12309662      0.011344258       0.45427215         1.742646        1.1922036
             22.5            -22.4              300     -0.023629228      -0.12358385      0.010265685       0.44099557         1.700231        1.1649227
         22.96875            -22.4              300     -0.022459475      -0.12375334     0.0092286412       0.42816141        1.6584927         1.138121
          23.4375            -22.4              300     -0.021173993      -0.12360503     0.0082331505       0.41576985        1.6174314        1.1117986
         23.90625            -22.4              300     -0.019772839      -0.12313899     0.0072791879       0.40382075        1.5770468        1.0859559
           24.375            -22.4              300     -0.018245853      -0.12235551     0.0063663325       0.39230767        1.5373329         1.060585
         24.84375            -22.4              300     -0.016643832      -0.12148673     0.0055437209       0.38108015        1.4981743        1.0355358
          25.3125            -22.4              300     -0.015263209      -0.12073511     0.0048362501       0.37017572        1.4598212        1.0109874
         25.78125            -22.4              300     -0.014054063      -0.12005168     0.0041707261       0.35955936        1.4223555       0.98696989
            26.25            -22.4              300     -0.013016353      -0.11943641     0.0035471641       0.34923092        1.3857772       0.96348333
         26.71875            -22.4              300     -0.012130659      -0.11886502     0.0029606293       0.33918312        1.3500444       0.94049877
          27.1875            -22.4              300     -0.011143618      -0.11806593     0.0023800978       0.32936761        1.3148026       0.91781002
         27.65625            -22.4              300     -0.010000713      -0.11700086       0.00182609       0.31983331        1.2800877       0.89546406
           28.125            -22.4              300    -0.0087937918      -0.11575989     0.0013315743       0.31070304        1.2460532       0.87350047
         28.59375            -22.4              300    -0.0076476038      -0.11448719     0.0008668676       0.30185974        1.2128062       0.85197997
          29.0625            -22.4              300    -0.0065620914      -0.11318274    0.00043198373       0.29330358        1.1803465       0.83090258
         29.53125            -22.4              300    -0.0055177268      -0.11184466    3.2045878e-05       0.28504321        1.1487195       0.81029576
               30            -22.4              300    -0.0044000256      -0.11048666   -0.00030074618        0.2770775        1.1180769       0.79026341
         30.46875            -22.4              300    -0.0033457824      -0.10914104   -0.00060037151       0.26930451        1.0880091       0.77057099
          30.9375            -22.4              300    -0.0023549597       -0.1078078   -0.00086681289       0.26172435        1.0585164       0.75121862
         31.40625            -22.4              300    -0.0014275914      -0.10648695    -0.0011000825       0.25433707        1.0295985       0.73220623
           31.875            -22.4              300   -0.00056366046      -0.10517847    -0.0013001787       0.24714252        1.0012556       0.71353394
         32.34375            -22.4              300    0.00023682286      -0.10388239    -0.0014671006       0.24014078       0.97348756       0.69520152
          32.8125            -22.4              300    0.00097385328       -0.1025987    -0.0016008563       0.23333189       0.94629461       0.67720914
         33.28125            -22.4              300     0.0023155203      -0.10081758    -0.0016314394       0.22699483       0.92008668       0.65977889
            33.75            -22.4              300     0.0037748076     -0.098870903    -0.0017111972       0.22084843       0.89454299       0.64278758
         34.21875            -22.4              300     0.0044087623     -0.097539112    -0.0017381436        0.2147768       0.86951578       0.62605333
          34.6875            -22.4              300     0.0050403653     -0.096218511    -0.0016714894       0.20894873       0.84511483       0.60964042
         35.15625            -22.4              300     0.0057438351      -0.09482576    -0.0016134074       0.20326993       0.82128507       0.59358031
           35.625            -22.4              300     0.0064234375      -0.09343306    -0.0015493361       0.19774589       0.79805213       0.57788211
         36.09375            -22.4              300     0.0070791659     -0.092040434    -0.0014792788       0.19237652       0.77541602       0.56254554
          36.5625            -22.4              300     0.0077110021     -0.090647876    -0.0014032447       0.18716192       0.75337678       0.54757065
         37.03125            -22.4              300     0.0083189812     -0.089255378     -0.001321217       0.18210202       0.73193455       0.53295755
             37.5            -22.4              300     0.0089030787     -0.087862946    -0.0012332094       0.17719689       0.71108907       0.51870614
         37.96875            -22.4              300      0.009499887     -0.086435303    -0.0011820984       0.17240611       0.69079626       0.50483841
          38.4375            -22.4              300      0.010148301     -0.084951125     -0.001143404       0.16775946       0.67100626        0.4913196
         38.90625            -22.4              300      0.010743434     -0.083507627     -0.001044461       0.16329002        0.6516487       0.47802019
           39.375            -22.4              300      0.011217816     -0.082141608   -0.00095150608        0.1589298       0.63276213        0.4650113
         39.84375            -22.4              300      0.011592216     -0.080866627   -0.00083049957        0.1546793       0.61433607       0.45230904
          40.3125            -22.4              300      0.011925348     -0.079652771   -0.00069555035       0.15054077       0.59642118       0.43995944
         40.78125            -22.4              300      0.012226153     -0.078481346   -0.00056591327       0.14651704       0.57905471       0.42797798
            41.25            -22.4              300      0.012546506     -0.077288479   -0.00044215959       0.14261714       0.56218952       0.41631505
         41.71875            -22.4              300      0.012899364     -0.076062113   -0.00031476282          0.13884       0.54575616       0.40492243
          42.1875            -22.4              300      0.013284725      -0.07480225   -0.00018372061       0.13518567       0.52975488       0.39380023
         42.65625            -22.4              300      0.013699464     -0.073510095   -7.1167829e-05       0.13164307       0.51422423       0.38298351
           43.125            -22.4              300      0.014079586     -0.072239861    1.8985011e-06       0.12817417       0.49912751       0.37246725
         43.59375            -22.4              300      0.014403402     -0.071012259    6.2468462e-05       0.12478092       0.48438665       0.36219275
          44.0625            -22.4              300      0.014670907     -0.069827281    0.00011053868       0.12146331       0.47000155        0.3521601
         44.53125            -22.4              300      0.014882114     -0.068684943    0.00014612125       0.11822136       0.45597234       0.34236923
               45            -22.4              300      0.015037012     -0.067585237    0.00016920338       0.11505505       0.44229895       0.33282012
         45.46875            -22.4              300      0.015255569     -0.066447966    0.00017575466       0.11195837       0.42901358       0.32356036
          45.9375            -22.4              300      0.015516788     -0.065288559    0.00017544103       0.10894324       0.41614026       0.31459826
         46.40625            -22.4              300      0.015607417     -0.064264134    0.00017530093       0.10603231         0.403633       0.30586749
           46.875            -22.4              300      0.015734527     -0.063226476    0.00017488599       0.10320283       0.39146182        0.2973792
         47.34375            -22.4              300      0.015898122     -0.062175587    0.00017420077       0.10045482       0.37962675       0.28913343
          47.8125            -22.4              300       0.01609819     -0.061111454    0.00017323557       0.09778823       0.36812773       0.28113011
         48.28125            -22.4              300      0.016351584     -0.060021412    0.00018086655      0.095207885       0.35698828       0.27338392
            48.75            -22.4              300      0.016547751     -0.058977865    0.00021105958      0.092702508       0.34611246       0.26579899
         49.21875            -22.4              300      0.016691744     -0.057979211    0.00023935689      0.090263031       0.33555159       0.25842786
          49.6875            -22.4              300      0.016784018     -0.057025135     0.0002659359      0.087890007       0.32530311       0.25126833
         50.15625            -22.4              300      0.016824568     -0.056115646    0.00029079872      0.085583419       0.31536698       0.24432041
           50.625            -22.4              300      0.016888471     -0.055211868     0.0002866108      0.083314419       0.30576125        0.2376188
         51.09375            -22.4              300      0.017025201      -0.05425594    0.00027945824      0.081104457       0.29639012       0.23107806
          51.5625            -22.4              300      0.017169602     -0.053296983    0.00027699256      0.078960523       0.28724283       0.22468334
         52.03125            -22.4              300      0.017300503     -0.052358463    0.00026724814      0.076868877       0.27833319        0.2184509
             52.5            -22.4              300      0.017417906     -0.051440403    0.00025021165      0.074829526       0.26966119       0.21238074
         52.96875            -22.4              300      0.017503651     -0.050562792    0.00023786584      0.072854541       0.26125687       0.20648859
          53.4375            -22.4              300      0.017602172     -0.049688756     0.0002296872      0.070943065       0.25311694       0.20077983
         53.90625            -22.4              300      0.017721208     -0.048811086    0.00022370392      0.069093063       0.24523611       0.19525249
           54.375            -22.4              300      0.017860759     -0.047929771    0.00021992088      0.067304552       0.23761442        0.1899066
         54.84375            -22.4              300       0.01797324     -0.047081161    0.00021001557      0.065553874       0.23016956       0.18467955
          55.3125            -22.4              300      0.018032063     -0.046280257    0.00019070879      0.063839249       0.22295661       0.17960532
         55.78125            -22.4              300       0.01807439     -0.045502014    0.00017261505      0.062172852       0.21597105       0.17468335
            56.25            -22.4              300      0.018120442     -0.044733178    0.00015949411      0.060551643       0.20916763       0.16988397
         56.71875            -22.4              300      0.018170223     -0.043973744    0.00015134597      0.058975633       0.20254627       0.16520718
          57.1875            -22.4              300      0.018223729     -0.043223724    0.00014817039      0.057444807       0.19610702       0.16065298
         57.65625            -22.4              300      0.018280966     -0.042483106    0.00014996668      0.055959176       0.18984985       0.15622139
           58.125            -22.4              300      0.018341929     -0.041751899    0.00015673391      0.054518737       0.18377475       0.15191238
         58.59375            -22.4              300      0.018406617     -0.041030098    0.00016847346      0.053123485       0.17788176       0.14772597
          59.0625            -22.4              300      0.018475031     -0.040317703    0.00018518773      0.051773433       0.17217086       0.14366215
         59.53125            -22.4              300      0.018516984     -0.039637405    0.00018825091      0.050451968       0.16665539       0.13973168
               60            -22.4              300      0.018532148     -0.038968757    0.00016860929      0.049149882       0.16125144       0.13587773
         60.46875            -22.4              300      0.018576743     -0.038297076    0.00018893596      0.047911696       0.15602264       0.13213074
          60.9375            -22.4              300      0.018606687     -0.037651833    0.00020811614      0.046700634        0.1509477       0.12848827
         61.40625            -22.4              300      0.018627668     -0.037022986    0.00022322102      0.045517877       0.14601749       0.12494329
           61.875            -22.4              300      0.018642111     -0.036408402     0.0002356288      0.044364739       0.14123075       0.12149455
         62.34375            -22.4              300      0.018650023     -0.035808109    0.00024534715      0.043241248       0.13658747       0.11814205
          62.8125            -22.4              300      0.018651657     -0.035221539    0.00025155029      0.042147055       0.13208841       0.11488625
         63.28125            -22.4              300      0.018650332     -0.034645993    0.00025346404      0.041082442       0.12773894       0.11173057
            63.75            -22.4              300       0.01864671     -0.034082938    0.00025550171      0.040049523       0.12353828        0.1086745
         64.21875            -22.4              300      0.018640792     -0.033532396    0.00025766375      0.039048318       0.11948639       0.10571802
          64.6875            -22.4              300      0.018594449     -0.033020236    0.00024623761      0.038056474       0.11550584       0.10281103
         65.15625            -22.4              300      0.018563678     -0.032503143    0.00023917435      0.037092716       0.11163546      0.099982157
           65.625            -22.4              300      0.018551236     -0.031977843    0.00023585313       0.03615617       0.10788092      0.097235627
         66.09375            -22.4              300      0.018549532     -0.031455871    0.00024412791      0.035256058       0.10424479      0.094570257
          66.5625            -22.4              300      0.018540811     -0.030949891    0.00025662151      0.034384511       0.10072468      0.091984876
         67.03125            -22.4              300      0.018520333     -0.030457303    0.00026217086      0.033527046      0.097301766      0.089466356
             67.5            -22.4              300      0.018487778     -0.029983474    0.00026219984      0.032686748      0.093982771      0.087020412
         67.96875            -22.4              300      0.018443139     -0.029528402    0.00025671552       0.03186363      0.090767696      0.084647059
          68.4375            -22.4              300      0.018386422     -0.029092083    0.00024571735      0.031057686      0.087656543       0.08234629
         68.90625            -22.4              300      0.018317625     -0.028674524    0.00022920128      0.030268915      0.084649302      0.080118112
           69.375            -22.4              300      0.018250469     -0.028263252    0.00021817093      0.029506225      0.081738122      0.077955224
         69.84375            -22.4              300      0.018190935     -0.027852573     0.0002124249      0.028766289      0.078903705       0.07584741
          70.3125            -22.4              300      0.018134221     -0.027446792    0.00020703429       0.02804444       0.07614544      0.073795728
         70.78125            -22.4              300      0.018080326     -0.027045915    0.00020200439      0.027340688      0.073463328      0.071800202
            71.25            -22.4              300      0.018029248     -0.026649939    0.00019733317      0.026655026      0.070857354      0.069860801
         71.71875            -22.4              300      0.017980991     -0.026258865    0.00019301895      0.025987454      0.068327524      0.067977555
          72.1875            -22.4              300       0.01793435     -0.025873266    0.00018733367      0.025336785      0.065873541      0.066150203
         72.65625            -22.4              300      0.017870475     -0.025501586    0.00016386015      0.024690133      0.063488767      0.064371623
           73.125            -22.4              300      0.017796015     -0.025142344    0.00014037293      0.024057891      0.061176717      0.062644303
         73.59375            -22.4              300      0.017723856     -0.024788773    0.00011960218      0.023442367      0.058934636      0.060968354
          74.0625            -22.4              300      0.017653959     -0.024440892    0.00010146952      0.022843525      0.056762531      0.059343778
         74.53125            -22.4              300      0.017586317     -0.024098706    8.5975305e-05      0.022261363      0.054660395      0.057770569
               75            -22.4              300      0.017520934     -0.023762213    7.3122501e-05       0.02169588       0.05262823      0.056248724
         75.46875            -22.4              300      0.017457809     -0.023431413    6.2909327e-05      0.021147082      0.050666038      0.054778252
          75.9375            -22.4              300      0.017396282     -0.023105824    5.4147036e-05      0.020613713      0.048769433      0.053355381
         76.40625            -22.4              300      0.017331947     -0.022785166    4.0790444e-05      0.020089323      0.046918154      0.051964715
           76.875            -22.4              300      0.017264493     -0.022470828    2.3315093e-05      0.019574363       0.04511505      0.050609797
         77.34375            -22.4              300      0.017193913     -0.022162812    1.7236598e-06      0.019068839      0.043360125      0.049290635
          77.8125            -22.4              300      0.017120218     -0.021861115   -2.3987577e-05      0.018572744      0.041653365      0.048007227
         78.28125            -22.4              300      0.017043401     -0.021565739   -5.3815082e-05      0.018086083      0.039994784      0.046759572
            78.75            -22.4              300      0.016965684     -0.021274179   -8.6575841e-05      0.017608777      0.038383648      0.045546494
         79.21875            -22.4              300      0.016891219      -0.02098278    -0.0001079347      0.017150469      0.036818106      0.044365097
          79.6875            -22.4              300      0.016823005     -0.020693997   -0.00011919963      0.016708689      0.035301626      0.043219719
         80.15625            -22.4              300       0.01674882     -0.020416575   -0.00014994704      0.016266037      0.033840362      0.042114004
           80.625            -22.4              300      0.016675066     -0.020141449   -0.00017631824      0.015838468       0.03241761      0.041034583
         81.09375            -22.4              300      0.016603803     -0.019868517   -0.00019309457      0.015426146      0.031027509      0.039978754
          81.5625            -22.4              300      0.016531076     -0.019600064   -0.00021010585       0.01502314      0.029674493      0.038949065
         82.03125            -22.4              300      0.016456885     -0.019336091   -0.00022735077      0.014629457      0.028358564      0.037945539
             82.5            -22.4              300      0.016381226     -0.019076599   -0.00024482995      0.014245093      0.027079711       0.03696816
         82.96875            -22.4              300      0.016304104     -0.018821584   -0.00026254362      0.013870049      0.025837949      0.036016934
          83.4375            -22.4              300      0.016227361     -0.018570729   -0.00027881353      0.013505716      0.024636311      0.035093918
         83.90625            -22.4              300      0.016150394     -0.018324109   -0.00029410527       0.01315186      0.023473816       0.03419859
           84.375            -22.4              300      0.016072961     -0.018081771   -0.00030862942      0.012808328      0.022350067      0.033330686
         84.84375            -22.4              300      0.015992697     -0.017841358   -0.00032738369      0.012468432      0.021249091      0.032479703
          85.3125            -22.4              300      0.015919523      -0.01760117     -0.000337106      0.012144716      0.020176623      0.031646512
         85.78125            -22.4              300      0.015844665     -0.017365841    -0.0003463914      0.011828814      0.019130742      0.030831203
            86.25            -22.4              300      0.015766596      -0.01713595   -0.00035695749      0.011518946       0.01811051      0.030033471
         86.71875            -22.4              300      0.015685312     -0.016911497   -0.00036880397      0.011215108      0.017115926      0.029253315
          87.1875            -22.4              300      0.015600721     -0.016692527   -0.00038201851      0.010917014      0.016148107      0.028491676
         87.65625            -22.4              300      0.015514675      -0.01647714   -0.00039468048      0.010625746      0.015208261      0.027749665
           88.125            -22.4              300      0.015428905      -0.01626385   -0.00040505303      0.010343622      0.014290991      0.027022805
         88.59375            -22.4              300      0.015343415     -0.016052665   -0.00041313452      0.010070649        0.0133963      0.026311096
          89.0625            -22.4              300      0.015258203     -0.015843576   -0.00041892534     0.0098068193      0.012524186      0.025614537
         89.53125            -22.4              300       0.01517327     -0.015636588   -0.00042242679      0.009552137      0.011674648       0.02493313
               90            -22.4              300      0.015083918     -0.015434123   -0.00042974067     0.0093007535      0.010843944      0.024265887
         90.46875            -22.4              300      0.014989238     -0.015237744    -0.0004407352     0.0090511572      0.010031519      0.023613187
          90.9375            -22.4              300      0.014895727     -0.015044557   -0.00044690724     0.0088114403     0.0092434632      0.022976335
         91.40625            -22.4              300      0.014802953     -0.014853587   -0.00045021856     0.0085801091      0.008474404      0.022351306
           91.875            -22.4              300      0.014708411     -0.014665595   -0.00045398693      0.008353522     0.0077194925      0.021736434
         92.34375            -22.4              300      0.014612098     -0.014480586   -0.00045821289     0.0081316791     0.0069787297       0.02113172
          92.8125            -22.4              300      0.014514011     -0.014298558   -0.00046289523     0.0079145823     0.0062521147      0.020537166
         93.28125            -22.4              300      0.014414155      -0.01411951    -0.0004680361     0.0077022277     0.0055396487      0.019952767
            93.75            -22.4              300      0.014312529     -0.013943442   -0.00047363376     0.0074946196     0.0048413309       0.01937853
         94.21875            -22.4              300      0.014209131     -0.013770354    -0.0004796891     0.0072917556     0.0041571609      0.018814448
          94.6875            -22.4              300      0.014104337     -0.013599861   -0.00048356078     0.0070960196     0.0034889132       0.01826123
         95.15625            -22.4              300      0.014001112     -0.013428854   -0.00048808538     0.0069048768     0.0028334225       0.01771789
           95.625            -22.4              300      0.013896797     -0.013259456   -0.00049764809     0.0067133051     0.0021836082      0.017182324
         96.09375            -22.4              300      0.013789762     -0.013094413   -0.00050748984     0.0065256939     0.0015463141      0.016657364
          96.5625            -22.4              300      0.013678538     -0.012936296   -0.00051521813     0.0063441703    0.00092127512      0.016140446
         97.03125            -22.4              300      0.013567045     -0.012779812   -0.00052072393     0.0061686905    0.00030476518      0.015629604
             97.5            -22.4              300       0.01345839     -0.012621097   -0.00052460266     0.0059989151   -0.00030158059      0.015126323
         97.96875            -22.4              300      0.013348049     -0.012464345   -0.00053000567      0.005831629   -0.00090053771      0.014629126
          98.4375            -22.4              300      0.013236029     -0.012309551   -0.00053693593     0.0056668324    -0.0014921073      0.014138008
         98.90625            -22.4              300      0.013122321     -0.012156718   -0.00054539094     0.0055045239    -0.0020762887       0.01365297
           99.375            -22.4              300      0.013006936     -0.012005847    -0.0005553732     0.0053447038    -0.0026530826      0.013174011
         99.84375            -22.4              300      0.012889866     -0.011856935   -0.00056688173     0.0051873727    -0.0032224881      0.012701134
         100.3125            -22.4              300      0.012771114     -0.011709983   -0.00057991577     0.0050325305    -0.0037845054      0.012234337
        100.78125            -22.4              300      0.012650669     -0.011564842   -0.00059444527     0.0048800535    -0.0043395739      0.011773476
           101.25            -22.4              300      0.012529084     -0.011420381   -0.00060878799     0.0047296518    -0.0048929621      0.011316792
        101.71875            -22.4              300      0.012407092      -0.01127841   -0.00062102161     0.0045849518    -0.0054428326      0.010862118
         102.1875            -22.4              300      0.012285516     -0.011136087   -0.00063272426     0.0044436976    -0.0059907986      0.010409425
        102.65625            -22.4              300      0.012164354     -0.010993417   -0.00064389699     0.0043058898    -0.0065368596     0.0099587133
          103.125            -22.4              300      0.012043572     -0.010850405   -0.00065463869     0.0041714665    -0.0070808725     0.0095100971
        103.59375            -22.4              300      0.011921231     -0.010707568    -0.0006694225     0.0040371935    -0.0076186671     0.0090668239
         104.0625            -22.4              300      0.011798283     -0.010564736   -0.00068444823     0.0039050351     -0.008157758     0.0086227758
        104.53125            -22.4              300      0.011674731     -0.010421912   -0.00069971592     0.0037749915     -0.008698144     0.0081779519
              105            -22.4              300      0.011550231     -0.010279771   -0.00071530312     0.0036470904      -0.00924158     0.0077313613
