           x [mm]           y [mm]           z [mm]       ExRe [V/m]       ExIm [V/m]       EyRe [V/m]       EyIm [V/m]       EzRe [V/m]       EzIm [V/m]
---------------------------------------------------------------------------------------------------------------------------------------------------------
             -105            -22.4              300     0.0069837542    -0.0050652823    0.00016152555     0.0004423841     0.0073902542    8.1491962e-05
       -104.53125            -22.4              300     0.0070597851    -0.0051181372    0.00015847277    0.00042740256     0.0072537474   -6.4892447e-05
        -104.0625            -22.4              300     0.0071352804    -0.0051708706    0.00015559464    0.00041248667     0.0071208868   -0.00020819245
       -103.59375            -22.4              300     0.0072100959    -0.0052234964    0.00015298405    0.00039778271     0.0069918861   -0.00034803033
         -103.125            -22.4              300     0.0072842333     -0.005276015    0.00015064121    0.00038329072     0.0068667443   -0.00048440596
       -102.65625            -22.4              300       0.00735769    -0.0053284243    0.00014856599    0.00036901061     0.0067454623   -0.00061731937
        -102.1875            -22.4              300     0.0074305674    -0.0053805262    0.00014696558    0.00035511289     0.0066281566   -0.00074665528
       -101.71875            -22.4              300       0.00750292    -0.0054321303    0.00014570674     0.0003418657     0.0065141381   -0.00087313354
          -101.25            -22.4              300     0.0075752269    -0.0054829861    0.00014444519    0.00032852791     0.0064033666   -0.00099692785
       -100.78125            -22.4              300     0.0076474734    -0.0055331006    0.00014321292    0.00031518177     0.0062959436    -0.0011179761
        -100.3125            -22.4              300     0.0077196551    -0.0055824816    0.00014201106    0.00030184051     0.0061918898    -0.0012362661
        -99.84375            -22.4              300     0.0077917823    -0.0056311274    0.00014082885    0.00028850159     0.0060912436    -0.0013518014
          -99.375            -22.4              300     0.0078636408    -0.0056794533    0.00013984914    0.00027536319     0.0059940834    -0.0014649034
        -98.90625            -22.4              300     0.0079348814    -0.0057278308    0.00013942385     0.0002626389     0.0058997693    -0.0015757759
         -98.4375            -22.4              300     0.0080055064    -0.0057762596    0.00013955323     0.0002503288     0.0058083031    -0.0016844192
        -97.96875            -22.4              300     0.0080755148    -0.0058247391    0.00014023726    0.00023843299      0.005719685    -0.0017908332
            -97.5            -22.4              300     0.0081449086    -0.0058732708    0.00014147554     0.0002269512     0.0056339139     -0.001895018
        -97.03125            -22.4              300     0.0082141086    -0.0059216092    0.00014336813    0.00021585831     0.0055510681    -0.0019971412
         -96.5625            -22.4              300     0.0082832342    -0.0059696357    0.00014542021    0.00020476201     0.0054707136    -0.0020976888
        -96.09375            -22.4              300     0.0083520738    -0.0060174596    0.00014745216    0.00019357965        0.0053927    -0.0021966852
          -95.625            -22.4              300     0.0084206294    -0.0060650837    0.00014946361    0.00018231099     0.0053170249    -0.0022941297
        -95.15625            -22.4              300     0.0084890481    -0.0061125634    0.00015123593    0.00017088569     0.0052438816    -0.0023901362
         -94.6875            -22.4              300     0.0085570849    -0.0061599696    0.00015313626    0.00015940142     0.0051730219    -0.0024845046
        -94.21875            -22.4              300     0.0086243805    -0.0062076747    0.00015559695    0.00014802908      0.005104254    -0.0025770504
           -93.75            -22.4              300     0.0086911693    -0.0062556705    0.00015824274    0.00013675456     0.0050378582    -0.0026680925
        -93.28125            -22.4              300     0.0087575195    -0.0063037705    0.00016107901    0.00012552881     0.0049737114    -0.0027576131
         -92.8125            -22.4              300      0.008823432    -0.0063519757    0.00016410585    0.00011435196     0.0049118139    -0.0028456119
        -92.34375            -22.4              300     0.0088889049    -0.0064002853    0.00016732342    0.00010322411     0.0048521645    -0.0029320887
          -91.875            -22.4              300     0.0089538591    -0.0064483122     0.0001704907    9.1996568e-05     0.0047949697    -0.0030171846
        -91.40625            -22.4              300      0.009018328     -0.006496191     0.0001736852    8.0591286e-05      0.004739637    -0.0031011649
         -90.9375            -22.4              300     0.0090824049    -0.0065443432    0.00017716993    6.9128771e-05     0.0046857717    -0.0031839791
        -90.46875            -22.4              300     0.0091460878    -0.0065927706    0.00018094468    5.7608922e-05     0.0046333717    -0.0032656272
              -90            -22.4              300     0.0092094103    -0.0066414834    0.00018498418    4.6040495e-05      0.004582461    -0.0033461207
        -89.53125            -22.4              300     0.0092726033    -0.0066904668    0.00018879211    3.4298617e-05     0.0045332802    -0.0034255956
         -89.0625            -22.4              300     0.0093353773    -0.0067395316    0.00019234857    2.2153305e-05      0.004485677    -0.0035039769
        -88.59375            -22.4              300     0.0093977312    -0.0067886794    0.00019565306    9.6043732e-06      0.004439652     -0.003581265
          -88.125            -22.4              300     0.0094596688    -0.0068379063    0.00019870675   -3.3475153e-06     0.0043952051    -0.0036574595
        -87.65625            -22.4              300     0.0095209712    -0.0068875356    0.00020223833   -1.6655547e-05     0.0043519004    -0.0037321995
         -87.1875            -22.4              300     0.0095817056     -0.006937339    0.00020501501   -3.0490875e-05     0.0043107443    -0.0038059615
        -86.71875            -22.4              300     0.0096423309    -0.0069872448    0.00020790286   -4.4664528e-05     0.0042706486    -0.0038788933
           -86.25            -22.4              300     0.0097028743    -0.0070372457    0.00021094302   -5.9168582e-05      0.004231568    -0.0039509973
        -85.78125            -22.4              300     0.0097633246    -0.0070873452    0.00021413376   -7.4003925e-05     0.0041935025    -0.0040222728
         -85.3125            -22.4              300     0.0098236892    -0.0071375398    0.00021747607   -8.9169931e-05     0.0041564507    -0.0040927203
        -84.84375            -22.4              300     0.0098839672    -0.0071878317    0.00022097008   -0.00010466669     0.0041204146    -0.0041623404
          -84.375            -22.4              300     0.0099440105    -0.0072378861    0.00022365148   -0.00012099204     0.0040853964    -0.0042315517
        -83.90625            -22.4              300      0.010003709    -0.0072880378    0.00022578778   -0.00013808227     0.0040513859    -0.0043000458
         -83.4375            -22.4              300      0.010063065    -0.0073383162    0.00022743343   -0.00015591209      0.004018384    -0.0043677893
        -82.96875            -22.4              300       0.01012208    -0.0073887203    0.00022859238   -0.00017447876     0.0039863903     -0.004434783
            -82.5            -22.4              300      0.010181557    -0.0074393824    0.00023128231   -0.00019231293     0.0039555663    -0.0045007179
        -82.03125            -22.4              300       0.01024108    -0.0074906368    0.00023246868   -0.00021150296     0.0039254013    -0.0045664408
         -81.5625            -22.4              300      0.010300573    -0.0075421762    0.00023268598   -0.00023177905     0.0038957917    -0.0046319421
        -81.09375            -22.4              300      0.010359951    -0.0075936718    0.00023250123   -0.00025283202     0.0038667333    -0.0046971766
          -80.625            -22.4              300      0.010419013    -0.0076444028    0.00023254346   -0.00027443527     0.0038382397    -0.0047619585
        -80.15625            -22.4              300      0.010478276    -0.0076950327    0.00023284696   -0.00029631011     0.0038102979    -0.0048265997
         -79.6875            -22.4              300      0.010537741    -0.0077455612    0.00023341193   -0.00031845662     0.0037829084    -0.0048911008
        -79.21875            -22.4              300      0.010597406    -0.0077959895    0.00023423781   -0.00034087492      0.003756071    -0.0049554612
           -78.75            -22.4              300      0.010657273    -0.0078463145    0.00023532531    -0.0003635647     0.0037297856    -0.0050196825
        -78.28125            -22.4              300      0.010717342    -0.0078965407    0.00023667375    -0.0003865264     0.0037040524    -0.0050837626
         -77.8125            -22.4              300      0.010777975    -0.0079458663    0.00023848025   -0.00040969838     0.0036781353     -0.005148279
        -77.34375            -22.4              300      0.010838697    -0.0079949517    0.00024013157   -0.00043352356     0.0036520795    -0.0052134437
          -76.875            -22.4              300      0.010899329    -0.0080441255    0.00024147429    -0.0004580901     0.0036261003    -0.0052791294
        -76.40625            -22.4              300      0.010959872    -0.0080933906    0.00024250774   -0.00048339824     0.0036001978    -0.0053453371
         -75.9375            -22.4              300      0.011020326    -0.0081427461    0.00024323227   -0.00050944777     0.0035743723     -0.005412064
        -75.46875            -22.4              300      0.011080485    -0.0081927506    0.00024368397   -0.00053632091     0.0035486186    -0.0054791654
              -75            -22.4              300      0.011140971    -0.0082427012    0.00024490847   -0.00056321942     0.0035227383    -0.0055470313
        -74.53125            -22.4              300      0.011201896    -0.0082925139    0.00024656457    -0.0005903251     0.0034967361    -0.0056156968
         -74.0625            -22.4              300      0.011263262    -0.0083421879    0.00024865221   -0.00061763782     0.0034706113    -0.0056851641
        -73.59375            -22.4              300      0.011325071    -0.0083917212    0.00025117179   -0.00064515753     0.0034443645     -0.005755431
          -73.125            -22.4              300      0.011387054    -0.0084414976    0.00025352027   -0.00067322771     0.0034180412    -0.0058264639
        -72.65625            -22.4              300      0.011448131     -0.008492996    0.00025275775   -0.00070362235     0.0033917339    -0.0058982302
         -72.1875            -22.4              300       0.01151106    -0.0085423421    0.00025547974   -0.00073258311     0.0033647302    -0.0059714848
        -71.71875            -22.4              300      0.011573768    -0.0085920282    0.00025821794   -0.00076218171     0.0033369602    -0.0060461615
           -71.25            -22.4              300      0.011636253    -0.0086420551    0.00026097221   -0.00079241837     0.0033084238    -0.0061222604
        -70.78125            -22.4              300      0.011698516     -0.008692421    0.00026374325   -0.00082329242     0.0032791211    -0.0061997809
         -70.3125            -22.4              300      0.011760556    -0.0087431278    0.00026652997   -0.00085480465     0.0032490517    -0.0062787225
        -69.84375            -22.4              300      0.011822375    -0.0087941736    0.00026933354   -0.00088695448     0.0032182164    -0.0063590873
          -69.375            -22.4              300       0.01188387    -0.0088456888    0.00027166121   -0.00091996498      0.003186716    -0.0064408458
        -68.90625            -22.4              300      0.011945852    -0.0088968761    0.00027463672   -0.00095316343     0.0031547237    -0.0065240306
         -68.4375            -22.4              300       0.01200849    -0.0089484807    0.00027856778   -0.00098633836     0.0031216373    -0.0066088536
        -67.96875            -22.4              300      0.012071442    -0.0090002036      0.000283228    -0.0010195937     0.0030876882    -0.0066952426
            -67.5            -22.4              300      0.012133508    -0.0090528186    0.00028986501    -0.0010526003     0.0030514661    -0.0067834347
        -67.03125            -22.4              300       0.01219449    -0.0091057066    0.00029554751    -0.0010869106     0.0030141247    -0.0068735611
         -66.5625            -22.4              300      0.012255762    -0.0091585619    0.00030024123    -0.0011224005     0.0029763002    -0.0069653685
        -66.09375            -22.4              300      0.012316983    -0.0092120096     0.0003054608    -0.0011584084     0.0029369241    -0.0070590363
          -65.625            -22.4              300      0.012376984    -0.0092677036    0.00030872243    -0.0011962425     0.0028967469    -0.0071539027
        -65.15625            -22.4              300      0.012438691    -0.0093217148    0.00031543494    -0.0012329866     0.0028536557    -0.0072515155
         -64.6875            -22.4              300      0.012499738    -0.0093766581    0.00032207533    -0.0012707321     0.0028090405     -0.007350916
        -64.21875            -22.4              300      0.012559683    -0.0094332341    0.00032850695    -0.0013094421     0.0027634192    -0.0074519031
           -63.75            -22.4              300      0.012619146    -0.0094905347    0.00033483436    -0.0013491496     0.0027163597    -0.0075546894
        -63.28125            -22.4              300      0.012678126    -0.0095485598    0.00034105766    -0.0013898541     0.0026678615    -0.0076592779
         -62.8125            -22.4              300      0.012736625    -0.0096073104    0.00034717677     -0.001431556     0.0026179252     -0.007765668
        -62.34375            -22.4              300      0.012794717    -0.0096668461    0.00035318505    -0.0014742963     0.0025665204    -0.0078738527
          -61.875            -22.4              300      0.012852755    -0.0097273653    0.00035932279    -0.0015181514      0.002512905    -0.0079839779
        -61.40625            -22.4              300       0.01291063    -0.0097887218    0.00036576748    -0.0015629885     0.0024567591    -0.0080961641
         -60.9375            -22.4              300      0.012968335    -0.0098509155    0.00037251777    -0.0016088084     0.0023980835    -0.0082104094
        -60.46875            -22.4              300      0.013025878    -0.0099139465     0.0003795746    -0.0016556105     0.0023368776    -0.0083267149
              -60            -22.4              300      0.013083256    -0.0099778138    0.00038693831    -0.0017033947     0.0022731414    -0.0084450813
        -59.53125            -22.4              300      0.013140469     -0.010042519    0.00039460816    -0.0017521613     0.0022068748    -0.0085655078
         -59.0625            -22.4              300      0.013197514      -0.01010806      0.000402584    -0.0018019102     0.0021380782    -0.0086879926
        -58.59375            -22.4              300      0.013252616     -0.010174891    0.00040981112    -0.0018536843      0.002067151    -0.0088118408
          -58.125            -22.4              300      0.013309288     -0.010242481    0.00041589356    -0.0019076309     0.0019923556    -0.0089388732
        -57.65625            -22.4              300      0.013365556     -0.010311195    0.00042059721    -0.0019639672     0.0019143251    -0.0090683829
         -57.1875            -22.4              300       0.01342098     -0.010381092    0.00042387631    -0.0020227476      0.001833269    -0.0092001576
        -56.71875            -22.4              300      0.013475906     -0.010451798    0.00042752127    -0.0020829826     0.0017483585    -0.0093345512
           -56.25            -22.4              300      0.013530787     -0.010522954    0.00043039347    -0.0021449905     0.0016613016    -0.0094704889
        -55.78125            -22.4              300      0.013585652     -0.010595011    0.00043359306    -0.0022084974     0.0015705673     -0.009609011
         -55.3125            -22.4              300      0.013640479     -0.010667915    0.00043710004    -0.0022734378     0.0014762701    -0.0097500999
        -54.84375            -22.4              300      0.013695288     -0.010741618    0.00044094509    -0.0023397622     0.0013784345    -0.0098937592
          -54.375            -22.4              300      0.013750081     -0.010816116      0.000445129    -0.0024074705     0.0012770598     -0.010039985
        -53.90625            -22.4              300      0.013804964     -0.010892037    0.00044689173    -0.0024785604     0.0011700421     -0.010190157
         -53.4375            -22.4              300      0.013858414     -0.010969887     0.0004486111    -0.0025515119     0.0010593876     -0.010342885
        -52.96875            -22.4              300      0.013911502     -0.011048674    0.00044909609    -0.0026271944    0.00094446354     -0.010498722
            -52.5            -22.4              300      0.013964362     -0.011128286    0.00044818845      -0.00270572    0.00082514744     -0.010657752
        -52.03125            -22.4              300      0.014017001     -0.011208726    0.00044588835    -0.0027870892    0.00070143945     -0.010819973
         -51.5625            -22.4              300      0.014070299     -0.011288779    0.00044400746    -0.0028701541    0.00057312136     -0.010985863
        -51.09375            -22.4              300      0.014124256     -0.011369255    0.00044252916    -0.0029549634     0.0004394573     -0.011155817
          -50.625            -22.4              300      0.014178762     -0.011450362    0.00044124186    -0.0030416534    0.00030041026     -0.011329809
        -50.15625            -22.4              300      0.014233821     -0.011532096    0.00044014663    -0.0031302245    0.00015597975     -0.011507843
         -49.6875            -22.4              300      0.014289433     -0.011614463    0.00043924211    -0.0032206767    6.1664614e-06     -0.011689916
        -49.21875            -22.4              300      0.014345736     -0.011697417    0.00043825293    -0.0033132848   -0.00014919827     -0.011876161
           -48.75            -22.4              300      0.014403632     -0.011780773     0.0004345302    -0.0034105249   -0.00031206862       -0.0120684
        -48.28125            -22.4              300      0.014462006     -0.011864941     0.0004295471    -0.0035107988   -0.00048182032     -0.012266357
         -47.8125            -22.4              300       0.01451751     -0.011951372    0.00042936185    -0.0036098154   -0.00065838685     -0.012469649
        -47.34375            -22.4              300      0.014572643     -0.012038654    0.00042880065    -0.0037117635   -0.00084139488     -0.012677904
          -46.875            -22.4              300      0.014627829     -0.012126583    0.00042705069    -0.0038172528    -0.0010308267     -0.012891131
        -46.40625            -22.4              300      0.014684777     -0.012213923    0.00042493845    -0.0039255419    -0.0012260227     -0.013109155
         -45.9375            -22.4              300      0.014742531     -0.012302066     0.0004233011    -0.0040357779    -0.0014291153     -0.013333808
        -45.46875            -22.4              300      0.014801099     -0.012391373    0.00042137571    -0.0041484809    -0.0016403464     -0.013565328
              -45            -22.4              300      0.014860233     -0.012482505    0.00041845837    -0.0042642029    -0.0018596773     -0.013803694
        -44.53125            -22.4              300      0.014919444     -0.012574838    0.00041692224    -0.0043813535    -0.0020865337     -0.014048233
         -44.0625            -22.4              300      0.014978752     -0.012668058    0.00041560811    -0.0045009376    -0.0023220587      -0.01429976
        -43.59375            -22.4              300      0.015037972     -0.012762565    0.00041418642    -0.0046237609    -0.0025672433     -0.014559219
          -43.125            -22.4              300      0.015097092     -0.012858408    0.00041272113    -0.0047497991    -0.0028220643      -0.01482661
        -42.65625            -22.4              300      0.015156114     -0.012955581     0.0004112121      -0.00487905    -0.0030865208     -0.015101927
         -42.1875            -22.4              300      0.015215034     -0.013054088    0.00040965888    -0.0050115171     -0.003360613     -0.015385173
        -41.71875            -22.4              300      0.015274064     -0.013153806    0.00040851641    -0.0051468541    -0.0036442955     -0.015676478
           -41.25            -22.4              300      0.015334543        -0.013254    0.00040985167    -0.0052832761    -0.0039375764     -0.015976893
        -40.78125            -22.4              300       0.01539486     -0.013355441    0.00040620528     -0.005425394    -0.0042453725     -0.016288023
         -40.3125            -22.4              300      0.015454707     -0.013458858    0.00040446961    -0.0055692848    -0.0045642201     -0.016607909
        -39.84375            -22.4              300      0.015514086      -0.01356426    0.00040464516    -0.0057149474    -0.0048941202     -0.016936546
          -39.375            -22.4              300      0.015570489     -0.013673003     0.0004083839    -0.0058635403    -0.0052352413     -0.017272091
        -38.90625            -22.4              300      0.015628424     -0.013783144    0.00041146105    -0.0060141883    -0.0055863047     -0.017619262
         -38.4375            -22.4              300      0.015686255      -0.01389541     0.0004141907      -0.00616884    -0.0059516625     -0.017977711
        -37.96875            -22.4              300      0.015743636      -0.01401001    0.00041683859    -0.0063276286    -0.0063318266     -0.018347356
            -37.5            -22.4              300      0.015800564     -0.014126945    0.00041940526    -0.0064905547    -0.0067267981     -0.018728204
        -37.03125            -22.4              300      0.015857039     -0.014246212    0.00042188965    -0.0066576172    -0.0071365745     -0.019120246
         -36.5625            -22.4              300      0.015913062     -0.014367815    0.00042429188    -0.0068288185    -0.0075611575     -0.019523486
        -36.09375            -22.4              300      0.015968636      -0.01449175    0.00042661413    -0.0070041558     -0.008000548     -0.019937929
          -35.625            -22.4              300      0.016021196     -0.014620125    0.00042525586    -0.0071857702    -0.0084537845     -0.020363735
        -35.15625            -22.4              300      0.016072396     -0.014751148    0.00042358792    -0.0073715509    -0.0089206472     -0.020800427
         -34.6875            -22.4              300      0.016122736     -0.014884373     0.0004223967    -0.0075610247    -0.0094012413     -0.021247936
        -34.21875            -22.4              300      0.016179729     -0.015017604    0.00042089971    -0.0077571487    -0.0099039627     -0.021707958
           -33.75            -22.4              300      0.016235892     -0.015154836    0.00042061522    -0.0079578971     -0.010427996     -0.022183165
        -33.28125            -22.4              300      0.016285229     -0.015296851    0.00042900705    -0.0081562707     -0.010968269     -0.022672743
         -32.8125            -22.4              300      0.016335074     -0.015440645    0.00043561152    -0.0083604744     -0.011525693     -0.023175364
        -32.34375            -22.4              300       0.01638463     -0.015587321     0.0004412891      -0.00857074     -0.012102427     -0.023691325
          -31.875            -22.4              300      0.016433891     -0.015736876    0.00044603905    -0.0087870685     -0.012698468     -0.024220632
        -31.40625            -22.4              300      0.016482865     -0.015889313    0.00044986187    -0.0090094563     -0.013313818     -0.024763279
         -30.9375            -22.4              300      0.016531546     -0.016044633    0.00045275723    -0.0092379078     -0.013948478     -0.025319269
        -30.46875            -22.4              300      0.016578937     -0.016203946    0.00045152497    -0.0094752451     -0.014604489     -0.025889292
              -30            -22.4              300      0.016621372     -0.016371733    0.00044462964    -0.0097232293     -0.015288436     -0.026478365
        -29.53125            -22.4              300      0.016660564     -0.016545089    0.00044031171    -0.0099756261     -0.015996959     -0.027083972
         -29.0625            -22.4              300      0.016697807     -0.016722795    0.00044271967     -0.010228412     -0.016728211     -0.027705563
        -28.59375            -22.4              300      0.016735211     -0.016902924     0.0004440762     -0.010488593     -0.017483585     -0.028343756
          -28.125            -22.4              300      0.016772809     -0.017085452      0.000443572     -0.010756921     -0.018263318     -0.028998632
        -27.65625            -22.4              300      0.016810594     -0.017270381    0.00044120604     -0.011033396     -0.019067399     -0.029670196
         -27.1875            -22.4              300      0.016848568     -0.017457711    0.00043697844     -0.011318018      -0.01989584     -0.030358443
        -26.71875            -22.4              300      0.016886735     -0.017647443    0.00043088931     -0.011610787      -0.02074863     -0.031063374
           -26.25            -22.4              300      0.016928947     -0.017838107    0.00041952974     -0.011914436     -0.021640493     -0.031795036
        -25.78125            -22.4              300      0.016967461     -0.018034738    0.00041074026      -0.01222376     -0.022562437     -0.032547221
         -25.3125            -22.4              300      0.017002162      -0.01823739    0.00040463111      -0.01253868     -0.023514228     -0.033319771
        -24.84375            -22.4              300      0.017037269     -0.018443629    0.00039928243     -0.012861239      -0.02449324     -0.034110311
          -24.375            -22.4              300      0.017073292     -0.018653652    0.00039196748     -0.013194051     -0.025506252     -0.034923837
        -23.90625            -22.4              300      0.017110089     -0.018867562    0.00038266752     -0.013537121      -0.02655359     -0.035760611
         -23.4375            -22.4              300      0.017147658     -0.019085355    0.00037138446     -0.013890452     -0.027635261     -0.036620628
        -22.96875            -22.4              300      0.017183289      -0.01930863    0.00036016872     -0.014252324     -0.028751636     -0.037504412
            -22.5            -22.4              300      0.017208731      -0.01954115    0.00035524045     -0.014618307     -0.029905537     -0.038414881
        -22.03125            -22.4              300      0.017236613     -0.019773519    0.00034968401     -0.014995157     -0.031099923     -0.039352901
         -21.5625            -22.4              300      0.017266786     -0.020008629    0.00034152635     -0.015383426     -0.032335632     -0.040319961
        -21.09375            -22.4              300      0.017299263     -0.020247141    0.00032987376     -0.015783621     -0.033611979     -0.041315716
          -20.625            -22.4              300      0.017334051     -0.020489043    0.00031473156     -0.016195737     -0.034928959     -0.042340167
        -20.15625            -22.4              300       0.01737114     -0.020734344    0.00029609268     -0.016619781     -0.036286581     -0.043393314
         -19.6875            -22.4              300      0.017410535     -0.020983035    0.00027396315     -0.017055742     -0.037684839     -0.044475153
        -19.21875            -22.4              300      0.017450487     -0.021235391    0.00024715008     -0.017504524     -0.039123967     -0.045586191
           -18.75            -22.4              300      0.017486414     -0.021496003     0.0002200829     -0.017965471     -0.040610179     -0.046730433
        -18.28125            -22.4              300      0.017517984     -0.021765996    0.00019430273      -0.01843849     -0.042149108     -0.047912717
         -17.8125            -22.4              300      0.017544564     -0.022044644    0.00017332341     -0.018919805     -0.043742578     -0.049134858
        -17.34375            -22.4              300      0.017566159     -0.022331946     0.0001571452     -0.019409422     -0.045390598     -0.050396845
          -16.875            -22.4              300      0.017588118     -0.022619942    0.00014690281     -0.019905757     -0.047092509     -0.051698066
        -16.40625            -22.4              300      0.017615506     -0.022907015    0.00013553575     -0.020416386     -0.048849352     -0.053038154
         -15.9375            -22.4              300      0.017647352     -0.023195708    0.00012132028     -0.020943293     -0.050661564     -0.054417267
        -15.46875            -22.4              300      0.017683513     -0.023486234    0.00010513517     -0.021486429     -0.052529328     -0.055835269
              -15            -22.4              300      0.017722486     -0.023782318     9.084239e-05     -0.022043755     -0.054458909     -0.057298474
        -14.53125            -22.4              300      0.017764555     -0.024086719    7.1362621e-05      -0.02261504     -0.056454483     -0.058814354
         -14.0625            -22.4              300      0.017800141     -0.024401093    5.6476099e-05     -0.023196779     -0.058511928     -0.060375009
        -13.59375            -22.4              300      0.017829247     -0.024725433    4.6181725e-05     -0.023788974     -0.060631245      -0.06198043
          -13.125            -22.4              300      0.017851872     -0.025059748    4.0480867e-05     -0.024391629     -0.062812425     -0.063630626
        -12.65625            -22.4              300       0.01786555     -0.025409289    2.6404858e-05     -0.025015639     -0.065068334     -0.065333165
         -12.1875            -22.4              300      0.017874924     -0.025773963   -3.7837599e-06     -0.025670296      -0.06741409     -0.067099623
        -11.71875            -22.4              300      0.017892813     -0.026130624   -6.9297384e-06     -0.026318608     -0.069802612     -0.068904072
           -11.25            -22.4              300      0.017912555     -0.026491418   -7.7551231e-06     -0.026982989     -0.072272025     -0.070766598
        -10.78125            -22.4              300       0.01793332     -0.026858008   -9.2876144e-06     -0.027666232      -0.07482674     -0.072689623
         -10.3125            -22.4              300      0.017955113     -0.027230389   -1.1526281e-05     -0.028368333     -0.077466741     -0.074673131
         -9.84375            -22.4              300      0.017977931     -0.027608562   -1.4469028e-05     -0.029089291     -0.080192029     -0.076717138
           -9.375            -22.4              300      0.018001776     -0.027992537   -1.8118415e-05     -0.029829111     -0.083002612     -0.078821622
         -8.90625            -22.4              300      0.018020142     -0.028386949   -1.7100028e-05     -0.030585019     -0.085904136     -0.080988541
          -8.4375            -22.4              300      0.018028196     -0.028797463   -1.1585071e-05     -0.031357061     -0.088903308     -0.083223112
         -7.96875            -22.4              300      0.018031148      -0.02922111   -7.3134288e-06     -0.032148175     -0.091996416     -0.085525043
             -7.5            -22.4              300      0.018041594     -0.029653469   -1.8664745e-05     -0.032972202      -0.09518864     -0.087894872
         -7.03125            -22.4              300      0.018055972     -0.030084638   -1.8210572e-05     -0.033807084     -0.098449953     -0.090321027
          -6.5625            -22.4              300      0.018061373     -0.030532092   -1.5829573e-05     -0.034665998      -0.10183086     -0.092829056
         -6.09375            -22.4              300      0.018057801     -0.030995844    -1.152599e-05     -0.035548944      -0.10533137     -0.095418982
           -5.625            -22.4              300      0.018045254     -0.031475876   -5.2974792e-06     -0.036455922      -0.10895148     -0.098090768
         -5.15625            -22.4              300      0.018024728     -0.031971019    3.5745907e-06      -0.03738616      -0.11269078      -0.10084422
          -4.6875            -22.4              300      0.018004378     -0.032473106    1.6213162e-05     -0.038337797      -0.11654527      -0.10367646
         -4.21875            -22.4              300      0.017981794     -0.032986075    2.7478149e-05     -0.039315946      -0.12051548      -0.10658727
            -3.75            -22.4              300      0.017956983     -0.033509929    3.7372316e-05     -0.040320612      -0.12460143      -0.10957667
         -3.28125            -22.4              300      0.017929943     -0.034044664    4.5892928e-05     -0.041351788       -0.1288031      -0.11264465
          -2.8125            -22.4              300      0.017897679     -0.034592815      4.93888e-05     -0.042410433      -0.13311648      -0.11579015
         -2.34375            -22.4              300      0.017860221     -0.035153884    4.9741338e-05     -0.043494672       -0.1375417      -0.11901366
           -1.875            -22.4              300      0.017787896     -0.035752423    6.1264145e-05     -0.044598699       -0.1421413      -0.12235264
         -1.40625            -22.4              300      0.017707616     -0.036367342    7.6964796e-05     -0.045737822       -0.1469287      -0.12581435
          -0.9375            -22.4              300      0.017678978     -0.036938209    0.00010492623     -0.046916932      -0.15180819      -0.12933426
         -0.46875            -22.4              300       0.01766482     -0.037523985    8.6785483e-05     -0.048153996      -0.15685186      -0.13297196
                0            -22.4              300      0.017635066     -0.038132083    7.1651535e-05     -0.049426183      -0.16206098      -0.13671935
          0.46875            -22.4              300      0.017589713     -0.038762491    5.9519334e-05     -0.050733481      -0.16743557      -0.14057635
           0.9375            -22.4              300      0.017528759     -0.039415203    5.0385588e-05     -0.052075893      -0.17297564      -0.14454301
          1.40625            -22.4              300      0.017452206     -0.040090229    4.4261284e-05     -0.053453423      -0.17868112      -0.14861935
            1.875            -22.4              300      0.017360048     -0.040786557     4.440562e-05     -0.054863323       -0.1845499      -0.15280442
          2.34375            -22.4              300      0.017252794     -0.041503802    5.1158597e-05     -0.056304656      -0.19058125       -0.1570985
           2.8125            -22.4              300      0.017130621     -0.042242952    6.1063445e-05     -0.057780113      -0.19677743      -0.16150266
          3.28125            -22.4              300      0.016993534     -0.043003995    7.4115465e-05     -0.059289698      -0.20313846      -0.16601689
             3.75            -22.4              300      0.016839091     -0.043789983     8.374438e-05     -0.060839873      -0.20966537      -0.17063817
          4.21875            -22.4              300      0.016712863      -0.04458918    5.6783203e-05     -0.062458921      -0.21643165      -0.17541711
           4.6875            -22.4              300      0.016594322     -0.045393545    3.2742275e-05     -0.064125188        -0.223437      -0.18036288
          5.15625            -22.4              300       0.01647329     -0.046206594    1.3777753e-05     -0.065839611      -0.23067521      -0.18546854
            5.625            -22.4              300      0.016349765      -0.04702834   -1.1012889e-07     -0.067602195      -0.23814626      -0.19073412
          6.09375            -22.4              300      0.016223751     -0.047858778   -8.9220703e-06     -0.069412947      -0.24585018      -0.19615957
           6.5625            -22.4              300      0.016095245     -0.048697907   -1.2662029e-05     -0.071271859      -0.25378695      -0.20174491
          7.03125            -22.4              300      0.015964249     -0.049545739   -1.1320692e-05     -0.073178925      -0.26195654      -0.20749015
              7.5            -22.4              300      0.015830761     -0.050402258   -4.9062073e-06     -0.075134158      -0.27035904      -0.21339527
          7.96875            -22.4              300       0.01569478     -0.051267471    6.5856148e-06     -0.077137552      -0.27899432      -0.21946028
           8.4375            -22.4              300      0.015556311      -0.05214138    2.3149885e-05     -0.079189099      -0.28786254      -0.22568518
          8.90625            -22.4              300       0.01541535     -0.053023987     4.479161e-05     -0.081288815      -0.29696357         -0.23207
            9.375            -22.4              300      0.015402273     -0.053813729    5.2473624e-05     -0.083458856      -0.30632055      -0.23863216
          9.84375            -22.4              300      0.015153708     -0.054827072   -1.8314458e-06     -0.085756183      -0.31608197      -0.24544786
          10.3125            -22.4              300      0.014994059     -0.055781566   -2.5006942e-05     -0.088109277      -0.32612148      -0.25247651
         10.78125            -22.4              300      0.014857528     -0.056742448   -4.4335844e-05     -0.090531945      -0.33647504      -0.25973746
            11.25            -22.4              300      0.014609724     -0.057758689    2.9736053e-05     -0.092911415      -0.34697965      -0.26710945
         11.71875            -22.4              300      0.014378173     -0.058774441     9.584651e-05     -0.095378384      -0.35781986       -0.2747097
          12.1875            -22.4              300      0.014162886     -0.059789691    0.00015397739     -0.097932875      -0.36899576      -0.28253818
         12.65625            -22.4              300      0.013983245     -0.060795233    0.00019038405      -0.10058615      -0.38051498      -0.29060227
           13.125            -22.4              300      0.013829977     -0.061795145    0.00020050863      -0.10333819      -0.39235663      -0.29888865
         13.59375            -22.4              300       0.01364954     -0.062814713    0.00021673227      -0.10616055      -0.40449038      -0.30737194
          14.0625            -22.4              300      0.013441933     -0.063853934    0.00023904769      -0.10905322      -0.41691646       -0.3160522
         14.53125            -22.4              300      0.013207159     -0.064912796    0.00026745629      -0.11201622      -0.42963466      -0.32492933
               15            -22.4              300      0.012966425     -0.065973036    0.00031981769       -0.1150574        -0.442725      -0.33406061
         15.46875            -22.4              300      0.012719695     -0.067052051    0.00041301156      -0.11818053      -0.45632443      -0.34356165
          15.9375            -22.4              300      0.012470551     -0.068167537     0.0004986258      -0.12135239      -0.47020602      -0.35328555
         16.40625            -22.4              300      0.012201265     -0.069301493    0.00057948416      -0.12463333      -0.48452884       -0.3633025
           16.875            -22.4              300      0.011911833     -0.070453905    0.00065559824      -0.12802336      -0.49929279      -0.37361258
         17.34375            -22.4              300      0.011602253     -0.071624793    0.00072695815      -0.13152245      -0.51449788      -0.38421574
          17.8125            -22.4              300      0.011272531     -0.072814144    0.00079356553      -0.13513063      -0.53014416       -0.3951121
         18.28125            -22.4              300      0.010922664      -0.07402195    0.00085542374      -0.13884789      -0.54623157      -0.40630153
            18.75            -22.4              300      0.010552653     -0.075248241    0.00091252732      -0.14267424      -0.56276023      -0.41778409
         19.21875            -22.4              300      0.010110326     -0.076528214    0.00096724182      -0.14660314      -0.57971448      -0.42953858
          19.6875            -22.4              300     0.0094745457     -0.077938594     0.0010351419      -0.15061311      -0.59703535      -0.44149965
         20.15625            -22.4              300     0.0092165573     -0.079084069     0.0011696903      -0.15473892      -0.61509132      -0.45397532
           20.625            -22.4              300     0.0088594463     -0.080209471     0.0012608524      -0.15899883      -0.63318372      -0.46644488
         21.09375            -22.4              300       0.00840123     -0.081430316     0.0013665066      -0.16338705      -0.65192819      -0.47933829
          21.5625            -22.4              300     0.0078948997     -0.082692236     0.0014691884      -0.16790435      -0.67122447      -0.49259004
         22.03125            -22.4              300      0.007340434     -0.083995253     0.0015689086      -0.17255072      -0.69107276      -0.50620013
             22.5            -22.4              300     0.0067378585      -0.08533933     0.0016656504      -0.17732617      -0.71147299      -0.52016854
         22.96875            -22.4              300     0.0060871523     -0.086724505     0.0017594318       -0.1822307      -0.73242515      -0.53449529
          23.4375            -22.4              300     0.0053883325     -0.088150747     0.0018502371      -0.18726429      -0.75392926      -0.54918039
         23.90625            -22.4              300     0.0046413792     -0.089618072     0.0019380823      -0.19242696       -0.7759853      -0.56422383
           24.375            -22.4              300     0.0038525236     -0.091124237     0.0020235565      -0.19771954      -0.79860824      -0.57963365
         24.84375            -22.4              300     0.0030301649      -0.09269233     0.0020672143      -0.20319404      -0.82204533       -0.5955165
          25.3125            -22.4              300     0.0021435851     -0.094276696     0.0020402654      -0.20888288      -0.84605682      -0.61171967
         25.78125            -22.4              300     0.0012949682     -0.095773131     0.0020104721      -0.21476027      -0.87062383      -0.62824076
            26.25            -22.4              300    0.00048432988     -0.097181663     0.0019778269      -0.22082621      -0.89574641      -0.64507991
         26.71875            -22.4              300   -0.00029441452     -0.098497197     0.0019338017      -0.22709303      -0.92138183      -0.66221106
          27.1875            -22.4              300    -0.0010559093     -0.099709675     0.0018350895      -0.23359169      -0.94733834      -0.67952955
         27.65625            -22.4              300    -0.0017610341       -0.1008419     0.0017303431      -0.24025664      -0.97380745      -0.69716889
           28.125            -22.4              300    -0.0025286619       -0.1020231     0.0016658278      -0.24709983       -1.0011027       -0.7153163
         28.59375            -22.4              300     -0.003487777      -0.10336243      0.001547087      -0.25415242       -1.0292127      -0.73390532
          29.0625            -22.4              300    -0.0046383571      -0.10485987     0.0013741022      -0.26141447       -1.0581375      -0.75293577
         29.53125            -22.4              300    -0.0059896805       -0.1065192     0.0011511231      -0.26888865       -1.0878658      -0.77240247
               30            -22.4              300     -0.007445205      -0.10818674    0.00091136922      -0.27662414       -1.1182337      -0.79224348
         30.46875            -22.4              300    -0.0088228649      -0.10969929    0.00063155091      -0.28462711       -1.1492448      -0.81247115
          30.9375            -22.4              300     -0.010122627      -0.11105683    0.00031165231      -0.29289761       -1.1808994       -0.8330856
         31.40625            -22.4              300     -0.011344516       -0.1122594   -4.8319285e-05      -0.30143568       -1.2131974      -0.85408682
           31.875            -22.4              300     -0.012488523      -0.11330695   -0.00044835854      -0.31024125       -1.2461387      -0.87547469
         32.34375            -22.4              300     -0.013554659      -0.11419953   -0.00088847167      -0.31931433       -1.2797233      -0.89724934
          32.8125            -22.4              300     -0.014542931      -0.11493711    -0.0013686463      -0.32865494       -1.3139514      -0.91941071
         33.28125            -22.4              300     -0.015423246      -0.11584505    -0.0019930601      -0.33842432       -1.3496872      -0.94234055
            33.75            -22.4              300      -0.01654605      -0.11676876    -0.0026642175      -0.34847054       -1.3859464      -0.96557075
         34.21875            -22.4              300     -0.018166719      -0.11785457    -0.0034279148      -0.35886165       -1.4228573      -0.98924804
          34.6875            -22.4              300      -0.01952897      -0.11872507    -0.0042782063      -0.36965677       -1.4607559       -1.0135658
         35.15625            -22.4              300     -0.020761855      -0.11934158    -0.0051558316      -0.38078463       -1.4992369       -1.0382756
           35.625            -22.4              300      -0.02195571      -0.11977635    -0.0060508135      -0.39222968       -1.5383464        -1.063392
         36.09375            -22.4              300     -0.023110567       -0.1200294    -0.0069631478      -0.40399197       -1.5780845        -1.088915
          36.5625            -22.4              300     -0.024226459      -0.12010071    -0.0078928191      -0.41607141       -1.6184506       -1.1148443
         37.03125            -22.4              300     -0.025303302      -0.11999028    -0.0088398531      -0.42846811       -1.6594452       -1.1411803
             37.5            -22.4              300     -0.026341166      -0.11969814     -0.009804232      -0.44118202       -1.7010682       -1.1679227
         37.96875            -22.4              300     -0.027125616      -0.11891352     -0.010670439      -0.45428038       -1.7434541        -1.195225
          38.4375            -22.4              300     -0.027917115      -0.11794512     -0.011509572      -0.46786323       -1.7869403       -1.2232764
         38.90625            -22.4              300     -0.029068569      -0.11721294     -0.012507466      -0.48183048       -1.8311777       -1.2517818
           39.375            -22.4              300     -0.030468326      -0.11639913     -0.013583539      -0.49617863       -1.8759346       -1.2806553
         39.84375            -22.4              300     -0.032184456      -0.11541095     -0.014829319      -0.51077026       -1.9205143       -1.3093641
          40.3125            -22.4              300     -0.033672825      -0.11388114     -0.016174505      -0.52591085       -1.9655204       -1.3384752
         40.78125            -22.4              300     -0.034759216      -0.11173956     -0.017537827      -0.54166096       -2.0113368       -1.3683079
            41.25            -22.4              300     -0.035509028      -0.10908023     -0.018853424      -0.55782664       -2.0579028       -1.3987732
         41.71875            -22.4              300     -0.036054239      -0.10601586     -0.020164376      -0.57440382        -2.105125       -1.4297667
          42.1875            -22.4              300     -0.036394816      -0.10254647     -0.021470677      -0.59139234       -2.1530042       -1.4612885
         42.65625            -22.4              300     -0.036633395     -0.098727271     -0.022788351      -0.60895991       -2.2017899       -1.4935398
           43.125            -22.4              300     -0.037056107      -0.09452574     -0.024097379      -0.62710279       -2.2511368       -1.5263056
         43.59375            -22.4              300     -0.037616715     -0.089839146     -0.025363412       -0.6455487       -2.3004928       -1.5591708
          44.0625            -22.4              300      -0.03831524     -0.084667459     -0.026586462      -0.66429758       -2.3498585       -1.5921354
         44.53125            -22.4              300     -0.039151613     -0.079010643     -0.027766541      -0.68334955       -2.3992338       -1.6251998
               45            -22.4              300     -0.040125933     -0.072868749     -0.028903633      -0.70270449       -2.4486187       -1.6583635
         45.46875            -22.4              300     -0.039813828     -0.064762749     -0.029821351      -0.72223294       -2.4969544       -1.6911426
          45.9375            -22.4              300     -0.039013587     -0.055465724     -0.030638756      -0.74193186       -2.5445738       -1.7236185
         46.40625            -22.4              300     -0.040278614     -0.047561456     -0.031645332      -0.76221257       -2.5935636       -1.7568884
           46.875            -22.4              300     -0.041186024     -0.038405288     -0.032548383      -0.78287655       -2.6421316       -1.7900589
         47.34375            -22.4              300     -0.041735746     -0.027997164     -0.033347931      -0.80392379       -2.6902781       -1.8231293
          47.8125            -22.4              300     -0.041927885     -0.016337173     -0.034043934      -0.82535422       -2.7380028          -1.8561
         48.28125            -22.4              300     -0.041879386    -0.0034279423     -0.034559734       -0.8470152        -2.784982       -1.8887732
            48.75            -22.4              300     -0.042009909      0.010114938     -0.035046466      -0.86858541       -2.8309875       -1.9209033
         49.21875            -22.4              300     -0.042220466      0.024493605     -0.035513379      -0.89027494       -2.8760736       -1.9525672
          49.6875            -22.4              300     -0.042534828      0.039689016     -0.035960883      -0.91208518       -2.9202516       -1.9837654
         50.15625            -22.4              300     -0.042952947       0.05570117     -0.036388982      -0.93401611        -2.963521       -2.0144982
           50.625            -22.4              300      -0.04341428      0.073507629      -0.03677316      -0.95542312       -3.0038078       -2.0433486
         51.09375            -22.4              300     -0.042611957      0.093116194     -0.037340768      -0.97693986       -3.0432181       -2.0719056
          51.5625            -22.4              300     -0.041403539       0.11402187      -0.03789543      -0.99860227       -3.0818667       -2.1001279
         52.03125            -22.4              300     -0.040527374        0.1361485     -0.038286142       -1.0199691       -3.1185338       -2.1270652
             52.5            -22.4              300     -0.039983753       0.15949589     -0.038512889       -1.0410405       -3.1532207       -2.1527171
         52.96875            -22.4              300     -0.039858706       0.18420745     -0.038386893       -1.0615215       -3.1853757       -2.1766322
          53.4375            -22.4              300     -0.039910115       0.21031472     -0.038019486       -1.0813804       -3.2150726       -2.1989119
         53.90625            -22.4              300     -0.040097557        0.2377983     -0.037453152       -1.1006615       -3.2424083       -2.2196398
           54.375            -22.4              300      -0.04042092       0.26665831     -0.036687899       -1.1193647       -3.2673819       -2.2388163
         54.84375            -22.4              300      -0.04211143       0.29635558     -0.036263276       -1.1361083       -3.2866008       -2.2539177
          55.3125            -22.4              300      -0.04343757       0.32721165     -0.036069963       -1.1529782       -3.3042996       -2.2681775
         55.78125            -22.4              300     -0.044117555       0.35973459     -0.035776835       -1.1695057       -3.3200679       -2.2812169
            56.25            -22.4              300     -0.044698544       0.39380562     -0.035362568       -1.1842809       -3.3314836       -2.2911801
         56.71875            -22.4              300     -0.045180447       0.42942473     -0.034827188       -1.1973033        -3.338547       -2.2980673
          57.1875            -22.4              300      -0.04556337       0.46659189     -0.034170683       -1.2085731       -3.3412576       -2.3018785
         57.65625            -22.4              300     -0.045847252       0.50530714     -0.033393055       -1.2180904       -3.3396158       -2.3026135
           58.125            -22.4              300     -0.046032146       0.54557043     -0.032494292       -1.2258549       -3.3336213       -2.3002722
         58.59375            -22.4              300     -0.046117976        0.5873819     -0.031474415        -1.231867       -3.3232744       -2.2948546
          59.0625            -22.4              300     -0.046104714       0.63074154     -0.030333418       -1.2361264       -3.3085747       -2.2863615
         59.53125            -22.4              300     -0.046079498       0.67560518     -0.029016767       -1.2382672       -3.2886653        -2.274359
               60            -22.4              300      -0.04764273       0.71841228     -0.027775593       -1.2383265       -3.2642081       -2.2593737
         60.46875            -22.4              300      -0.04845503       0.76366293     -0.026579568       -1.2372565         -3.23559       -2.2408543
          60.9375            -22.4              300     -0.048789494       0.80988657     -0.025531886        -1.233296       -3.2008967       -2.2180762
         61.40625            -22.4              300     -0.049454525       0.85610723     -0.024474964       -1.2265558       -3.1607869       -2.1914935
           61.875            -22.4              300     -0.050495297       0.90228069     -0.023383055       -1.2170717       -3.1153028       -2.1611049
         62.34375            -22.4              300     -0.051911637       0.94840705     -0.022256186        -1.204844       -3.0644448       -2.1269104
          62.8125            -22.4              300     -0.053574443       0.99463505     -0.021087663       -1.1898704       -3.0082533        -2.088953
         63.28125            -22.4              300      -0.05495555        1.0416186     -0.019842178       -1.1720783       -2.9468119       -2.0473108
            63.75            -22.4              300     -0.056474369        1.0889059     -0.018536227       -1.1514335       -2.8799336       -2.0017738
         64.21875            -22.4              300     -0.058130946         1.136497     -0.017169811       -1.1279361       -2.8076165       -1.9523419
          64.6875            -22.4              300     -0.057896137        1.1845284     -0.015969219         -1.10182       -2.7276142       -1.8976029
         65.15625            -22.4              300     -0.057839289        1.2313643     -0.014752428       -1.0733232       -2.6436563       -1.8399317
           65.625            -22.4              300     -0.056994878         1.277974     -0.013480896       -1.0430156        -2.556813       -1.7800075
         66.09375            -22.4              300     -0.057896499        1.3219779     -0.012193995       -1.0092515       -2.4642849       -1.7161283
          66.5625            -22.4              300     -0.060698319        1.3625733     -0.011042755      -0.97215503        -2.366092       -1.6484711
         67.03125            -22.4              300      -0.06143187        1.4038649     -0.010236056      -0.93439406       -2.2659473       -1.5791689
             67.5            -22.4              300     -0.061720241         1.444088    -0.0094768498      -0.89394289         -2.16031       -1.5058963
         67.96875            -22.4              300     -0.061563071        1.4832431    -0.0087651499      -0.85080135       -2.0491798        -1.428653
          68.4375            -22.4              300     -0.060960427        1.5213302    -0.0081009576      -0.80496961       -1.9325566       -1.3474393
         68.90625            -22.4              300     -0.059912462        1.5583491    -0.0074842628      -0.75644755       -1.8104405       -1.2622551
           69.375            -22.4              300     -0.060582235        1.5922511     -0.006609167      -0.70541519       -1.6840868       -1.1741291
         69.84375            -22.4              300     -0.062420227        1.6226362    -0.0056530652      -0.65280181       -1.5552783       -1.0843233
          70.3125            -22.4              300     -0.064350821         1.650327    -0.0047893794      -0.59872568       -1.4238386      -0.99264967
         70.78125            -22.4              300     -0.066373646        1.6753235    -0.0040181163      -0.54318666       -1.2897675      -0.89910859
            71.25            -22.4              300     -0.068488866         1.697626    -0.0033392725       -0.4861849       -1.1530652      -0.80369991
         71.71875            -22.4              300     -0.070696481        1.7172346    -0.0027528487      -0.42772031       -1.0137316      -0.70642376
          72.1875            -22.4              300     -0.072931603        1.7341385    -0.0022869541      -0.36786476       -0.8718791      -0.60741478
         72.65625            -22.4              300       -0.0736655        1.7498257    -0.0020183956       -0.3074235      -0.72850156      -0.50788933
           73.125            -22.4              300     -0.073536702        1.7642534    -0.0014959886      -0.24599725      -0.58309412       -0.4069556
         73.59375            -22.4              300     -0.073515177        1.7753175   -0.00093797699      -0.18400511      -0.43694475      -0.30534011
          74.0625            -22.4              300     -0.073605344        1.7830162   -0.00034571835      -0.12144692      -0.29003537      -0.20303074
         74.53125            -22.4              300     -0.073807195        1.7873499    0.00028078526     -0.058322795      -0.14236602      -0.10002758
               75            -22.4              300     -0.074120477        1.7883185    0.00094153476     0.0053673685     0.0060633719     0.0036695004
         75.46875            -22.4              300     -0.074545398        1.7859222     0.0016365298      0.069623515       0.15525275       0.10806043
          75.9375            -22.4              300     -0.075243935        1.7801261      0.002274459       0.13413477       0.30515942       0.21311763
         76.40625            -22.4              300     -0.076065756        1.7715914     0.0027329582       0.19748674        0.4539879       0.31735256
           76.875            -22.4              300     -0.076413497        1.7607881     0.0032354798       0.25989506       0.60089314       0.42003965
         77.34375            -22.4              300     -0.076287039        1.7477169     0.0037820269       0.32135978       0.74587512       0.52117884
          77.8125            -22.4              300     -0.075686604        1.7323772     0.0043725958       0.38188091        0.8889339       0.62077028
         78.28125            -22.4              300     -0.074611872        1.7147698     0.0050071888       0.44145837        1.0300696        0.7188139
            78.75            -22.4              300     -0.072789833        1.6956331     0.0056030597       0.49986491        1.1690866       0.81532252
         79.21875            -22.4              300     -0.072272293        1.6741244     0.0062713893       0.55753803        1.3066249       0.91107839
          79.6875            -22.4              300     -0.073044233        1.6485023      0.007258872       0.61338782        1.4397733        1.0039839
         80.15625            -22.4              300     -0.070293814        1.6203879      0.007982349       0.66779512        1.5712925         1.095816
           80.625            -22.4              300     -0.068434358        1.5897945     0.0085587827       0.72073448        1.7010353        1.1863732
         81.09375            -22.4              300     -0.068460748        1.5564053     0.0092295632       0.77106696        1.8259454         1.273392
          81.5625            -22.4              300     -0.068245739        1.5216063     0.0099821705       0.81915414        1.9464734        1.3572875
         82.03125            -22.4              300     -0.067789197        1.4853978      0.010816605       0.86499596         2.062619        1.4380598
             82.5            -22.4              300     -0.067091212        1.4477793      0.011732863        0.9085924        2.1743822        1.5157089
         82.96875            -22.4              300     -0.066151768        1.4087511      0.012730948       0.94994354        2.2817628        1.5902349
          83.4375            -22.4              300       -0.0652721        1.3674484      0.013893567       0.98875988        2.3842106        1.6613514
         83.90625            -22.4              300     -0.064368546        1.3241141       0.01515378        1.0253011        2.4822989        1.7294494
           84.375            -22.4              300     -0.063403077        1.2788564      0.016497748        1.0596178        2.5761297        1.7945888
         84.84375            -22.4              300     -0.061455105         1.236537       0.01752793        1.0917099        2.6647894        1.8555261
          85.3125            -22.4              300     -0.060938753         1.190292      0.018639738        1.1198679        2.7475882        1.9122163
         85.78125            -22.4              300       -0.0604719        1.1432585      0.019862074        1.1453202        2.8248885        1.9651099
            86.25            -22.4              300     -0.059760295        1.0963203      0.021169083        1.1681427        2.8964896        2.0140393
         86.71875            -22.4              300     -0.058804065        1.0494773      0.022560766        1.1883355        2.9623914        2.0590048
          87.1875            -22.4              300     -0.057635702        1.0027955        0.0239443        1.2057543        3.0225165        2.0999684
         87.65625            -22.4              300     -0.056634299       0.95626473      0.024996102        1.2202044        3.0774376        2.1373212
           88.125            -22.4              300     -0.055866063        0.9095149      0.026019886        1.2323599        3.1279593        2.1715271
         88.59375            -22.4              300     -0.055330798       0.86254609      0.027015671        1.2422214        3.1740828        2.2025857
          89.0625            -22.4              300     -0.055028588       0.81535834      0.027983453        1.2497885         3.215807        2.2304976
         89.53125            -22.4              300     -0.054959528       0.76795125      0.028923223        1.2550613        3.2531316        2.2552621
               90            -22.4              300     -0.053628888       0.72280627      0.029958073        1.2588564        3.2861986         2.276937
         90.46875            -22.4              300     -0.051244497       0.68155617       0.03115065        1.2603853        3.3128991         2.293838
          90.9375            -22.4              300     -0.049844995       0.64065349      0.032262579        1.2578757        3.3314722        2.3048377
         91.40625            -22.4              300     -0.049192958       0.59924626      0.033183511        1.2526653         3.344305        2.3119249
           91.875            -22.4              300     -0.048686206       0.55887252      0.034032051        1.2460351         3.353339        2.3164203
         92.34375            -22.4              300      -0.04832473       0.51953232      0.034808196         1.237985        3.3585746        2.3183241
          92.8125            -22.4              300     -0.048108414       0.48122561      0.035511956        1.2285149        3.3600118        2.3176358
         93.28125            -22.4              300     -0.048037469       0.44395238      0.036143303        1.2176251        3.3576505        2.3143559
            93.75            -22.4              300     -0.048111752        0.4077127      0.036702272        1.2053154         3.351491        2.3084843
         94.21875            -22.4              300     -0.048331317        0.3725065      0.037188839        1.1915857        3.3415325        2.3000202
          94.6875            -22.4              300     -0.048790626        0.3379744      0.037582017        1.1763452        3.3278584        2.2889106
         95.15625            -22.4              300     -0.048885547       0.30519807      0.038050275        1.1600852        3.3110971         2.275733
           95.625            -22.4              300      -0.04727621       0.27641502      0.038756032        1.1439973        3.2926905        2.2616782
         96.09375            -22.4              300     -0.045169353       0.25054142      0.039263047        1.1269578        3.2701201        2.2447503
          96.5625            -22.4              300     -0.045524877       0.22410423      0.039607316         1.108099        3.2427526        2.2242618
         97.03125            -22.4              300     -0.046546295       0.19815782      0.039800443        1.0883516        3.2127864         2.201966
             97.5            -22.4              300     -0.046485413       0.17441279      0.039708778        1.0678954        3.1802943        2.1780524
         97.96875            -22.4              300     -0.046407387       0.15188508      0.039522059        1.0472723        3.1462088        2.1532176
          98.4375            -22.4              300     -0.046312403       0.13057464      0.039240249        1.0264823        3.1105297         2.127461
         98.90625            -22.4              300     -0.046200298       0.11048156      0.038863376        1.0055254        3.0732565        2.1007824
           99.375            -22.4              300     -0.046071265      0.091605738      0.038391408       0.98440135        3.0343897        2.0731823
         99.84375            -22.4              300     -0.045925226      0.073947206      0.037824363       0.96311063        2.9939294         2.044661
         100.3125            -22.4              300     -0.045762129       0.05750598      0.037162237       0.94165277        2.9518754        2.0152178
        100.78125            -22.4              300     -0.045486502      0.042325068      0.036416773       0.92016882        2.9085209        1.9850873
           101.25            -22.4              300     -0.044649117      0.028734993      0.035827611       0.90013701        2.8664024        1.9562299
        101.71875            -22.4              300     -0.045334812      0.015349714       0.03547623       0.87934995        2.8212504        1.9250507
         102.1875            -22.4              300     -0.045835018     0.0030240472      0.034989174       0.85870528        2.7754209        1.8935702
        102.65625            -22.4              300     -0.046149828    -0.0082420371      0.034366425       0.83820307        2.7289143        1.8617878
          103.125            -22.4              300     -0.046266384     -0.018433174      0.033600453       0.81783289        2.6817122        1.8296961
        103.59375            -22.4              300     -0.045686364      -0.02710378      0.032435592       0.79738766        2.6335678        1.7973412
         104.0625            -22.4              300     -0.044972654     -0.035073251      0.031238182       0.77749747         2.585788        1.7654097
        104.53125            -22.4              300     -0.044125263      -0.04234153      0.030008227        0.7581625        2.5383723        1.7339007
              105            -22.4              300     -0.043193914     -0.048772756      0.028776154        0.7393508         2.490834        1.7024872
