           x [mm]           y [mm]           z [mm]       ExRe [V/m]       ExIm [V/m]       EyRe [V/m]       EyIm [V/m]       EzRe [V/m]       EzIm [V/m]
---------------------------------------------------------------------------------------------------------------------------------------------------------
             -105            -22.4              300     -0.043589354     -0.048421308     -0.028407086      -0.74297333       -2.4898663       -1.7041466
       -104.53125            -22.4              300     -0.043643385     -0.041809782     -0.029454965      -0.76215482       -2.5388122       -1.7366592
        -104.0625            -22.4              300       -0.0437597     -0.034370784     -0.030380102      -0.78146845        -2.587261       -1.7690307
       -103.59375            -22.4              300     -0.044054404     -0.026094817     -0.031262718      -0.80106491       -2.6349826        -1.801069
         -103.125            -22.4              300     -0.044527583     -0.016981937     -0.032102797      -0.82094413       -2.6819773       -1.8327737
       -102.65625            -22.4              300     -0.045179192    -0.0070321281     -0.032900333      -0.84110612       -2.7282443       -1.8641449
        -102.1875            -22.4              300     -0.046015985      0.003648513      -0.03371942      -0.86159962       -2.7739444       -1.8952922
       -101.71875            -22.4              300     -0.046306081      0.015634617      -0.03479239      -0.88306814       -2.8200166       -1.9269462
          -101.25            -22.4              300     -0.046597406      0.028518822     -0.035812482       -0.9043538       -2.8650236       -1.9579501
       -100.78125            -22.4              300     -0.046647232        0.0425652     -0.036757376      -0.92561829        -2.909023       -1.9884176
        -100.3125            -22.4              300      -0.04641933      0.057819843      -0.03762335      -0.94688725       -2.9520149       -2.0183623
        -99.84375            -22.4              300     -0.045992319      0.074236333     -0.038422257      -0.96816772       -2.9940078       -2.0477901
          -99.375            -22.4              300     -0.046224952      0.091439739     -0.039205961      -0.98949307       -3.0347643       -2.0765264
        -98.90625            -22.4              300     -0.046408385       0.10996048     -0.039801728       -1.0107611       -3.0739295       -2.1043162
         -98.4375            -22.4              300     -0.046542674       0.12979853     -0.040209543       -1.0319721       -3.1115031       -2.1311598
        -97.96875            -22.4              300     -0.046627883       0.15095383     -0.040429406       -1.0531257       -3.1474855        -2.157057
            -97.5            -22.4              300     -0.046663798       0.17342654     -0.040461335       -1.0742222       -3.1818769       -2.1820078
        -97.03125            -22.4              300     -0.046630163       0.19733104     -0.040487923       -1.0952203       -3.2146032        -2.206162
         -96.5625            -22.4              300     -0.046511833       0.22293204     -0.040457718       -1.1152833       -3.2443161       -2.2283518
        -96.09375            -22.4              300     -0.046317179       0.25022924     -0.040252913       -1.1342264       -3.2707243       -2.2482018
          -95.625            -22.4              300     -0.046045888       0.27922282     -0.039873526       -1.1520506       -3.2938266       -2.2657125
        -95.15625            -22.4              300      -0.04618464       0.31012651     -0.039347723       -1.1685866       -3.3127396       -2.2802384
         -94.6875            -22.4              300     -0.046133168       0.34243241     -0.038619582       -1.1841553       -3.3291359       -2.2930129
        -94.21875            -22.4              300     -0.045467824        0.3757219      -0.03774032       -1.1984389       -3.3427463       -2.3039856
           -93.75            -22.4              300     -0.045242488       0.41031551     -0.036879212       -1.2116464       -3.3523121       -2.3122814
        -93.28125            -22.4              300     -0.045509778       0.44581485     -0.036023147       -1.2239072       -3.3586397       -2.3183713
         -92.8125            -22.4              300     -0.046269827       0.48221979     -0.035172131       -1.2352214       -3.3617282       -2.3222556
        -92.34375            -22.4              300     -0.047522638       0.51953024     -0.034326136       -1.2455888        -3.361578       -2.3239341
          -91.875            -22.4              300     -0.049037598       0.55859804     -0.033479378       -1.2545251       -3.3573453       -2.3227499
        -91.40625            -22.4              300     -0.050107971       0.59970456     -0.032621596       -1.2609339       -3.3474023       -2.3175509
         -90.9375            -22.4              300     -0.050727114        0.6421051     -0.031755123       -1.2649293       -3.3320408        -2.308603
        -90.46875            -22.4              300     -0.050894953       0.68579978     -0.030879959       -1.2665117       -3.3112595       -2.2959056
              -90            -22.4              300     -0.050733354       0.73064649      -0.02996164       -1.2657211        -3.285125       -2.2795072
        -89.53125            -22.4              300     -0.051560812       0.77526855     -0.028638352       -1.2628639       -3.2543495        -2.259753
         -89.0625            -22.4              300     -0.052630477       0.82066464     -0.027130716        -1.257585       -3.2185268        -2.236208
        -88.59375            -22.4              300     -0.053942163       0.86683488     -0.025438765       -1.2498841       -3.1776571       -2.2088718
          -88.125            -22.4              300     -0.055496458        0.9137789     -0.023562456       -1.2397615       -3.1317401       -2.1777453
        -87.65625            -22.4              300     -0.055443067       0.96028137     -0.022384422       -1.2273617       -3.0819635       -2.1440802
         -87.1875            -22.4              300     -0.057393745        1.0077474     -0.021307129       -1.2125739       -3.0257881       -2.1056166
        -86.71875            -22.4              300     -0.059001818        1.0550864     -0.020261995       -1.1951202       -2.9641562        -2.063365
           -86.25            -22.4              300     -0.060153618        1.1022398     -0.019243466       -1.1750131       -2.8971806        -2.017421
        -85.78125            -22.4              300     -0.060848027        1.1492079     -0.018251609       -1.1522527        -2.824861       -1.9677851
         -85.3125            -22.4              300     -0.061085813        1.1959906     -0.017286371       -1.1268386       -2.7471976       -1.9144565
        -84.84375            -22.4              300       -0.0608669        1.2425878     -0.016347766       -1.0987711       -2.6641903       -1.8574358
          -84.375            -22.4              300     -0.061665997         1.287472     -0.015438813       -1.0676115       -2.5760067       -1.7967322
        -83.90625            -22.4              300     -0.063111216        1.3311067      -0.01452219       -1.0333668       -2.4824157        -1.731946
         -83.4375            -22.4              300     -0.065120347        1.3735796     -0.013596288      -0.99605751       -2.3833995       -1.6630609
        -82.96875            -22.4              300     -0.067687348        1.4148923     -0.012661431      -0.95568317       -2.2789588        -1.590078
            -82.5            -22.4              300     -0.067259744        1.4554152     -0.011872843      -0.91278857       -2.1705301       -1.5146226
        -82.03125            -22.4              300     -0.069215424        1.4922242     -0.011021393      -0.86930704       -2.0604203       -1.4382139
         -81.5625            -22.4              300     -0.072738267        1.5256165     -0.010143415      -0.82386935       -1.9462926       -1.3589358
        -81.09375            -22.4              300     -0.076824918        1.5564178    -0.0092503168      -0.77577746       -1.8272306       -1.2760029
          -80.625            -22.4              300     -0.079785109        1.5868437     -0.008550439      -0.72461319       -1.7018462          -1.1885
        -80.15625            -22.4              300     -0.082070723           1.6157    -0.0078708632      -0.67172617        -1.573069       -1.0985813
         -79.6875            -22.4              300     -0.083681747        1.6429863    -0.0072115841      -0.61711621       -1.4408982       -1.0062466
        -79.21875            -22.4              300     -0.084618002        1.6687033     -0.006572614      -0.56078345       -1.3053344      -0.91149598
           -78.75            -22.4              300     -0.084879853        1.6928504    -0.0059539396      -0.50272775       -1.1663774      -0.81432933
        -78.28125            -22.4              300      -0.08446689        1.7154278    -0.0053555723      -0.44294921       -1.0240275      -0.71474677
         -77.8125            -22.4              300     -0.081813954        1.7377303    -0.0047795689      -0.38180032      -0.87967926      -0.61401349
        -77.34375            -22.4              300     -0.079105705        1.7570244     -0.004129841      -0.32024598      -0.73519325       -0.5132435
          -76.875            -22.4              300     -0.077134334        1.7725067    -0.0033904095      -0.25834113      -0.59047389      -0.41225827
        -76.40625            -22.4              300     -0.075899623        1.7841778    -0.0025612775      -0.19608577      -0.44552067      -0.31105763
         -75.9375            -22.4              300     -0.075401634        1.7920368    -0.0016424439      -0.13347994       -0.3003338      -0.20964167
        -75.46875            -22.4              300     -0.077261291         1.794163    -0.0012277763     -0.070274845      -0.15241478        -0.106607
              -75            -22.4              300       -0.0783742        1.7944909   -0.00090572622    -0.0067973137    -0.0040729325    -0.0032638805
        -74.53125            -22.4              300     -0.078570001        1.7928584   -0.00061107386      0.056668926       0.14424783        0.1001146
         -74.0625            -22.4              300     -0.077848785        1.7892661   -0.00034381918       0.12012383       0.29254729       0.20352836
        -73.59375            -22.4              300     -0.076210544        1.7837138   -0.00010396261       0.18356735       0.44082543       0.30697727
          -73.125            -22.4              300     -0.074709505        1.7749323    0.00024789112        0.2466518       0.58816165       0.40981403
        -72.65625            -22.4              300     -0.077936806        1.7577064     0.0013238225       0.30755341       0.72994924       0.50864005
         -72.1875            -22.4              300      -0.07589335         1.742927     0.0016766796       0.36963087        0.8741501       0.60933506
        -71.71875            -22.4              300     -0.074253455         1.725329     0.0020942148       0.43003565        1.0155725       0.70803195
           -71.25            -22.4              300     -0.073016971        1.7049127     0.0025764289        0.4887678        1.1542165       0.80473083
        -70.78125            -22.4              300     -0.072184354        1.6816773      0.003123316       0.54582733        1.2900821         0.899432
         -70.3125            -22.4              300     -0.071755022        1.6556237     0.0037348857       0.60121411        1.4231691       0.99213487
        -69.84375            -22.4              300     -0.071729571        1.6267509     0.0044111283       0.65492851        1.5534782        1.0828401
          -69.375            -22.4              300     -0.072807834        1.5939789     0.0051739109       0.70697665        1.6814115         1.171801
        -68.90625            -22.4              300     -0.072004825        1.5604558     0.0060906126        0.7573151        1.8057806        1.2582295
         -68.4375            -22.4              300     -0.069589585        1.5262113     0.0073787272       0.80596876        1.9266622        1.3423257
        -67.96875            -22.4              300     -0.066266477        1.4905307      0.008758368       0.85311323        2.0444927        1.4243779
            -67.5            -22.4              300     -0.065523155        1.4522568     0.0099714082       0.89835334        2.1584995        1.5039269
        -67.03125            -22.4              300     -0.065728426        1.4109765      0.010834357       0.94011199         2.265924        1.5784864
         -66.5625            -22.4              300     -0.064072639        1.3690138      0.011759674       0.97937959        2.3686898        1.6496203
        -66.09375            -22.4              300     -0.062178437        1.3265271      0.012781403        1.0161537         2.466495          1.71728
          -65.625            -22.4              300     -0.063162774        1.2803335      0.013856026        1.0489378        2.5584457        1.7804449
        -65.15625            -22.4              300     -0.059423182        1.2377812      0.014841726        1.0814117        2.6480343        1.8425637
         -64.6875            -22.4              300     -0.056110941        1.1944542      0.015816554        1.1106406         2.731792        1.9004122
        -64.21875            -22.4              300     -0.054822583        1.1486329      0.016885951        1.1360503        2.8089032        1.9533536
           -63.75            -22.4              300       -0.0538086        1.1017927      0.017938454         1.158702        2.8809612        2.0026219
        -63.28125            -22.4              300     -0.053068858        1.0539336      0.018974056        1.1785951        2.9479649        2.0482163
         -62.8125            -22.4              300     -0.052603565        1.0050555      0.019992756          1.19573        3.0099151        2.0901375
        -62.34375            -22.4              300     -0.052262411       0.95560461      0.021067834        1.2100672        3.0661793        2.1279345
          -61.875            -22.4              300     -0.051550753       0.90758085      0.022338994        1.2218279        3.1155362        2.1608379
        -61.40625            -22.4              300     -0.050814189       0.86028194      0.023576872        1.2313136        3.1599555        2.1903105
         -60.9375            -22.4              300     -0.050052315       0.81370801      0.024781507        1.2385241        3.1994359        2.2163517
        -60.46875            -22.4              300     -0.049265355        0.7678591      0.025952874        1.2434593        3.2339778        2.2389622
              -60            -22.4              300      -0.04845342       0.72273499      0.027090967        1.2461195        3.2635818        2.2581418
        -59.53125            -22.4              300     -0.047616437       0.67833579      0.028195791        1.2465045        3.2882485        2.2738903
         -59.0625            -22.4              300     -0.046754159       0.63466167       0.02926736        1.2446144        3.3079755        2.2862077
        -58.59375            -22.4              300     -0.047678921       0.59051192      0.030217292        1.2412578        3.3247135        2.2962165
          -58.125            -22.4              300     -0.046901807       0.54903239        0.0314455        1.2349617        3.3349867        2.3016369
        -57.65625            -22.4              300     -0.045786455       0.50949407      0.032557745        1.2262855        3.3398232        2.3030376
         -57.1875            -22.4              300     -0.044707276       0.47157413      0.033489287        1.2154152        3.3396506        2.3006942
        -56.71875            -22.4              300     -0.043969475       0.43486387      0.034209859        1.2034409        3.3359849        2.2958591
           -56.25            -22.4              300     -0.043036215       0.39947984      0.034648072         1.189839        3.3278642        2.2880392
        -55.78125            -22.4              300     -0.042458672       0.36513615      0.035115149        1.1754661        3.3167338        2.2782724
         -55.3125            -22.4              300     -0.042090163       0.33190122      0.035606854        1.1600983         3.302273        2.2662935
        -54.84375            -22.4              300     -0.041871689       0.29980499       0.03612202        1.1436739        3.2843823        2.2520235
          -54.375            -22.4              300      -0.04180339       0.26884726      0.036660634        1.1261923        3.2630625        2.2354622
        -53.90625            -22.4              300     -0.041567408       0.23883593      0.037171822        1.1083932        3.2411895        2.2185717
         -53.4375            -22.4              300     -0.042431101       0.21051095      0.037401721        1.0891626        3.2149577        2.1985209
        -52.96875            -22.4              300      -0.04325486       0.18390107      0.037465189        1.0690609        3.1856568        2.1763306
            -52.5            -22.4              300     -0.043897711       0.15902516      0.037382219        1.0481946        3.1535065        2.1521711
        -52.03125            -22.4              300     -0.044359665       0.13588327      0.037152797        1.0265642        3.1185067        2.1260419
         -51.5625            -22.4              300     -0.044526763       0.11423039      0.037022173        1.0046785        3.0810971        2.0985796
        -51.09375            -22.4              300     -0.044603866      0.093748257      0.036884032       0.98275775        3.0421913        2.0703082
          -50.625            -22.4              300     -0.044621907      0.074438229      0.036700666       0.96076107        3.0018156         2.041198
        -50.15625            -22.4              300     -0.044581018      0.056300223       0.03647206       0.93868852        2.9599707        2.0112491
         -49.6875            -22.4              300     -0.044480991      0.039334387      0.036198236       0.91654015        2.9166558        1.9804611
        -49.21875            -22.4              300     -0.044170015      0.023606125      0.035856631       0.89436936        2.8720045        1.9489644
           -48.75            -22.4              300     -0.042396754     0.0098276399      0.035211079       0.87290365        2.8274574        1.9180746
        -48.28125            -22.4              300     -0.040138096    -0.0022859201      0.034366593       0.85202843        2.7824378        1.8871543
         -47.8125            -22.4              300     -0.040449515     -0.015049043      0.033808086       0.83083755        2.7360146        1.8548518
        -47.34375            -22.4              300      -0.04092931     -0.027154159      0.033211797       0.80965573        2.6888969        1.8221216
          -46.875            -22.4              300     -0.041180864     -0.038333211      0.032518443       0.78857642        2.6412048        1.7891327
        -46.40625            -22.4              300     -0.040657673     -0.047607675      0.031457003       0.76733023        2.5921292        1.7554704
         -45.9375            -22.4              300     -0.040074352     -0.056086458      0.030310225       0.74650341        2.5429802        1.7219764
        -45.46875            -22.4              300     -0.039421584     -0.063805953      0.029105954       0.72615415        2.4938412        1.6887087
              -45            -22.4              300     -0.038828969     -0.070863351      0.027897637       0.70625901        2.4446001        1.6555388
        -44.53125            -22.4              300     -0.038557429     -0.077435106      0.026681462       0.68669498         2.395138        1.6223295
         -44.0625            -22.4              300     -0.038439617     -0.083554134       0.02549091       0.66744769        2.3456771        1.5892165
        -43.59375            -22.4              300     -0.038202107     -0.089147918      0.024298767       0.64862531        2.2965984        1.5564643
          -43.125            -22.4              300     -0.037841126     -0.094209962      0.023101078       0.63023531        2.2479081        1.5240788
        -42.65625            -22.4              300     -0.037356667      -0.09874022      0.021897841       0.61227763        2.1996059        1.4920601
         -42.1875            -22.4              300     -0.036748733      -0.10273869      0.020689063       0.59475213        2.1516922        1.4604077
        -41.71875            -22.4              300      -0.03602808      -0.10622232      0.019500531       0.57773155        2.1042295        1.4291633
           -41.25            -22.4              300      -0.03520108      -0.10919228       0.01847345       0.56165391        2.0575244        1.3985589
        -40.78125            -22.4              300     -0.033552658      -0.11107828      0.017322429       0.54563636        2.0108619        1.3681945
         -40.3125            -22.4              300     -0.032123089      -0.11277434      0.016184771       0.52993411        1.9644685         1.338061
        -39.84375            -22.4              300     -0.030912334       -0.1142805      0.015060483       0.51454735        1.9183452        1.3081588
          -39.375            -22.4              300     -0.030603813      -0.11647768      0.013934353       0.49933693        1.8734101        1.2788608
        -38.90625            -22.4              300     -0.029869497      -0.11790783      0.012828004       0.48495713        1.8294016        1.2503661
         -38.4375            -22.4              300     -0.028995868      -0.11898696      0.011750484       0.47098145        1.7859366        1.2222822
        -37.96875            -22.4              300     -0.028069373      -0.11982726      0.010705071       0.45736057        1.7430378         1.194595
            -37.5            -22.4              300     -0.027090032      -0.12042876     0.0096917711       0.44409457        1.7007056        1.1673045
        -37.03125            -22.4              300      -0.02605778      -0.12079141     0.0087105902       0.43118337        1.6589397        1.1404108
         -36.5625            -22.4              300      -0.02497266      -0.12091519     0.0077615222       0.41862696        1.6177402        1.1139135
        -36.09375            -22.4              300     -0.023834717       -0.1208002     0.0068445494       0.40642536        1.5771071        1.0878131
          -35.625            -22.4              300     -0.022530286      -0.12048272     0.0060350243       0.39465249        1.5372844          1.06225
        -35.15625            -22.4              300     -0.021170814      -0.11994594     0.0052419249       0.38323802        1.4981132        1.0371234
         -34.6875            -22.4              300     -0.019781614      -0.11918351     0.0044468706       0.37216571        1.4595464        1.0124053
        -34.21875            -22.4              300     -0.018166116      -0.11807408     0.0036145838       0.36136365        1.4217004       0.98824787
           -33.75            -22.4              300     -0.016484458      -0.11698544     0.0028820473       0.35096323        1.3850822       0.96482182
        -33.28125            -22.4              300     -0.015499667      -0.11643136     0.0022720727       0.34090704        1.3493491       0.94173819
         -32.8125            -22.4              300     -0.014399574      -0.11557167     0.0017033771       0.33118907        1.3140918       0.91895777
        -32.34375            -22.4              300     -0.013267813      -0.11458002     0.0011483869       0.32173279        1.2795264       0.89660281
          -31.875            -22.4              300     -0.012104372      -0.11345635    0.00060710567       0.31253821        1.2456533       0.87467313
        -31.40625            -22.4              300     -0.010909266      -0.11220068    7.9531921e-05       0.30360535        1.2124724       0.85316885
         -30.9375            -22.4              300    -0.0096824849      -0.11081302   -0.00043433404       0.29493421        1.1799836       0.83208996
        -30.46875            -22.4              300    -0.0083795926      -0.10930175   -0.00088355219        0.2865285        1.1481712       0.81144577
              -30            -22.4              300    -0.0071341051       -0.1079573     -0.001150907       0.27842698          1.11708       0.79117155
        -29.53125            -22.4              300     -0.006093001       -0.1067724    -0.0013508545       0.27057093        1.0867913       0.77133346
         -29.0625            -22.4              300    -0.0052307844      -0.10567197    -0.0015208297        0.2630325        1.0575256       0.75208294
        -28.59375            -22.4              300    -0.0043493174      -0.10449784    -0.0016630441       0.25571534        1.0288732       0.73318541
          -28.125            -22.4              300    -0.0034382837      -0.10324609    -0.0017746873       0.24860787        1.0007912       0.71461451
        -27.65625            -22.4              300    -0.0024976842      -0.10191669    -0.0018557583       0.24171004       0.97327948       0.69637001
         -27.1875            -22.4              300    -0.0015275134      -0.10050967    -0.0019062567        0.2350219       0.94633824       0.67845213
        -26.71875            -22.4              300   -0.00052777689     -0.099025019    -0.0019261803       0.22854343       0.91996741       0.66086078
           -26.25            -22.4              300    0.00066290237     -0.097311705    -0.0019202447       0.22232893       0.89411527       0.64357769
        -25.78125            -22.4              300       0.00168797     -0.095689774    -0.0019139233        0.2162617       0.86880034       0.62659919
         -25.3125            -22.4              300     0.0025423812      -0.09416379      -0.00190742       0.21034008       0.84402347       0.60992539
        -24.84375            -22.4              300     0.0032234378     -0.092781201    -0.0019284477       0.20456405       0.82015622       0.59383368
          -24.375            -22.4              300     0.0039169369     -0.091402195    -0.0019263746       0.19897333         0.797019       0.57820171
        -23.90625            -22.4              300     0.0046293796     -0.090020061    -0.0018983632       0.19356924       0.77459109       0.56301433
         -23.4375            -22.4              300     0.0053607617     -0.088634841    -0.0018444264        0.1883518       0.75287235       0.54827154
        -22.96875            -22.4              300     0.0060599893     -0.087283686    -0.0017674759       0.18330678       0.73181087       0.53393042
            -22.5            -22.4              300     0.0065659438     -0.086063012    -0.0016839205       0.17835385       0.71106333        0.5197413
        -22.03125            -22.4              300     0.0070992918     -0.084783591    -0.0015808179       0.17353219       0.69076002       0.50584728
         -21.5625            -22.4              300     0.0076360023     -0.083476037    -0.0014808135       0.16884699       0.67094064       0.49225792
        -21.09375            -22.4              300     0.0081765223     -0.082144983     -0.001387937       0.16429961       0.65160781       0.47896931
          -20.625            -22.4              300     0.0087208273     -0.080790415    -0.0013022053       0.15989003       0.63276148        0.4659816
        -20.15625            -22.4              300     0.0092689451     -0.079412334    -0.0012235956       0.15561827       0.61440176       0.45329472
         -19.6875            -22.4              300     0.0098208496     -0.078010753    -0.0011521305       0.15148431       0.59652841       0.44090873
        -19.21875            -22.4              300      0.010321821     -0.076637067    -0.0010388771       0.14750445       0.57909244       0.42879578
           -18.75            -22.4              300      0.010749955     -0.075338587   -0.00090629741       0.14363231       0.56210101       0.41698647
        -18.28125            -22.4              300      0.011120934     -0.074126929   -0.00076636625       0.13985264       0.54559696       0.40552372
         -17.8125            -22.4              300      0.011409624     -0.073002301   -0.00064092118       0.13615577       0.52956772       0.39438754
        -17.34375            -22.4              300      0.011616026     -0.071964726   -0.00052996003       0.13254172       0.51401323       0.38357797
          -16.875            -22.4              300      0.011818226     -0.070892803   -0.00046376023        0.1290087       0.49887377       0.37302774
        -16.40625            -22.4              300      0.012083587     -0.069753766   -0.00041576708       0.12556633       0.48410425       0.36272424
         -15.9375            -22.4              300      0.012396734     -0.068584934    -0.0003701864       0.12221701       0.46971753        0.3526893
        -15.46875            -22.4              300      0.012752993     -0.067389652     -0.000325492       0.11896072        0.4557209       0.34292987
              -15            -22.4              300      0.013111887     -0.066203855   -0.00028613114       0.11579321       0.44216862       0.33349553
        -14.53125            -22.4              300       0.01344439     -0.065047733   -0.00024710753       0.11273252         0.428985       0.32429647
         -14.0625            -22.4              300      0.013719373     -0.063939087   -0.00021409197       0.10974932       0.41615257       0.31533432
        -13.59375            -22.4              300      0.013936839     -0.062877916   -0.00018707849       0.10684362       0.40367112       0.30660912
          -13.125            -22.4              300      0.014096783     -0.061864212   -0.00016607856       0.10401544       0.39154074       0.29812083
        -12.65625            -22.4              300      0.014220217      -0.06088642    -0.0001314003       0.10126855       0.37974569       0.28986576
         -12.1875            -22.4              300      0.014381409     -0.059911665   -5.8020581e-05      0.098610498       0.36828634       0.28185633
        -11.71875            -22.4              300      0.014544728     -0.058945663      -2.8871e-05      0.096024483       0.35724187       0.27413154
           -11.25            -22.4              300       0.01471377     -0.057980575    -7.793773e-06      0.093503661       0.34647912       0.26660049
        -10.78125            -22.4              300      0.014890822     -0.057016108    1.1473428e-05      0.091048561        0.3359865       0.25925586
         -10.3125            -22.4              300      0.015075879     -0.056052264    2.8926879e-05      0.088659219       0.32576406       0.25209767
         -9.84375            -22.4              300      0.015268942     -0.055089034    4.4563785e-05      0.086335592       0.31581187       0.24512586
           -9.375            -22.4              300      0.015470015     -0.054126427      5.83902e-05      0.084077708       0.30612981       0.23834048
         -8.90625            -22.4              300      0.015646342     -0.053180914    5.0141825e-05      0.081863515       0.29670247       0.23173329
          -8.4375            -22.4              300      0.015779378      -0.05226548      1.03825e-05      0.079683483       0.28752699       0.22530459
         -7.96875            -22.4              300      0.015897363     -0.051367149    -4.271802e-05      0.077557653       0.27861884       0.21906322
             -7.5            -22.4              300      0.016050229     -0.050461013    -7.890915e-05      0.075508267       0.26998785       0.21302497
         -7.03125            -22.4              300      0.016211022     -0.049581449   -7.3537361e-05      0.073552936       0.26165655         0.207178
          -6.5625            -22.4              300      0.016358329     -0.048725531   -6.7994755e-05      0.071644306       0.25354418       0.20148011
         -6.09375            -22.4              300      0.016492154     -0.047893252   -6.2274514e-05      0.069782384       0.24565077       0.19593129
           -5.625            -22.4              300      0.016612489     -0.047084618   -5.6380639e-05      0.067967176       0.23797628       0.19053157
         -5.15625            -22.4              300      0.016719569     -0.046297811   -5.2106916e-05      0.066197969       0.23051804       0.18527858
          -4.6875            -22.4              300      0.016821824      -0.04551734   -5.7540019e-05      0.064472266        0.2232623        0.1801603
         -4.21875            -22.4              300      0.016923465     -0.044747084   -6.3605083e-05      0.062794015       0.21622144       0.17518766
            -3.75            -22.4              300      0.017024493     -0.043987051   -7.0306938e-05      0.061163209       0.20939547       0.17036068
         -3.28125            -22.4              300      0.017124904     -0.043237232   -7.7640085e-05      0.059579868       0.20278439       0.16567938
          -2.8125            -22.4              300      0.017217627     -0.042505547   -7.5946504e-05      0.058052614       0.19639239       0.16114561
         -2.34375            -22.4              300      0.017301507     -0.041791692   -6.7148758e-05      0.056580797       0.19021627       0.15675615
           -1.875            -22.4              300      0.017343039     -0.041126184   -5.7186233e-05      0.055146597         0.184191       0.15246698
         -1.40625            -22.4              300      0.017374594     -0.040482946   -4.2761349e-05      0.053744659       0.17827924       0.14825466
          -0.9375            -22.4              300      0.017484896     -0.039770942    -6.483683e-05      0.052350953       0.17256773       0.14419146
         -0.46875            -22.4              300      0.017599987     -0.039079253   -3.0095711e-05      0.051049255       0.16705714       0.14024539
                0            -22.4              300      0.017701849     -0.038407683    1.0071308e-06      0.049776044       0.16169912        0.1364014
          0.46875            -22.4              300      0.017790489     -0.037756242     2.847535e-05      0.048531312       0.15649363       0.13265949
           0.9375            -22.4              300      0.017865906     -0.037124909    5.2311509e-05      0.047315061       0.15144071       0.12901966
          1.40625            -22.4              300       0.01792809     -0.036513701    7.2508075e-05       0.04612729       0.14654031       0.12548187
            1.875            -22.4              300      0.017977111     -0.035921659    8.5632739e-05      0.044965468       0.14179105       0.12204538
          2.34375            -22.4              300      0.018013088      -0.03534887    9.1810027e-05      0.043830324       0.13719364       0.11871011
           2.8125            -22.4              300      0.018036015     -0.034796402    9.4839896e-05      0.042724874       0.13275008       0.11547697
          3.28125            -22.4              300      0.018045887     -0.034264266    9.4726565e-05      0.041649126       0.12846032       0.11234596
             3.75            -22.4              300      0.018044837     -0.033750098    9.0883157e-05      0.040601525       0.12431415       0.10931315
          4.21875            -22.4              300      0.018066814     -0.033235937    7.6407101e-05      0.039577685       0.12028669       0.10637238
           4.6875            -22.4              300      0.018089082     -0.032731805    6.2684645e-05      0.038580276       0.11637085       0.10350654
          5.15625            -22.4              300      0.018107018     -0.032238826    5.1527517e-05      0.037608478       0.11255834        0.1007106
            5.625            -22.4              300      0.018120622     -0.031756997    4.2936532e-05      0.036662292       0.10884914      0.097984567
          6.09375            -22.4              300      0.018129893     -0.031286322    3.6912039e-05      0.035741717       0.10524329      0.095328405
           6.5625            -22.4              300      0.018134832     -0.030826801     3.345497e-05      0.034846753       0.10174075       0.09274216
          7.03125            -22.4              300      0.018135441     -0.030378427    3.2562064e-05      0.033977401      0.098341532      0.090225793
              7.5            -22.4              300      0.018131716     -0.029941211     3.423728e-05       0.03313366      0.095045649      0.087779321
          7.96875            -22.4              300      0.018123657     -0.029515143    3.8476661e-05       0.03231553      0.091853075      0.085402749
           8.4375            -22.4              300      0.018111266      -0.02910023    4.5284163e-05      0.031523012      0.088763833      0.083096057
          8.90625            -22.4              300      0.018094545     -0.028696472    5.4657692e-05      0.030756105      0.085777931      0.080859274
            9.375            -22.4              300      0.018114505      -0.02826987    8.1430015e-05      0.030028392      0.082871959      0.078676596
          9.84375            -22.4              300      0.018078964      -0.02788798    7.1580522e-05      0.029277811      0.080037802      0.076558553
          10.3125            -22.4              300      0.018065713     -0.027498588    5.9233047e-05      0.028540675      0.077296287      0.074511886
         10.78125            -22.4              300       0.01805681     -0.027116848    4.6747213e-05      0.027821571      0.074653052      0.072540976
            11.25            -22.4              300      0.018024473     -0.026764885    3.1106349e-05      0.027128315      0.072106108      0.070623569
         11.71875            -22.4              300      0.017994754     -0.026415344    1.3526806e-05      0.026449248      0.069628157      0.068757325
          12.1875            -22.4              300      0.017967641     -0.026068237    -5.981703e-06      0.025784377      0.067219198       0.06694223
         12.65625            -22.4              300      0.017946687     -0.025722044   -2.2765511e-05      0.025136998      0.064882629      0.065181442
           13.125            -22.4              300      0.017930934     -0.025379274   -3.1917589e-05      0.024510557      0.062623031      0.063477404
         13.59375            -22.4              300      0.017910969     -0.025045022   -4.2719301e-05      0.023898495      0.060434226      0.061823431
          14.0625            -22.4              300      0.017886784     -0.024719279   -5.5168523e-05      0.023300812      0.058316194      0.060219504
         14.53125            -22.4              300      0.017858382     -0.024402045   -6.9265021e-05      0.022717506      0.056268919      0.058665629
               15            -22.4              300      0.017828243     -0.024094459    -8.257787e-05      0.022147505      0.054287694      0.057161484
         15.46875            -22.4              300      0.017797211     -0.023800259   -9.5592572e-05      0.021587573       0.05236939      0.055709589
          15.9375            -22.4              300      0.017766826      -0.02350729   -0.00010996315      0.021046717      0.050523192      0.054305267
         16.40625            -22.4              300      0.017736068     -0.023219267   -0.00012459929       0.02051782      0.048726555      0.052936908
           16.875            -22.4              300      0.017704936     -0.022936184   -0.00013950639      0.020000888      0.046979476      0.051604506
         17.34375            -22.4              300      0.017673429     -0.022658043   -0.00015468066      0.019495912      0.045281962      0.050308071
          17.8125            -22.4              300       0.01764155     -0.022384847   -0.00017012283      0.019002898      0.043634009        0.0490476
         18.28125            -22.4              300      0.017609295      -0.02211659   -0.00018583419      0.018521849      0.042035613      0.047823086
            18.75            -22.4              300      0.017576667     -0.021853279   -0.00020181321      0.018052761      0.040486783       0.04663454
         19.21875            -22.4              300      0.017540811     -0.021597367   -0.00021917291      0.017594613      0.038987316      0.045481574
          19.6875            -22.4              300       0.01749417     -0.021354871   -0.00024128836      0.017143918      0.037539221      0.044365097
         20.15625            -22.4              300      0.017473403     -0.021094821   -0.00025264785      0.016709544      0.036128968      0.043277238
           20.625            -22.4              300       0.01744475     -0.020846235   -0.00026473776      0.016286692      0.034772661      0.042226832
         21.09375            -22.4              300      0.017414816      -0.02060329   -0.00027959733      0.015870903      0.033457253      0.041205186
          21.5625            -22.4              300      0.017383805     -0.020365288   -0.00029439258       0.01546503      0.032182097      0.040211413
         22.03125            -22.4              300       0.01735172     -0.020132232   -0.00030912639      0.015069079       0.03094719       0.03924552
             22.5            -22.4              300      0.017318558     -0.019904122   -0.00032379589      0.014683048      0.029752528       0.03830751
         22.96875            -22.4              300      0.017284323     -0.019680955   -0.00033840386      0.014306934      0.028598117       0.03739737
          23.4375            -22.4              300      0.017249011     -0.019462731   -0.00035294757      0.013940743      0.027483957      0.036515124
         23.90625            -22.4              300      0.017212624     -0.019249452   -0.00036742969      0.013584469      0.026410036      0.035660747
           24.375            -22.4              300      0.017175399     -0.019040827   -0.00038180637      0.013238095      0.025375504      0.034833599
         24.84375            -22.4              300      0.017137934     -0.018834146   -0.00039556355      0.012900267       0.02436268      0.034020435
          25.3125            -22.4              300      0.017097337     -0.018633682   -0.00040600193      0.012572439      0.023382511      0.033229738
         25.78125            -22.4              300      0.017057678     -0.018436935   -0.00041292899      0.012254177      0.022434194      0.032460906
            26.25            -22.4              300      0.017018961     -0.018243907   -0.00041634357       0.01194548      0.021517733      0.031713933
         26.71875            -22.4              300      0.016981706     -0.018053988   -0.00041632669      0.011646196      0.020632526      0.030988416
          27.1875            -22.4              300      0.016947927     -0.017863769   -0.00041377771      0.011356037      0.019775046      0.030281616
         27.65625            -22.4              300      0.016915187     -0.017675305   -0.00040940652      0.011075578       0.01894608      0.029593727
           28.125            -22.4              300      0.016879853     -0.017492218   -0.00040835422      0.010800702      0.018140923       0.02892133
         28.59375            -22.4              300      0.016840933      -0.01731509   -0.00041027833      0.010530202       0.01736097      0.028265834
          29.0625            -22.4              300      0.016798424     -0.017143924   -0.00041517755      0.010264082      0.016606219      0.027627233
         29.53125            -22.4              300      0.016752571     -0.016978551   -0.00042267927      0.010002585      0.015878167      0.027006604
               30            -22.4              300      0.016706863     -0.016816102   -0.00042789348     0.0097486079      0.015182369      0.026408365
         30.46875            -22.4              300      0.016661201     -0.016656272   -0.00043131158      0.009501569      0.014505846      0.025823601
          30.9375            -22.4              300      0.016615588     -0.016499067   -0.00043293161     0.0092614694      0.013848601      0.025252322
         31.40625            -22.4              300       0.01657002     -0.016344482    -0.0004327553      0.009028309      0.013210633      0.024694523
           31.875            -22.4              300      0.016524497     -0.016192518   -0.00043078235      0.008802087      0.012591938        0.0241502
         32.34375            -22.4              300      0.016479028     -0.016043177   -0.00042701271     0.0085828044      0.011992522      0.023619361
          32.8125            -22.4              300      0.016433604     -0.015896456   -0.00042144713       0.00837046      0.011412383      0.023102004
         33.28125            -22.4              300      0.016383749     -0.015757684   -0.00041660658     0.0081642242      0.010852434      0.022599231
            33.75            -22.4              300      0.016332829     -0.015619707   -0.00041626999     0.0079599405      0.010313374      0.022111814
         34.21875            -22.4              300      0.016279474     -0.015486907    -0.0004177271     0.0077585275     0.0097949225      0.021638671
          34.6875            -22.4              300      0.016225414     -0.015358469   -0.00041462327     0.0075652921     0.0092933644      0.021177113
         35.15625            -22.4              300      0.016171331      -0.01523144   -0.00041081372     0.0073767118     0.0088073965      0.020727383
           35.625            -22.4              300       0.01611671       -0.0151069   -0.00040710336     0.0071924417     0.0083376905      0.020289874
         36.09375            -22.4              300      0.016061556     -0.014984846   -0.00040349236     0.0070124827     0.0078842454      0.019864582
          36.5625            -22.4              300      0.016005866     -0.014865276   -0.00039998308     0.0068368334     0.0074470602      0.019451499
         37.03125            -22.4              300      0.015949644     -0.014748191   -0.00039657194     0.0066654943     0.0070261355      0.019050635
             37.5            -22.4              300      0.015892887     -0.014633594   -0.00039326126     0.0064984662     0.0066214716      0.018661989
         37.96875            -22.4              300      0.015837429     -0.014518335   -0.00039337447     0.0063327271     0.0062303031      0.018284427
          38.4375            -22.4              300       0.01578154     -0.014404577   -0.00039620895     0.0061685927     0.0058511053      0.017917166
         38.90625            -22.4              300      0.015723014     -0.014296525   -0.00039547836     0.0060111135      0.005485028      0.017559228
           39.375            -22.4              300      0.015663646     -0.014190862   -0.00039674004     0.0058556795     0.0051313215       0.01721083
         39.84375            -22.4              300      0.015602644     -0.014088571    -0.0003973447     0.0057039713     0.0047896933      0.016871607
          40.3125            -22.4              300      0.015541715     -0.013988458   -0.00039647211     0.0055563278     0.0044598933      0.016542472
         40.78125            -22.4              300      0.015481677     -0.013889587   -0.00039537397       0.00541197     0.0041424227      0.016224097
            41.25            -22.4              300      0.015422156     -0.013791724    -0.0003942897     0.0052711545     0.0038371987      0.015915625
         41.71875            -22.4              300      0.015362523     -0.013695512   -0.00039236006     0.0051345192      0.003543305      0.015615925
          42.1875            -22.4              300      0.015302781     -0.013600955   -0.00038958617     0.0050020618     0.0032607415      0.015324997
         42.65625            -22.4              300      0.015243074     -0.013507224   -0.00038795552     0.0048721344     0.0029899552      0.015043781
           43.125            -22.4              300      0.015183598      -0.01341362   -0.00038960011     0.0047424748     0.0027289202      0.014771214
         43.59375            -22.4              300      0.015124204     -0.013321187   -0.00039219914     0.0046148077     0.0024760647      0.014505338
          44.0625            -22.4              300      0.015064893     -0.013229923   -0.00039575237     0.0044891327     0.0022313888      0.014246155
         44.53125            -22.4              300      0.015005662     -0.013139832   -0.00040025858     0.0043654493     0.0019948927      0.013993661
               45            -22.4              300      0.014946516     -0.013050912   -0.00040571962     0.0042437576     0.0017665762       0.01374786
         45.46875            -22.4              300      0.014888166     -0.012959328   -0.00041041698      0.004124464     0.0015455437      0.013508763
          45.9375            -22.4              300      0.014830464     -0.012867458   -0.00041409867     0.0040083574     0.0013328168      0.013276616
         46.40625            -22.4              300      0.014773463     -0.012782827    -0.0004197321     0.0038953186      0.001129754       0.01305178
           46.875            -22.4              300      0.014716788     -0.012699082   -0.00042425853     0.0037854319    0.00093365624      0.012832765
         47.34375            -22.4              300      0.014660435      -0.01261622   -0.00042767657     0.0036786979    0.00074452348      0.012619567
          47.8125            -22.4              300      0.014604408     -0.012534239   -0.00042998718     0.0035751148    0.00056235591       0.01241219
         48.28125            -22.4              300      0.014548261      -0.01245237   -0.00043136775     0.0034743776    0.00038728822      0.012210743
            48.75            -22.4              300      0.014492292     -0.012371862   -0.00043243286     0.0033765016    0.00021843743      0.012013895
         49.21875            -22.4              300       0.01443667     -0.012292163   -0.00043398241     0.0032805784    5.6274715e-05      0.011822328
          49.6875            -22.4              300      0.014381346      -0.01221335   -0.00043592497     0.0031866638   -9.9216231e-05      0.011636015
         50.15625            -22.4              300      0.014326319     -0.012135429   -0.00043826041     0.0030947586   -0.00024803539      0.011454954
           50.625            -22.4              300      0.014270926     -0.012057876   -0.00044060592     0.0030042178   -0.00039136485      0.011278258
         51.09375            -22.4              300      0.014215938     -0.011979101   -0.00044139876     0.0029166117    -0.0005300112      0.011105236
          51.5625            -22.4              300      0.014161399     -0.011900359   -0.00044153794     0.0028316109   -0.00066374999      0.010935762
         52.03125            -22.4              300      0.014106862     -0.011822486   -0.00044175127     0.0027484528   -0.00079287926      0.010769532
             52.5            -22.4              300      0.014052335     -0.011745482   -0.00044204007     0.0026671365   -0.00091739872      0.010606547
         52.96875            -22.4              300      0.013997845      -0.01167039   -0.00044208422     0.0025881715    -0.0010369236      0.010447132
          53.4375            -22.4              300      0.013943176     -0.011596469   -0.00044141599     0.0025116708    -0.0011513878      0.010291455
         53.90625            -22.4              300      0.013888299     -0.011523467   -0.00044003449     0.0024375669    -0.0012608466       0.01013948
           54.375            -22.4              300       0.01383321     -0.011451387   -0.00043793919     0.0023658597    -0.0013652998     0.0099912072
         54.84375            -22.4              300      0.013777763     -0.011380992   -0.00043617125     0.0022954093    -0.0014678475     0.0098441765
          55.3125            -22.4              300      0.013723118     -0.011311024   -0.00043461367     0.0022267525    -0.0015657543     0.0097004585
         55.78125            -22.4              300      0.013668809     -0.011241522   -0.00043226767     0.0021605873    -0.0016586077     0.0095603224
            56.25            -22.4              300      0.013614231      -0.01117291   -0.00042915656     0.0020964236    -0.0017483302     0.0094224466
         56.71875            -22.4              300      0.013559378     -0.011105189   -0.00042527993     0.0020342618    -0.0018349222     0.0092868246
          57.1875            -22.4              300      0.013504256     -0.011038362   -0.00042063801     0.0019741016    -0.0019183836     0.0091534611
         57.65625            -22.4              300      0.013448862     -0.010972426   -0.00041523072     0.0019159436    -0.0019987142     0.0090223523
           58.125            -22.4              300        0.0133932     -0.010907383   -0.00040905827     0.0018597872    -0.0020759145     0.0088935019
         58.59375            -22.4              300      0.013337266     -0.010843231   -0.00040212058     0.0018056327    -0.0021499838     0.0087669082
          59.0625            -22.4              300       0.01328106     -0.010779972   -0.00039441706     0.0017534802    -0.0022209224      0.008642571
         59.53125            -22.4              300      0.013224953     -0.010717471   -0.00038785677     0.0017020013    -0.0022886225     0.0085206432
               60            -22.4              300      0.013167419     -0.010655321   -0.00038441998      0.001649789     -0.002354736     0.0084009413
         60.46875            -22.4              300      0.013109327     -0.010594205   -0.00037600019     0.0016019706    -0.0024183965     0.0082825385
          60.9375            -22.4              300      0.013051357     -0.010534072   -0.00036757597     0.0015551639    -0.0024797884     0.0081661083
         61.40625            -22.4              300      0.012992952     -0.010474885   -0.00035971199     0.0015090969    -0.0025388598     0.0080517456
           61.875            -22.4              300       0.01293402     -0.010416634   -0.00035226555      0.001463864    -0.0025956277     0.0079394318
         62.34375            -22.4              300       0.01287456     -0.010359326   -0.00034523598      0.001419466    -0.0026500917     0.0078291707
          62.8125            -22.4              300      0.012814593     -0.010302883   -0.00033870304     0.0013758717    -0.0027022252     0.0077209738
         63.28125            -22.4              300      0.012754209     -0.010247069   -0.00033267963     0.0013331529     -0.002751936     0.0076148859
            63.75            -22.4              300      0.012693325     -0.010192188   -0.00032669533     0.0012915393    -0.0027993245     0.0075108516
         64.21875            -22.4              300      0.012631937     -0.010138236   -0.00032075011     0.0012510312    -0.0028443914     0.0074088718
          64.6875            -22.4              300      0.012572318     -0.010084294   -0.00031612022     0.0012103189    -0.0028888504     0.0073081292
         65.15625            -22.4              300      0.012512172     -0.010030718   -0.00031120656       0.00117074    -0.0029319285     0.0072093154
           65.625            -22.4              300      0.012451802     -0.009976998   -0.00030591036     0.0011324931    -0.0029733125      0.007112667
         66.09375            -22.4              300      0.012390073    -0.0099247461   -0.00029974559      0.001095694    -0.0030133184     0.0070176814
          66.5625            -22.4              300      0.012327125    -0.0098740626   -0.00029352182     0.0010595425    -0.0030521697     0.0069242604
         67.03125            -22.4              300       0.01226522    -0.0098228119   -0.00028808377     0.0010237384    -0.0030899956     0.0068325694
             67.5            -22.4              300      0.012203396    -0.0097720176   -0.00028329258    0.00098819402    -0.0031264841     0.0067427638
         67.96875            -22.4              300      0.012141653    -0.0097216805   -0.00027914712    0.00095291017    -0.0031616357     0.0066548456
          68.4375            -22.4              300       0.01207999    -0.0096718017   -0.00027564741    0.00091788656    -0.0031954502     0.0065688146
         68.90625            -22.4              300      0.012018409    -0.0096223792   -0.00027279413    0.00088312291     -0.003227928     0.0064846696
           69.375            -22.4              300      0.011956275    -0.0095739802   -0.00026956358    0.00084955763    -0.0032588523     0.0064024269
         69.84375            -22.4              300      0.011893805    -0.0095260683   -0.00026600354    0.00081696431    -0.0032889307     0.0063215876
          70.3125            -22.4              300      0.011831327    -0.0094782747   -0.00026257956    0.00078487792    -0.0033184094     0.0062420373
         70.78125            -22.4              300      0.011768843    -0.0094306022   -0.00025929059    0.00075329875    -0.0033472879     0.0061637769
            71.25            -22.4              300       0.01170635    -0.0093830498   -0.00025613705    0.00072222686    -0.0033755668     0.0060868072
         71.71875            -22.4              300      0.011643851    -0.0093356147   -0.00025311898    0.00069166219    -0.0034032457     0.0060111266
          72.1875            -22.4              300      0.011581375    -0.0092882589    -0.0002503414    0.00066148402     -0.003430313     0.0059367041
         72.65625            -22.4              300      0.011519141    -0.0092404522   -0.00024892928    0.00063057465    -0.0034568934     0.0058630961
           73.125            -22.4              300      0.011457038    -0.0091927294   -0.00024779854    0.00060023397    -0.0034830424      0.005790737
         73.59375            -22.4              300      0.011395066    -0.0091450335   -0.00024657283    0.00057058764    -0.0035087974     0.0057195472
          74.0625            -22.4              300      0.011333227    -0.0090973722   -0.00024525914    0.00054162904     -0.003534161     0.0056495285
         74.53125            -22.4              300      0.011271518    -0.0090497416   -0.00024385689    0.00051335833    -0.0035591319     0.0055806804
               75            -22.4              300      0.011209937    -0.0090021444     -0.000242366     0.0004857757    -0.0035837104     0.0055130026
         75.46875            -22.4              300      0.011148488    -0.0089545799   -0.00024078661    0.00045888094    -0.0036078969      0.005446495
          75.9375            -22.4              300       0.01108729    -0.0089070089   -0.00023908156    0.00043261214    -0.0036317543     0.0053809164
         76.40625            -22.4              300       0.01102651    -0.0088592535   -0.00023756058    0.00040654541    -0.0036558164     0.0053153401
           76.875            -22.4              300      0.010965848    -0.0088113425   -0.00023651126    0.00038064644    -0.0036801747     0.0052500283
         77.34375            -22.4              300      0.010905309    -0.0087632798   -0.00023593308    0.00035491551    -0.0037048284      0.005184981
          77.8125            -22.4              300      0.010844887    -0.0087150596   -0.00023582685     0.0003293521    -0.0037297779     0.0051201987
         78.28125            -22.4              300      0.010784588    -0.0086666876   -0.00023619171    0.00030395677    -0.0037550237     0.0050556818
            78.75            -22.4              300      0.010724341    -0.0086180195   -0.00023696518     0.0002787525    -0.0037804795     0.0049913479
         79.21875            -22.4              300      0.010663835    -0.0085694473   -0.00023636795    0.00025506289    -0.0038059396     0.0049272487
          79.6875            -22.4              300      0.010603802    -0.0085207522   -0.00023429657    0.00023286691    -0.0038317556     0.0048630866
         80.15625            -22.4              300      0.010544941    -0.0084712971   -0.00023467204    0.00020946257    -0.0038576436     0.0047992598
           80.625            -22.4              300       0.01048555     -0.008422141   -0.00023452379    0.00018689352    -0.0038838303     0.0047354493
         81.09375            -22.4              300      0.010425671    -0.0083732801   -0.00023295498     0.0001656081    -0.0039108256     0.0046711145
          81.5625            -22.4              300      0.010365766     -0.008324354   -0.00023135211    0.00014477945    -0.0039385054     0.0046063829
         82.03125            -22.4              300      0.010305836    -0.0082753627   -0.00022971477    0.00012440776    -0.0039668698     0.0045412551
             82.5            -22.4              300      0.010245879    -0.0082263062   -0.00022804331    0.00010449285    -0.0039959173     0.0044757319
         82.96875            -22.4              300      0.010185894    -0.0081771826   -0.00022633746    8.5034728e-05    -0.0040256502     0.0044098119
          83.4375            -22.4              300      0.010126019     -0.008127993   -0.00022428563    6.6229812e-05    -0.0040560993     0.0043434803
         83.90625            -22.4              300      0.010066186    -0.0080787241   -0.00022202227    4.8008376e-05    -0.0040871869     0.0042768018
           84.375            -22.4              300      0.010006379    -0.0080293752   -0.00021959023    3.0344578e-05    -0.0041189012     0.0042097839
         84.84375            -22.4              300     0.0099458732     -0.007980044   -0.00021795749       1.2482e-05    -0.0041519441     0.0041421475
          85.3125            -22.4              300     0.0098854136    -0.0079306355   -0.00021498848    -3.999965e-06    -0.0041857329     0.0040733693
         85.78125            -22.4              300     0.0098248767    -0.0078812763   -0.00021186315   -2.0023937e-05    -0.0042206412     0.0040036514
            86.25            -22.4              300     0.0097641731    -0.0078320019   -0.00020883392   -3.5784004e-05    -0.0042567626     0.0039330143
         86.71875            -22.4              300     0.0097033018    -0.0077828127   -0.00020590072   -5.1280229e-05    -0.0042940979     0.0038614578
          87.1875            -22.4              300     0.0096422471    -0.0077337185   -0.00020306511    -6.654446e-05    -0.0043326267     0.0037890549
         87.65625            -22.4              300     0.0095808683    -0.0076846918   -0.00020013029   -8.1525854e-05    -0.0043723374     0.0037159687
           88.125            -22.4              300     0.0095191617     -0.007635667   -0.00019695882   -9.6013624e-05    -0.0044133267     0.0036419043
         88.59375            -22.4              300     0.0094571281    -0.0075866473   -0.00019355034   -0.00011000753    -0.0044555953     0.0035668625
          89.0625            -22.4              300     0.0093947649    -0.0075376322   -0.00018990494   -0.00012350768    -0.0044991435     0.0034908422
         89.53125            -22.4              300     0.0093320739    -0.0074886191   -0.00018602289   -0.00013651419    -0.0045439689     0.0034138444
               90            -22.4              300     0.0092688315    -0.0074397167   -0.00018273891   -0.00014966604    -0.0045904526     0.0033357998
         90.46875            -22.4              300     0.0092047714    -0.0073912079   -0.00018005789   -0.00016310673    -0.0046386998     0.0032567179
          90.9375            -22.4              300     0.0091402987    -0.0073428662   -0.00017679561      -0.00017595    -0.0046882136     0.0031766579
         91.40625            -22.4              300     0.0090756454    -0.0072943927   -0.00017323151    -0.0001883739       -0.0047394     0.0030953053
           91.875            -22.4              300     0.0090105794    -0.0072459332   -0.00016985783   -0.00020077475    -0.0047925808     0.0030125617
         92.34375            -22.4              300     0.0089450991    -0.0071974872   -0.00016667461   -0.00021315257    -0.0048477552      0.002928427
          92.8125            -22.4              300     0.0088792043    -0.0071490551   -0.00016368163   -0.00022550722     -0.004904923     0.0028429017
         93.28125            -22.4              300     0.0088128969    -0.0071006361   -0.00016087934   -0.00023783886    -0.0049640848     0.0027559851
            93.75            -22.4              300      0.008746177    -0.0070522316   -0.00015826733   -0.00025014742    -0.0050252406     0.0026676781
         94.21875            -22.4              300     0.0086790426    -0.0070038405   -0.00015584583   -0.00026243291    -0.0050883894       0.00257798
          94.6875            -22.4              300     0.0086113922    -0.0069555379   -0.00015326994    -0.0002744337    -0.0051534125     0.0024869503
         95.15625            -22.4              300     0.0085436385    -0.0069065993   -0.00015105528   -0.00028653062    -0.0052206162     0.0023945351
           95.625            -22.4              300     0.0084756827    -0.0068572531   -0.00014970281   -0.00029940953    -0.0052907723     0.0023004955
         96.09375            -22.4              300     0.0084070694    -0.0068081771   -0.00014865806   -0.00031256839    -0.0053631682      0.002205231
          96.5625            -22.4              300     0.0083377371    -0.0067599649   -0.00014733516   -0.00032544954    -0.0054376917     0.0021082307
         97.03125            -22.4              300     0.0082681598    -0.0067114877   -0.00014590334   -0.00033815461     -0.005514768     0.0020092377
             97.5            -22.4              300     0.0081986142    -0.0066619357   -0.00014468873   -0.00035087543    -0.0055942829      0.001908473
         97.96875            -22.4              300     0.0081286319    -0.0066121793   -0.00014386159   -0.00036386549     -0.005676494     0.0018056489
          98.4375            -22.4              300     0.0080582127    -0.0065622171    -0.0001434225   -0.00037712499    -0.0057613994     0.0017007651
         98.90625            -22.4              300     0.0079873567    -0.0065120496   -0.00014337101   -0.00039065376     -0.005849001     0.0015938216
           99.375            -22.4              300     0.0079160649    -0.0064616767    -0.0001437076   -0.00040445192    -0.0059392983     0.0014848183
         99.84375            -22.4              300     0.0078443345    -0.0064110984   -0.00014443208   -0.00041851948    -0.0060322913     0.0013737553
         100.3125            -22.4              300     0.0077721691    -0.0063603148   -0.00014554433   -0.00043285632    -0.0061279787     0.0012606326
        100.78125            -22.4              300     0.0076995548    -0.0063092676   -0.00014703436    -0.0004474801    -0.0062264316     0.0011453899
           101.25            -22.4              300     0.0076264171    -0.0062575336   -0.00014862412   -0.00046247232    -0.0063285208     0.0010273532
        101.71875            -22.4              300     0.0075528193    -0.0062060193   -0.00015008387   -0.00047724412    -0.0064339526    0.00090637372
         102.1875            -22.4              300     0.0074791228    -0.0061536045   -0.00015166757   -0.00049215491     -0.006542949    0.00078232109
        102.65625            -22.4              300     0.0074053295    -0.0061002877   -0.00015337557   -0.00050720479     -0.006655511    0.00065519544
          103.125            -22.4              300     0.0073314342     -0.006046074   -0.00015522385   -0.00052240357    -0.0067716092    0.00052503945
        103.59375            -22.4              300     0.0072571179    -0.0059911618   -0.00015786864   -0.00053819752    -0.0068903887    0.00039303314
         104.0625            -22.4              300     0.0071824342    -0.0059354245   -0.00016061656    -0.0005542147    -0.0070134019    0.00025685312
        104.53125            -22.4              300     0.0071073808    -0.0058788615   -0.00016346764   -0.00057045504    -0.0071406523    0.00011649896
              105            -22.4              300     0.0070319101    -0.0058216066   -0.00016642232   -0.00058694382    -0.0072727152   -2.8482624e-05
