           x [mm]           y [mm]           z [mm]       ExRe [V/m]       ExIm [V/m]       EyRe [V/m]       EyIm [V/m]       EzRe [V/m]       EzIm [V/m]
---------------------------------------------------------------------------------------------------------------------------------------------------------
             -105            -22.4              300     0.0040395595    -0.0013897629    0.00088593137    -0.0016879817      -0.54763806      -0.20317405
       -104.53125            -22.4              300     0.0039953804     -0.001456149    0.00092685991    -0.0015860298      -0.53981858      -0.19955173
        -104.0625            -22.4              300     0.0039463742       -0.0015193    0.00093915593    -0.0014967527       -0.5321945      -0.19603942
       -103.59375            -22.4              300     0.0039144894    -0.0015742574    0.00094629638    -0.0014106114      -0.52478558      -0.19264497
         -103.125            -22.4              300     0.0038997065    -0.0016210335    0.00094830152    -0.0013275989       -0.5175916       -0.1893684
       -102.65625            -22.4              300     0.0039020386    -0.0016596214    0.00094516063    -0.0012477124      -0.51061261      -0.18620963
        -102.1875            -22.4              300     0.0039205109    -0.0016940535    0.00097241066    -0.0011578011      -0.50383496      -0.18316624
       -101.71875            -22.4              300     0.0039415187     -0.001732779    0.00098536198    -0.0010772994       -0.4972229      -0.18021733
          -101.25            -22.4              300     0.0039301515    -0.0017870374     0.0010054254   -0.00099635299      -0.49079168      -0.17736416
       -100.78125            -22.4              300     0.0038837825    -0.0018569665     0.0010235958   -0.00091878837      -0.48453701      -0.17460537
        -100.3125            -22.4              300     0.0038019479    -0.0019425064      0.001037606   -0.00084556406      -0.47845745      -0.17194043
        -99.84375            -22.4              300     0.0036865666    -0.0020430582     0.0010465133   -0.00077714282      -0.47255534      -0.16936947
          -99.375            -22.4              300     0.0035861887    -0.0021393499     0.0010433429   -0.00071676529      -0.46684271      -0.16688541
        -98.90625            -22.4              300     0.0035063378    -0.0022263641     0.0010397832   -0.00065863668      -0.46128774      -0.16448107
         -98.4375            -22.4              300      0.003446993    -0.0023041032     0.0010358528   -0.00060275034      -0.45589045      -0.16215649
        -97.96875            -22.4              300     0.0034081554    -0.0023725745     0.0010315552   -0.00054910639      -0.45065081       -0.1599116
            -97.5            -22.4              300     0.0033898652    -0.0024317559     0.0010268558   -0.00049771741      -0.44556886      -0.15774646
        -97.03125            -22.4              300     0.0033839531    -0.0024831239     0.0010452215   -0.00044150872      -0.44061375      -0.15564686
         -96.5625            -22.4              300     0.0033583473    -0.0025407597     0.0010764287   -0.00038455334       -0.4357675      -0.15359886
        -96.09375            -22.4              300     0.0033097584    -0.0026073325      0.001104496   -0.00033191242      -0.43104333      -0.15160717
          -95.625            -22.4              300     0.0032382174     -0.002682819     0.0011293925   -0.00028360618      -0.42644116      -0.14967176
        -95.15625            -22.4              300     0.0031380677    -0.0027669987     0.0011526264   -0.00024020532      -0.42191595      -0.14776996
         -94.6875            -22.4              300     0.0030274955    -0.0028535915     0.0011640135    -0.0002030999      -0.41755387      -0.14594305
        -94.21875            -22.4              300     0.0029462348    -0.0029256162     0.0011524486   -0.00017447714      -0.41339228      -0.14420806
           -93.75            -22.4              300     0.0028836019    -0.0029860388      0.001117411   -0.00015732655      -0.40932688      -0.14251348
        -93.28125            -22.4              300     0.0028373732    -0.0030383228     0.0010736327   -0.00014568825      -0.40537548      -0.14087071
         -92.8125            -22.4              300     0.0028075329    -0.0030824803     0.0010211274   -0.00013954804      -0.40153813      -0.13927972
        -92.34375            -22.4              300     0.0027940688    -0.0031185143    0.00095990021   -0.00013890892      -0.39781478      -0.13774054
          -91.875            -22.4              300     0.0027546547    -0.0031712553    0.00091276318   -0.00013439357      -0.39418045      -0.13623752
        -91.40625            -22.4              300     0.0026926026    -0.0032387814    0.00088294782   -0.00012296904      -0.39062074      -0.13476589
         -90.9375            -22.4              300     0.0026505962     -0.003296053    0.00084911659   -0.00011283625       -0.3871555      -0.13333945
        -90.46875            -22.4              300     0.0026286747    -0.0033430615    0.00081124343   -0.00010400265      -0.38378465      -0.13195819
              -90            -22.4              300     0.0026261965    -0.0033791205     0.0007700352   -9.6526041e-05      -0.38050887      -0.13062252
        -89.53125            -22.4              300     0.0026200954    -0.0034065302    0.00073434645   -9.0574729e-05      -0.37733009      -0.12933387
         -89.0625            -22.4              300     0.0026005423    -0.0034377044    0.00070119277   -8.5253036e-05      -0.37424177      -0.12808704
        -88.59375            -22.4              300     0.0025675623    -0.0034726202     0.0006705476   -8.0573373e-05      -0.37124395      -0.12688208
          -88.125            -22.4              300     0.0025210697    -0.0035113301    0.00064248964   -7.6500233e-05      -0.36833662      -0.12571894
        -87.65625            -22.4              300     0.0025014021    -0.0035402863    0.00058705173   -7.8016892e-05      -0.36554265      -0.12461705
         -87.1875            -22.4              300     0.0024786759    -0.0035658213    0.00054214709   -8.3042309e-05      -0.36282006      -0.12353829
        -86.71875            -22.4              300     0.0024685487    -0.0035855016    0.00050243735   -8.4131025e-05      -0.36017016      -0.12249722
           -86.25            -22.4              300     0.0024712496     -0.003599437    0.00046753511   -8.0987811e-05      -0.35759345      -0.12149472
        -85.78125            -22.4              300     0.0024869703    -0.0036075478    0.00043731369   -7.3667616e-05      -0.35508987       -0.1205308
         -85.3125            -22.4              300     0.0025155824    -0.0036098845    0.00041186064   -6.2132254e-05      -0.35265946      -0.11960543
        -84.84375            -22.4              300      0.002557093     -0.003606447    0.00039116247   -4.6384521e-05      -0.35030228      -0.11871865
          -84.375            -22.4              300     0.0025848905    -0.0036132794    0.00036681117   -2.7448637e-05      -0.34802568      -0.11786905
        -83.90625            -22.4              300     0.0025981516    -0.0036243438    0.00034768041   -5.9041195e-06      -0.34581923      -0.11705537
         -83.4375            -22.4              300     0.0025980845    -0.0036386726    0.00033449568    1.8272549e-05      -0.34368214      -0.11627765
        -82.96875            -22.4              300     0.0025847331    -0.0036562392    0.00032727793    4.5082532e-05      -0.34161434      -0.11553583
            -82.5            -22.4              300     0.0026075505    -0.0036568772    0.00032110512    6.9441274e-05      -0.33955678      -0.11481027
        -82.03125            -22.4              300      0.002635004    -0.0036435295    0.00025048759    6.5623783e-05      -0.33755827       -0.1141094
         -81.5625            -22.4              300     0.0026588133    -0.0036253452    0.00015537627      5.21068e-05      -0.33561826      -0.11343776
        -81.09375            -22.4              300     0.0026719465    -0.0036113237      7.25141e-05     4.482537e-05      -0.33373675      -0.11279793
          -80.625            -22.4              300     0.0026584044    -0.0036217077    7.1758404e-05    7.2030816e-05      -0.33195233      -0.11221146
        -80.15625            -22.4              300     0.0026500486    -0.0036311559    7.7778473e-05    0.00010297168      -0.33022168      -0.11165163
         -79.6875            -22.4              300      0.002646856    -0.0036396775    9.0586022e-05    0.00013765413      -0.32854471      -0.11111847
        -79.21875            -22.4              300     0.0026488677    -0.0036472548    0.00011014752    0.00017606094      -0.32692152      -0.11061197
           -78.75            -22.4              300     0.0026560407    -0.0036539081     0.0001365114    0.00021821447      -0.32535204      -0.11013213
        -78.28125            -22.4              300     0.0026684096    -0.0036596174    0.00016963528    0.00026409538      -0.32383633      -0.10967895
         -77.8125            -22.4              300     0.0026788802    -0.0036766024    0.00023049937    0.00031905452      -0.32238379      -0.10925832
        -77.34375            -22.4              300     0.0026758246    -0.0037028817    0.00029957236    0.00037586928      -0.32097638      -0.10885769
          -76.875            -22.4              300     0.0026593702    -0.0037347004    0.00036782306    0.00043187645      -0.31960869      -0.10847336
        -76.40625            -22.4              300       0.00262956    -0.0037720408    0.00043520983    0.00048706261      -0.31828058      -0.10810535
         -75.9375            -22.4              300     0.0025863759    -0.0038149105    0.00050175469     0.0005414359       -0.3169921      -0.10775363
        -75.46875            -22.4              300     0.0025316484    -0.0038532878    0.00057411584    0.00060096721      -0.31573316      -0.10741916
              -75            -22.4              300     0.0024801956    -0.0038902278    0.00065992813    0.00066511059      -0.31452057      -0.10710292
        -74.53125            -22.4              300     0.0024324944    -0.0039274571    0.00073980168    0.00072635303      -0.31334642      -0.10680021
         -74.0625            -22.4              300     0.0023885316    -0.0039649811    0.00081374822    0.00078469614       -0.3122108      -0.10651105
        -73.59375            -22.4              300     0.0023482912    -0.0040028063    0.00088176527    0.00084014668      -0.31111357      -0.10623541
          -73.125            -22.4              300     0.0023123864    -0.0040391865    0.00091158808    0.00088128704      -0.31003624      -0.10596464
        -72.65625            -22.4              300      0.002278795    -0.0040687253    0.00077812071     0.0008635635      -0.30890131      -0.10566089
         -72.1875            -22.4              300     0.0022205133    -0.0041158292     0.0008393079    0.00091310777      -0.30790159      -0.10540899
        -71.71875            -22.4              300     0.0021564998    -0.0041656084     0.0008954145    0.00095903128      -0.30692655      -0.10516125
           -71.25            -22.4              300      0.002086781     -0.004218054    0.00094642863      0.001001331      -0.30597621      -0.10491768
        -70.78125            -22.4              300     0.0020112805    -0.0042732004     0.0009923894     0.0010400247      -0.30505049      -0.10467826
         -70.3125            -22.4              300     0.0019300953    -0.0043310001     0.0010332409     0.0010750853      -0.30414948      -0.10444299
        -69.84375            -22.4              300     0.0018431302     -0.004391497     0.0010690428     0.0011065379      -0.30327314       -0.1042119
          -69.375            -22.4              300     0.0017516089    -0.0044531296     0.0010827337     0.0011285737      -0.30241883      -0.10398412
        -68.90625            -22.4              300      0.001659289    -0.0045221383     0.0011193361     0.0011553366      -0.30156276      -0.10374777
         -68.4375            -22.4              300     0.0015860591    -0.0045815855     0.0011088606     0.0011620075       -0.3007102      -0.10350868
        -67.96875            -22.4              300      0.001515165    -0.0046414807      0.001085747     0.0011620969      -0.29988366      -0.10327273
            -67.5            -22.4              300     0.0014303727    -0.0047000521     0.0010911315     0.0011724255      -0.29916242      -0.10307293
        -67.03125            -22.4              300     0.0013400558    -0.0047710994     0.0011221673     0.0011972813      -0.29846343      -0.10287221
         -66.5625            -22.4              300     0.0012614504    -0.0048463233     0.0011321129     0.0012150411      -0.29772982      -0.10264866
        -66.09375            -22.4              300     0.0011871522    -0.0049189213     0.0011363162     0.0012291784      -0.29701477      -0.10242423
          -65.625            -22.4              300     0.0011363784    -0.0049704118      0.001014689     0.0011987961      -0.29625753      -0.10218174
        -65.15625            -22.4              300     0.0010717714    -0.0050384956     0.0010181507     0.0012088236       -0.2956129      -0.10197169
         -64.6875            -22.4              300     0.0010072038    -0.0051052244     0.0010173573     0.0012156777      -0.29498431      -0.10175958
        -64.21875            -22.4              300     0.0009442541    -0.0051638293    0.00098178978      0.001206985      -0.29434863      -0.10153359
           -63.75            -22.4              300    0.00088048598    -0.0052218842    0.00094230834      0.001195244      -0.29373085      -0.10130641
        -63.28125            -22.4              300    0.00081591588    -0.0052793785    0.00089889509     0.0011804469      -0.29313096      -0.10107801
         -62.8125            -22.4              300    0.00075052073    -0.0053363307    0.00085157249      0.001162602      -0.29254898      -0.10084841
        -62.34375            -22.4              300    0.00068493932    -0.0053905481    0.00080225058     0.0011411076      -0.29197958      -0.10061578
          -61.875            -22.4              300    0.00062438101    -0.0054357126    0.00075818785     0.0011171261      -0.29141042      -0.10037973
        -61.40625            -22.4              300    0.00056919828    -0.0054774024    0.00071574934     0.0010940204       -0.2908566      -0.10014794
         -60.9375            -22.4              300    0.00051947497    -0.0055155968    0.00067488384     0.0010717707      -0.29031816     -0.099920377
        -60.46875            -22.4              300    0.00047516264    -0.0055503063    0.00063561276     0.0010503866      -0.28979507     -0.099697053
              -60            -22.4              300    0.00043622963    -0.0055815456    0.00059795193     0.0010298775      -0.28928745     -0.099477969
        -59.53125            -22.4              300    0.00040271878       -0.0056093    0.00056188833     0.0010102359      -0.28879514     -0.099263139
         -59.0625            -22.4              300    0.00037464127    -0.0056335605    0.00052740145    0.00099145249      -0.28831822     -0.099052534
        -58.59375            -22.4              300    0.00035210798    -0.0056596478    0.00047101246    0.00096805452      -0.28783086     -0.098840639
          -58.125            -22.4              300    0.00033147912    -0.0056693414    0.00043246849    0.00094397529      -0.28736722     -0.098636694
        -57.65625            -22.4              300    0.00031289272    -0.0056744954    0.00039818045    0.00091997697      -0.28691927      -0.09843947
         -57.1875            -22.4              300    0.00029646046    -0.0056775576    0.00036384235    0.00089571124      -0.28648379     -0.098248199
        -56.71875            -22.4              300    0.00027859583    -0.0056819795    0.00035306253    0.00088075828      -0.28610131      -0.09808071
           -56.25            -22.4              300    0.00027341396    -0.0056850566    0.00034499727    0.00087160897      -0.28568989     -0.097903043
        -55.78125            -22.4              300    0.00026997086    -0.0056863297    0.00032459246    0.00085924054      -0.28529623     -0.097738139
         -55.3125            -22.4              300    0.00026861951    -0.0056859069    0.00029908633    0.00084636384      -0.28491774     -0.097583666
        -54.84375            -22.4              300    0.00026987959    -0.0056838393    0.00027242396     0.0008344641      -0.28455353     -0.097438686
          -54.375            -22.4              300     0.0002737157    -0.0056801429    0.00024462771    0.00082355319      -0.28420353     -0.097303227
        -53.90625            -22.4              300    0.00029143505    -0.0056688972    0.00017630868    0.00080008199      -0.28389925     -0.097184427
         -53.4375            -22.4              300    0.00030170288    -0.0056595495     0.0001078085    0.00077982317      -0.28357661     -0.097068943
        -52.96875            -22.4              300    0.00031043496    -0.0056501711    4.5378692e-05    0.00076336134      -0.28326261     -0.096963279
            -52.5            -22.4              300    0.00031871442    -0.0056403689   -1.0431744e-05    0.00075076451      -0.28296152     -0.096868746
        -52.03125            -22.4              300    0.00032653427    -0.0056301514     -5.96022e-05    0.00074202835      -0.28267342     -0.096785344
         -51.5625            -22.4              300    0.00033253685    -0.0056233509   -7.1225892e-05    0.00074698078       -0.2824086     -0.096718654
        -51.09375            -22.4              300    0.00033726124    -0.0056183822   -7.1540766e-05    0.00075701752      -0.28215444     -0.096661925
          -50.625            -22.4              300    0.00034084858    -0.0056146802   -6.6338922e-05     0.0007702717      -0.28190863     -0.096613899
        -50.15625            -22.4              300    0.00034326944    -0.0056122718   -5.5604847e-05    0.00078675593      -0.28167114     -0.096574619
         -49.6875            -22.4              300     0.0003445819    -0.0056111175   -3.9377483e-05    0.00080645195      -0.28144202     -0.096544057
        -49.21875            -22.4              300    0.00034576643    -0.0056112404   -1.7835759e-05    0.00082922861      -0.28122205     -0.096521698
           -48.75            -22.4              300    0.00034996122    -0.0056143804    7.8631565e-06    0.00085430825      -0.28101709     -0.096505217
        -48.28125            -22.4              300    0.00034634396     -0.005621911     3.952533e-05    0.00088291988       -0.2808207     -0.096499845
         -47.8125            -22.4              300    0.00032346137    -0.0056368602    9.0853311e-05    0.00091782492      -0.28063774     -0.096506596
        -47.34375            -22.4              300    0.00029501691    -0.0056544291     0.0001453422    0.00095386337      -0.28046408     -0.096518405
          -46.875            -22.4              300    0.00026281551    -0.0056740586    0.00020084716    0.00099047739      -0.28029928     -0.096534729
        -46.40625            -22.4              300    0.00023510121    -0.0056949928     0.0002892362     0.0010425798       -0.2801148     -0.096549354
         -45.9375            -22.4              300    0.00020281132    -0.0057202778    0.00038581342     0.0010981222      -0.27993682     -0.096568763
        -45.46875            -22.4              300    0.00016495306    -0.0057474417    0.00047376571     0.0011499113      -0.27976623     -0.096592091
              -45            -22.4              300    0.00012073526    -0.0057713166    0.00052480889     0.0011860745      -0.27960077     -0.096616611
        -44.53125            -22.4              300     7.100217e-05    -0.0057985303    0.00057733664     0.0012228391      -0.27944249     -0.096645772
         -44.0625            -22.4              300    1.9974075e-05    -0.0058290623    0.00061670318     0.0012540529      -0.27930224     -0.096679099
        -43.59375            -22.4              300   -3.3948105e-05    -0.0058617028    0.00065526366     0.0012846258      -0.27916685     -0.096710585
          -43.125            -22.4              300    -9.113038e-05    -0.0058963792    0.00069477968     0.0013152761      -0.27903476     -0.096739925
        -42.65625            -22.4              300   -0.00015159976    -0.0059330906    0.00073524797     0.0013460026      -0.27890596      -0.09676712
         -42.1875            -22.4              300   -0.00021533156    -0.0059718378    0.00077666144     0.0013768063      -0.27878043     -0.096792176
        -41.71875            -22.4              300   -0.00028197851    -0.0060136775    0.00082313269     0.0014091234      -0.27864888     -0.096809745
           -41.25            -22.4              300   -0.00034965295    -0.0060650227    0.00089186989     0.0014498243       -0.2784667     -0.096795112
        -40.78125            -22.4              300   -0.00041137915     -0.006121994    0.00092635769      0.001479723      -0.27836168     -0.096814051
         -40.3125            -22.4              300    -0.0004744269    -0.0061795106    0.00095788483     0.0015074734      -0.27826148     -0.096830651
        -39.84375            -22.4              300   -0.00053880282    -0.0062375809    0.00098646584     0.0015330841      -0.27816615     -0.096844919
          -39.375            -22.4              300   -0.00060936227    -0.0062890998     0.0010054806     0.0015510637      -0.27808434     -0.096860468
        -38.90625            -22.4              300   -0.00068029063    -0.0063468851     0.0010246619      0.001566862       -0.2779997      -0.09685912
         -38.4375            -22.4              300   -0.00075278385    -0.0064054118     0.0010398773     0.0015797805      -0.27791199     -0.096849464
        -37.96875            -22.4              300   -0.00082729664    -0.0064637498     0.0010499666     0.0015892538       -0.2778219     -0.096832477
            -37.5            -22.4              300   -0.00090382248    -0.0065218993     0.0010549277     0.0015952843      -0.27772936      -0.09680818
        -37.03125            -22.4              300   -0.00098234788    -0.0065798452     0.0010547517     0.0015978594      -0.27763432     -0.096776538
         -36.5625            -22.4              300    -0.0010628719    -0.0066375951     0.0010494357     0.0015969849      -0.27753687     -0.096737571
        -36.09375            -22.4              300    -0.0011454467    -0.0066951714      0.001039017     0.0015926757      -0.27743697     -0.096691281
          -35.625            -22.4              300     -0.001219565    -0.0067439717    0.00092463195     0.0015531643      -0.27737027     -0.096643984
        -35.15625            -22.4              300    -0.0012950003    -0.0067917421    0.00078374799     0.0015030638      -0.27731553     -0.096593261
         -34.6875            -22.4              300     -0.001374023    -0.0068403296    0.00063656829     0.0014488357      -0.27726606     -0.096538074
        -34.21875            -22.4              300    -0.0014542829    -0.0068892832    0.00065748021     0.0014426569      -0.27710453     -0.096460849
           -33.75            -22.4              300     -0.001526613     -0.006933189    0.00069800194     0.0014408504       -0.2769435      -0.09637516
        -33.28125            -22.4              300    -0.0015926987    -0.0069795828     0.0006796415     0.0014217919      -0.27685544     -0.096292421
         -32.8125            -22.4              300    -0.0016583235     -0.007027634    0.00066797994     0.0014034429      -0.27675009     -0.096197382
        -32.34375            -22.4              300    -0.0017232052    -0.0070723724    0.00065829192     0.0013847112      -0.27664581      -0.09609969
          -31.875            -22.4              300    -0.0017873426    -0.0071137953    0.00065056345     0.0013655919      -0.27654254     -0.095999338
        -31.40625            -22.4              300    -0.0018507387    -0.0071519027    0.00064480479     0.0013460886      -0.27644023     -0.095896304
         -30.9375            -22.4              300    -0.0019133866    -0.0071866959    0.00064101198     0.0013261989      -0.27633896     -0.095790625
        -30.46875            -22.4              300    -0.0019724942    -0.0072191972    0.00060899707     0.0012970299      -0.27622426     -0.095680587
              -30            -22.4              300    -0.0020018099    -0.0072314981    0.00045668555     0.0012276648      -0.27609593      -0.09557227
        -29.53125            -22.4              300    -0.0020238957    -0.0072381496    0.00030886158      0.001161368      -0.27596346     -0.095462941
         -29.0625            -22.4              300    -0.0020446591    -0.0072489446    0.00022727624     0.0011189505       -0.2758514     -0.095355973
        -28.59375            -22.4              300    -0.0020631943    -0.0072582429    0.00015538931     0.0010801693      -0.27574536     -0.095250711
          -28.125            -22.4              300    -0.0020789988    -0.0072649298    8.4828585e-05     0.0010421295      -0.27564254     -0.095146835
        -27.65625            -22.4              300    -0.0020920709     -0.007269003    1.5584752e-05     0.0010048305      -0.27554291     -0.095044345
         -27.1875            -22.4              300    -0.0021023992      -0.00727046   -5.2342191e-05    0.00096827024      -0.27544647     -0.094943248
        -26.71875            -22.4              300    -0.0021099937    -0.0072693033    -0.0001189525    0.00093244971      -0.27535325     -0.094843537
           -26.25            -22.4              300     -0.002112288    -0.0072694989   -0.00014239829     0.0009132009      -0.27526969     -0.094748273
        -25.78125            -22.4              300    -0.0021125618     -0.007267978   -0.00016263314    0.00089726178      -0.27518865     -0.094658047
         -25.3125            -22.4              300    -0.0021108966    -0.0072646816   -0.00018043758    0.00088436081      -0.27511004     -0.094572835
        -24.84375            -22.4              300    -0.0021100491    -0.0072586527   -0.00018914044    0.00087018637      -0.27505723     -0.094508275
          -24.375            -22.4              300     -0.002109481    -0.0072525111   -0.00019618217    0.00085845916      -0.27500942     -0.094454996
        -23.90625            -22.4              300     -0.002109061    -0.0072463816   -0.00020208117    0.00084947585      -0.27496496     -0.094412059
         -23.4375            -22.4              300    -0.0021088235      -0.00724028   -0.00020681275    0.00084324856      -0.27492383     -0.094379455
        -22.96875            -22.4              300    -0.0021072594     -0.007233927   -0.00021079555    0.00084022828      -0.27488032     -0.094353594
            -22.5            -22.4              300    -0.0020994733    -0.0072264173   -0.00021454389    0.00084126252      -0.27481508     -0.094318919
        -22.03125            -22.4              300     -0.002088795     -0.007225032    -0.0001836645    0.00085736881       -0.2747694     -0.094293833
         -21.5625            -22.4              300    -0.0020766493    -0.0072242715   -0.00014064694    0.00087984157      -0.27473187     -0.094279081
        -21.09375            -22.4              300    -0.0020639044    -0.0072219949   -9.5741125e-05    0.00090444443      -0.27469742     -0.094273791
          -20.625            -22.4              300    -0.0020506361    -0.0072182296   -4.8893038e-05    0.00093120197      -0.27466607     -0.094277963
        -20.15625            -22.4              300    -0.0020367415    -0.0072129387   -1.6624108e-07    0.00096008641      -0.27463794     -0.094291598
         -19.6875            -22.4              300    -0.0020223113    -0.0072061568    5.0493676e-05     0.0009911235      -0.27461275      -0.09431468
        -19.21875            -22.4              300     -0.002008283    -0.0071982197    6.7078508e-05     0.0010118311      -0.27459788     -0.094343349
           -18.75            -22.4              300    -0.0020005426    -0.0071896808    5.4273929e-05     0.0010220552      -0.27456525     -0.094368927
        -18.28125            -22.4              300    -0.0020010204    -0.0071811886     1.790945e-05     0.0010237681      -0.27450886     -0.094391681
         -17.8125            -22.4              300     -0.002005924    -0.0071764085   -1.3063196e-05     0.0010288315      -0.27445465     -0.094422042
        -17.34375            -22.4              300    -0.0020152405    -0.0071753394   -3.8645696e-05     0.0010372447      -0.27440262     -0.094460003
          -16.875            -22.4              300    -0.0020337887    -0.0071868743   -4.9257651e-06     0.0010674712      -0.27439365     -0.094518952
        -16.40625            -22.4              300    -0.0020600643    -0.0072059394    5.3843949e-05     0.0011066304      -0.27440372     -0.094585396
         -15.9375            -22.4              300    -0.0020920606    -0.0072284015     0.0001119707      0.001145714      -0.27441373     -0.094651997
        -15.46875            -22.4              300    -0.0021291035    -0.0072545446    0.00017443101     0.0011859551      -0.27442089     -0.094716221
              -15            -22.4              300    -0.0021689939    -0.0072855456    0.00025792554     0.0012314845      -0.27441472     -0.094769739
        -14.53125            -22.4              300    -0.0022109901    -0.0073086084    0.00032730773      0.001271389       -0.2743943     -0.094821841
         -14.0625            -22.4              300    -0.0022570016    -0.0073355096    0.00039752712     0.0013112177      -0.27437431     -0.094874442
        -13.59375            -22.4              300    -0.0023070043    -0.0073662447    0.00046856608     0.0013509686      -0.27435479     -0.094927534
          -13.125            -22.4              300    -0.0023610368    -0.0074008252    0.00054045208     0.0013906499      -0.27433565     -0.094981112
        -12.65625            -22.4              300    -0.0024043638    -0.0074244072    0.00053135864     0.0014037397      -0.27435747     -0.095045477
         -12.1875            -22.4              300    -0.0024258269    -0.0074255299    0.00038263167     0.0013708837      -0.27443966     -0.095121585
        -11.71875            -22.4              300    -0.0024869693    -0.0074612573    0.00040171109     0.0013925089      -0.27444243      -0.09517695
           -11.25            -22.4              300    -0.0025546625    -0.0075027365    0.00043779053     0.0014181715      -0.27443588     -0.095225587
        -10.78125            -22.4              300    -0.0026241839    -0.0075458195    0.00046912953     0.0014406685       -0.2744292     -0.095269263
         -10.3125            -22.4              300    -0.0026955158    -0.0075905062    0.00049572065      0.001459999      -0.27442244     -0.095307983
         -9.84375            -22.4              300    -0.0027687028     -0.007636806    0.00051758811     0.0014761705      -0.27441555     -0.095341742
           -9.375            -22.4              300    -0.0028436966    -0.0076847058    0.00053471141     0.0014891718      -0.27440855     -0.095370539
         -8.90625            -22.4              300    -0.0029242502    -0.0077387337    0.00058277824     0.0015097954      -0.27439034     -0.095391043
          -8.4375            -22.4              300    -0.0030106816    -0.0077989893    0.00066224043     0.0015379395       -0.2743606     -0.095401883
         -7.96875            -22.4              300    -0.0030991258    -0.0078607127    0.00073556055     0.0015621716      -0.27433106      -0.09540607
             -7.5            -22.4              300    -0.0031842624    -0.0079200314    0.00075508631     0.0015685007      -0.27430692     -0.095401086
         -7.03125            -22.4              300    -0.0032685238    -0.0079754759    0.00074159412     0.0015644275      -0.27427956      -0.09538348
          -6.5625            -22.4              300    -0.0033487489    -0.0080278376    0.00071897241     0.0015552947       -0.2742486     -0.095358402
         -6.09375            -22.4              300    -0.0034248927    -0.0080771009    0.00068719522     0.0015410928      -0.27421397      -0.09532588
           -5.625            -22.4              300    -0.0034969854    -0.0081232768     0.0006462764     0.0015218265      -0.27417567     -0.095285892
         -5.15625            -22.4              300    -0.0035653366    -0.0081677064    0.00060351985     0.0015003239      -0.27413079     -0.095237888
          -4.6875            -22.4              300    -0.0036309659    -0.0082163801    0.00059212744     0.0014894116      -0.27406716     -0.095180571
         -4.21875            -22.4              300    -0.0036924887    -0.0082626101     0.0005753818     0.0014748771      -0.27400103     -0.095117465
            -3.75            -22.4              300    -0.0037499261    -0.0083064064    0.00055329874     0.0014567277      -0.27393228     -0.095048562
         -3.28125            -22.4              300    -0.0038032515    -0.0083477525    0.00052586402     0.0014349535      -0.27386099     -0.094973877
          -2.8125            -22.4              300    -0.0038454891    -0.0083800312    0.00045660287     0.0013954587      -0.27379543     -0.094896078
         -2.34375            -22.4              300    -0.0038776705    -0.0084048454    0.00035457773     0.0013417392      -0.27373314     -0.094814144
           -1.875            -22.4              300    -0.0039046744    -0.0084321154    0.00022409088     0.0012801073      -0.27363756     -0.094713263
         -1.40625            -22.4              300    -0.0039320667    -0.0084648738    8.5375621e-05     0.0012185491      -0.27351362     -0.094601072
          -0.9375            -22.4              300    -0.0040189112    -0.0085248742    0.00015148136     0.0012286123      -0.27345207     -0.094523244
         -0.46875            -22.4              300    -0.0040546544    -0.0085508851    2.0744017e-05     0.0011652157       -0.2733888     -0.094417855
                0            -22.4              300    -0.0040870677    -0.0085733971   -0.00010041097     0.0011060842      -0.27332243     -0.094312869
          0.46875            -22.4              300     -0.004116111    -0.0085924026   -0.00021196099     0.0010512063      -0.27325287      -0.09420827
           0.9375            -22.4              300    -0.0041417833    -0.0086078877   -0.00031395102     0.0010005787      -0.27318022     -0.094104089
          1.40625            -22.4              300    -0.0041641248    -0.0086198803    -0.0004063235    0.00095422391      -0.27310431     -0.094000265
            1.875            -22.4              300     -0.004184782     -0.008629092   -0.00047364846    0.00091754232      -0.27302682     -0.093898885
          2.34375            -22.4              300    -0.0042031026    -0.0086352546   -0.00051506353    0.00089072622      -0.27294752     -0.093799584
           2.8125            -22.4              300    -0.0042171571    -0.0086375345   -0.00054713897    0.00086793618      -0.27286476     -0.093700044
          3.28125            -22.4              300    -0.0042269086     -0.008635913   -0.00056990399    0.00084915938      -0.27277866     -0.093600266
             3.75            -22.4              300    -0.0042332998    -0.0086276736   -0.00059920992    0.00082762155      -0.27270284      -0.09350583
          4.21875            -22.4              300    -0.0042404365     -0.008610785   -0.00061559537    0.00080954889      -0.27267909     -0.093441837
           4.6875            -22.4              300    -0.0042445157    -0.0085936012   -0.00061374437    0.00079978909      -0.27265272     -0.093384124
          5.15625            -22.4              300    -0.0042454824    -0.0085745687   -0.00061187521    0.00079125399      -0.27262616     -0.093332857
            5.625            -22.4              300    -0.0042433627    -0.0085536893   -0.00060999207    0.00078394078      -0.27259943     -0.093288034
          6.09375            -22.4              300    -0.0042381436     -0.008530966   -0.00060808752    0.00077785226      -0.27257249     -0.093249656
           6.5625            -22.4              300    -0.0042298064    -0.0085063921   -0.00060618203    0.00077297911       -0.2725454     -0.093217708
          7.03125            -22.4              300    -0.0042183995    -0.0084799798   -0.00060424861    0.00076933857      -0.27251813     -0.093192197
              7.5            -22.4              300    -0.0042038783    -0.0084517086   -0.00060230307    0.00076691248      -0.27249071     -0.093173139
          7.96875            -22.4              300    -0.0041862521    -0.0084215999   -0.00060033612    0.00076571759      -0.27246308     -0.093160518
           8.4375            -22.4              300    -0.0041655134    -0.0083896341   -0.00059836823    0.00076573761      -0.27243531     -0.093154341
          8.90625            -22.4              300    -0.0041416874    -0.0083558243   -0.00059637614    0.00076698093      -0.27240738     -0.093154594
            9.375            -22.4              300    -0.0041030636    -0.0083350204   -0.00055677537     0.0007900598      -0.27238533     -0.093165323
          9.84375            -22.4              300    -0.0040830877    -0.0083027631   -0.00064746384     0.0007581329      -0.27245981     -0.093203172
          10.3125            -22.4              300    -0.0040561296    -0.0082973279   -0.00062676892    0.00078029884      -0.27248374      -0.09324044
         10.78125            -22.4              300     -0.004033376    -0.0082957065   -0.00059684692    0.00080782897      -0.27250913     -0.093288384
            11.25            -22.4              300    -0.0040421672     -0.008289706   -0.00046774955    0.00085871655      -0.27243042     -0.093321294
         11.71875            -22.4              300    -0.0040565734    -0.0082875229   -0.00034106988    0.00090951653      -0.27235535     -0.093357489
          12.1875            -22.4              300    -0.0040764874    -0.0082891108   -0.00021688122     0.0009601959        -0.272284     -0.093396999
         12.65625            -22.4              300    -0.0040990431    -0.0082922978   -0.00012419745     0.0010024749      -0.27222335     -0.093439661
           13.125            -22.4              300    -0.0041187247    -0.0082932543   -9.0858899e-05     0.0010282365      -0.27217844     -0.093484722
         13.59375            -22.4              300    -0.0041400939     -0.008295604   -5.7596713e-05     0.0010543163      -0.27213416     -0.093532182
          14.0625            -22.4              300    -0.0041630995    -0.0082993396   -2.4432316e-05     0.0010807076      -0.27209046     -0.093582056
         14.53125            -22.4              300    -0.0041877516    -0.0083044497    8.6314976e-06     0.0011074049      -0.27204737     -0.093634322
               15            -22.4              300    -0.0042124065    -0.0083122179    5.8271922e-05     0.0011404965      -0.27199525     -0.093682826
         15.46875            -22.4              300    -0.0042378157    -0.0083257463     0.0001361739     0.0011844574      -0.27193037     -0.093727119
          15.9375            -22.4              300    -0.0042630709    -0.0083379233     0.0001772095     0.0012133112      -0.27191097     -0.093796514
         16.40625            -22.4              300    -0.0042931153    -0.0083524901    0.00021139113     0.0012391391      -0.27188924      -0.09386275
           16.875            -22.4              300    -0.0043280004    -0.0083694793    0.00023875898     0.0012619606      -0.27186525     -0.093925826
         17.34375            -22.4              300    -0.0043676891    -0.0083888611     0.0002592823     0.0012817576      -0.27183887     -0.093985736
          17.8125            -22.4              300    -0.0044121863    -0.0084106494    0.00027297437      0.001298537       -0.2718102     -0.094042487
         18.28125            -22.4              300    -0.0044615027     -0.008434847    0.00027982937     0.0013123022      -0.27177924      -0.09409605
            18.75            -22.4              300    -0.0045156232    -0.0084614437    0.00027985079     0.0013230479      -0.27174595     -0.094146475
         19.21875            -22.4              300    -0.0045769094    -0.0084845843    0.00026133936     0.0013232003      -0.27171367     -0.094194561
          19.6875            -22.4              300    -0.0046469285    -0.0084941573    0.00020882148     0.0013009784      -0.27169049     -0.094241269
         20.15625            -22.4              300    -0.0046955883    -0.0085497685    0.00025553902     0.0013339838      -0.27163795     -0.094263017
           20.625            -22.4              300    -0.0047667422    -0.0085895658    0.00027252547     0.0013507139      -0.27157378     -0.094290875
         21.09375            -22.4              300    -0.0048414851     -0.008633432      0.000303037     0.0013690703      -0.27150497     -0.094303615
          21.5625            -22.4              300    -0.0049160086    -0.0086775897    0.00032646582     0.0013829421      -0.27143157     -0.094307348
         22.03125            -22.4              300    -0.0049903551     -0.008722052     0.0003428245     0.0013923394      -0.27135366     -0.094302118
             22.5            -22.4              300    -0.0050644623    -0.0087667983    0.00035208277     0.0013972456      -0.27127117      -0.09428788
         22.96875            -22.4              300    -0.0051383879    -0.0088118473    0.00035427511     0.0013976758      -0.27118415     -0.094264664
          23.4375            -22.4              300    -0.0052120853    -0.0088571813    0.00034937169     0.0013936181      -0.27109259     -0.094232462
         23.90625            -22.4              300    -0.0052856002    -0.0089028217     0.0003374042     0.0013850876      -0.27099645     -0.094191276
           24.375            -22.4              300    -0.0053580143    -0.0089489361     0.0003202908     0.0013728171      -0.27089539      -0.09414088
         24.84375            -22.4              300     -0.005411719    -0.0089928005    0.00028591009      0.001353315      -0.27080348     -0.094087519
          25.3125            -22.4              300     -0.005457202    -0.0090266336    0.00019147061     0.0013108682      -0.27074468     -0.094041966
         25.78125            -22.4              300    -0.0054996163    -0.0090558734    0.00010579731     0.0012708504       -0.2706902     -0.093992054
            26.25            -22.4              300    -0.0055389227    -0.0090805097    2.8874027e-05     0.0012332503      -0.27064008     -0.093937799
         26.71875            -22.4              300    -0.0055773254     -0.009102162   -3.7562568e-05     0.0011988282      -0.27057838     -0.093874648
          27.1875            -22.4              300    -0.0056236885    -0.0091285575   -9.4780466e-05     0.0011671269        -0.270448     -0.093787611
         27.65625            -22.4              300    -0.0056704609    -0.0091546364    -0.0001512724     0.0011328983      -0.27031118     -0.093694702
           28.125            -22.4              300    -0.0057167932    -0.0091780778   -0.00019727834     0.0010963734      -0.27015376     -0.093590334
         28.59375            -22.4              300    -0.0057562552    -0.0091944858   -0.00024948642     0.0010569738      -0.26999372     -0.093482442
          29.0625            -22.4              300    -0.0057887882    -0.0092038456   -0.00030793063     0.0010146853      -0.26983106     -0.093371011
         29.53125            -22.4              300    -0.0058166445    -0.0092082229   -0.00036689639    0.00097223511      -0.26967067     -0.093257062
               30            -22.4              300    -0.0058533619    -0.0092214877   -0.00038955174    0.00094740617       -0.2695418     -0.093149573
         30.46875            -22.4              300    -0.0058834595    -0.0092305318   -0.00041319383     0.0009225118      -0.26941037     -0.093043685
          30.9375            -22.4              300     -0.005906878    -0.0092353327   -0.00043784827    0.00089753821      -0.26927641     -0.092939429
         31.40625            -22.4              300    -0.0059236609    -0.0092359064   -0.00046349061    0.00087249465      -0.26913989      -0.09283679
           31.875            -22.4              300     -0.005933804     -0.009232251   -0.00049013022    0.00084738212      -0.26900083     -0.092735745
         32.34375            -22.4              300    -0.0059373034    -0.0092243655    -0.0005177593    0.00082219573      -0.26885927     -0.092636339
          32.8125            -22.4              300    -0.0059341826    -0.0092122564   -0.00054637191    0.00079694949      -0.26871514     -0.092538536
         33.28125            -22.4              300    -0.0059180297    -0.0091812052   -0.00059669465     0.0007636135      -0.26849839     -0.092418678
            33.75            -22.4              300    -0.0059156562    -0.0091623031   -0.00061148661    0.00074329152       -0.2682904     -0.092308447
         34.21875            -22.4              300    -0.0059152297    -0.0091388421   -0.00064407126    0.00071460399      -0.26814431      -0.09222655
          34.6875            -22.4              300    -0.0058983769    -0.0091062495   -0.00069772056    0.00068099191      -0.26798627     -0.092144549
         35.15625            -22.4              300    -0.0058777723    -0.0090769231   -0.00074250484    0.00065421942      -0.26781917     -0.092068262
           35.625            -22.4              300    -0.0058556478    -0.0090465154   -0.00078234263    0.00063074264      -0.26765007      -0.09199895
         36.09375            -22.4              300    -0.0058320165    -0.0090150386   -0.00081722625    0.00061056996      -0.26747903      -0.09193664
          36.5625            -22.4              300    -0.0058069248    -0.0089825159   -0.00084711891    0.00059371209      -0.26730594     -0.091881298
         37.03125            -22.4              300    -0.0057802815    -0.0089489035   -0.00087207835    0.00058014598      -0.26713091     -0.091832951
             37.5            -22.4              300    -0.0057521556    -0.0089142341   -0.00089206733    0.00056988653      -0.26695395     -0.091791585
         37.96875            -22.4              300     -0.005729198    -0.0088939536   -0.00082626962    0.00059295387      -0.26679102     -0.091758281
          38.4375            -22.4              300    -0.0057141194    -0.0088798702    -0.0007211552    0.00063270633      -0.26663503     -0.091735817
         38.90625            -22.4              300    -0.0056969421    -0.0088481326   -0.00071906671    0.00063601148      -0.26645964     -0.091718249
           39.375            -22.4              300    -0.0056817732    -0.0088178609    -0.0007189014    0.00064021954      -0.26628447     -0.091706552
         39.84375            -22.4              300    -0.0056527513    -0.0087770866   -0.00076790171    0.00062831386       -0.2661052     -0.091694713
          40.3125            -22.4              300    -0.0056201909    -0.0087334616   -0.00082927453    0.00061372743      -0.26592076      -0.09168753
         40.78125            -22.4              300    -0.0055937725    -0.0086955922    -0.0008667272    0.00061072805      -0.26573959     -0.091692053
            41.25            -22.4              300    -0.0055739367       -0.0086645   -0.00087639689    0.00062090298      -0.26556799     -0.091709748
         41.71875            -22.4              300    -0.0055562137    -0.0086345449   -0.00088286214    0.00063318247      -0.26539499      -0.09173321
          42.1875            -22.4              300    -0.0055406201    -0.0086057326   -0.00088612735    0.00064757233      -0.26522067     -0.091762438
         42.65625            -22.4              300    -0.0055290787    -0.0085869804   -0.00086319726    0.00067322329      -0.26504567     -0.091799706
           43.125            -22.4              300    -0.0055230334    -0.0085830046    -0.0008060541    0.00071283476       -0.2648676     -0.091841906
         43.59375            -22.4              300    -0.0055200532    -0.0085813981   -0.00074845739    0.00075275078      -0.26468426     -0.091884032
          44.0625            -22.4              300    -0.0055201389    -0.0085821599    -0.0006904006    0.00079298113      -0.26449558     -0.091926098
         44.53125            -22.4              300    -0.0055232495    -0.0085852761   -0.00063191261     0.0008335053       -0.2643016     -0.091968089
               45            -22.4              300    -0.0055294321    -0.0085907634   -0.00057296199    0.00087434181      -0.26410231     -0.092010021
         45.46875            -22.4              300    -0.0055254693    -0.0086304639   -0.00043782312    0.00095750683      -0.26386636     -0.092037737
          45.9375            -22.4              300    -0.0055232849    -0.0086811231   -0.00028619799     0.0010500026      -0.26362306     -0.092060447
         46.40625            -22.4              300    -0.0055632782    -0.0086748935   -0.00026280293     0.0010633799      -0.26341248     -0.092101738
           46.875            -22.4              300    -0.0056095482    -0.0086720427   -0.00024398998     0.0010744925      -0.26319253     -0.092137575
         47.34375            -22.4              300    -0.0056620953    -0.0086725596   -0.00022979616     0.0010833303      -0.26296318     -0.092167951
          47.8125            -22.4              300    -0.0057209283    -0.0086764563   -0.00022018352     0.0010899066      -0.26272446     -0.092192858
         48.28125            -22.4              300     -0.005775841    -0.0086914683   -0.00018662754     0.0011089602      -0.26245171      -0.09220323
            48.75            -22.4              300    -0.0058270488    -0.0086987503   -0.00015660375     0.0011221683       -0.2621707     -0.092212319
         49.21875            -22.4              300    -0.0058788806    -0.0087078027   -0.00012927316     0.0011332817      -0.26188391     -0.092216805
          49.6875            -22.4              300    -0.0059311427    -0.0087180082   -0.00010799244     0.0011411989      -0.26159024     -0.092216313
         50.15625            -22.4              300    -0.0059838062     -0.008729348   -9.2784408e-05     0.0011459149      -0.26128969     -0.092210852
           50.625            -22.4              300    -0.0060337111    -0.0087497737    -7.109344e-05     0.0011558011      -0.26098168     -0.092192248
         51.09375            -22.4              300    -0.0060870089    -0.0087902853   -3.7265942e-05     0.0011778418      -0.26066697     -0.092169553
          51.5625            -22.4              300    -0.0061423946    -0.0088380547   -4.2030588e-06     0.0012012413      -0.26034173     -0.092139833
         52.03125            -22.4              300    -0.0061967531    -0.0088853333    2.4268404e-05     0.0012215162      -0.26000306     -0.092098095
             52.5            -22.4              300    -0.0062501794    -0.0089321462    4.8205722e-05     0.0012386923      -0.25965092     -0.092044339
         52.96875            -22.4              300    -0.0063000671    -0.0089679603    5.4310774e-05      0.001242908      -0.25925887     -0.091967992
          53.4375            -22.4              300    -0.0063519934    -0.0090020634    5.3599011e-05     0.0012418942      -0.25884926     -0.091878831
         53.90625            -22.4              300    -0.0064068697    -0.0090371072    4.9335882e-05     0.0012380476      -0.25842881     -0.091779642
           54.375            -22.4              300    -0.0064646862    -0.0090730889    4.1502528e-05      0.001231364      -0.25799751     -0.091670409
         54.84375            -22.4              300    -0.0065223579    -0.0090961251      1.69985e-05     0.0012112688      -0.25748125     -0.091522612
          55.3125            -22.4              300    -0.0065757073    -0.0091143502   -1.7222017e-05     0.0011839895      -0.25699306      -0.09138158
         55.78125            -22.4              300     -0.006622348    -0.0091309436   -5.8198348e-05     0.0011526523      -0.25654453     -0.091253035
            56.25            -22.4              300    -0.0066660102    -0.0091448296   -0.00010239892     0.0011197049      -0.25607988      -0.09111613
         56.71875            -22.4              300    -0.0067066718    -0.0091559999   -0.00014982559     0.0010851398      -0.25559905     -0.090970881
          57.1875            -22.4              300    -0.0067443419    -0.0091644544   -0.00020046812     0.0010489654       -0.2551021     -0.090817288
         57.65625            -22.4              300    -0.0067790169     -0.009170196   -0.00025433302     0.0010111798      -0.25458896     -0.090655342
           58.125            -22.4              300    -0.0068107061    -0.0091732247   -0.00031141751    0.00097178156      -0.25405967     -0.090485029
         58.59375            -22.4              300    -0.0068393992    -0.0091735441   -0.00037171645    0.00093077333      -0.25351426     -0.090306379
          59.0625            -22.4              300    -0.0068650912    -0.0091711394   -0.00043525896    0.00088814611      -0.25295269     -0.090119384
         59.53125            -22.4              300    -0.0068830489    -0.0091622379   -0.00048080587    0.00084761652      -0.25238752     -0.089928016
               60            -22.4              300    -0.0068833306    -0.0091536473   -0.00050214131    0.00081205409      -0.25179896     -0.089744918
         60.46875            -22.4              300    -0.0068804948    -0.0091484739   -0.00058662274    0.00076719059      -0.25115132     -0.089532644
          60.9375            -22.4              300    -0.0068688449    -0.0091349371   -0.00067197066    0.00072319433      -0.25049376     -0.089318283
         61.40625            -22.4              300    -0.0068519134    -0.0091166859   -0.00075064786    0.00068115816      -0.24982631     -0.089104019
           61.875            -22.4              300    -0.0068303458    -0.0090947496   -0.00082418323    0.00064092595      -0.24914636     -0.088889226
         62.34375            -22.4              300    -0.0068041049    -0.0090691121   -0.00089260191    0.00060248468      -0.24845384     -0.088673919
          62.8125            -22.4              300    -0.0067730001     -0.009040501   -0.00095214252    0.00056694442      -0.24775121     -0.088458776
         63.28125            -22.4              300    -0.0067360629    -0.0090111271    -0.0009907959    0.00053813157      -0.24704455     -0.088245124
            63.75            -22.4              300    -0.0066936431    -0.0089780539    -0.0010231559    0.00051191507      -0.24632372      -0.08802969
         64.21875            -22.4              300    -0.0066457232    -0.0089412797    -0.0010492288    0.00048828364       -0.2455886     -0.087812498
          64.6875            -22.4              300    -0.0066119037     -0.008901462     -0.001058057    0.00047103758      -0.24480502     -0.087590739
         65.15625            -22.4              300    -0.0065812189    -0.0088642193     -0.001047086    0.00046231318      -0.24401271     -0.087375037
           65.625            -22.4              300    -0.0065530557    -0.0088332389   -0.00099622738     0.0004694364      -0.24323323      -0.08717218
         66.09375            -22.4              300    -0.0065188403    -0.0087954812   -0.00098036509    0.00046487662      -0.24241152     -0.086959749
          66.5625            -22.4              300    -0.0064774966    -0.0087496806    -0.0010200025     0.0004417554      -0.24154168     -0.086735688
         67.03125            -22.4              300    -0.0064384397     -0.008707799    -0.0010155798    0.00043610367      -0.24065679     -0.086515583
             67.5            -22.4              300     -0.006397068    -0.0086649638    -0.0010030139     0.0004358486      -0.23974925     -0.086298041
         67.96875            -22.4              300     -0.006353328    -0.0086211367   -0.00098234881    0.00044097286      -0.23881912     -0.086083092
          68.4375            -22.4              300     -0.006307221    -0.0085763354   -0.00095358118    0.00045147608      -0.23786637     -0.085870706
         68.90625            -22.4              300    -0.0062587787    -0.0085305627   -0.00091669057    0.00046736957      -0.23689097     -0.085660905
           69.375            -22.4              300    -0.0062022526    -0.0084741144   -0.00090217171    0.00047240593      -0.23591945     -0.085464977
         69.84375            -22.4              300    -0.0061477749    -0.0084152948   -0.00089944014    0.00047230918      -0.23493287     -0.085271873
          70.3125            -22.4              300    -0.0061001508    -0.0083602089   -0.00089266291    0.00047552993      -0.23391548     -0.085074201
         70.78125            -22.4              300    -0.0060593276    -0.0083088409   -0.00088187901    0.00048205128      -0.23286727     -0.084871978
            71.25            -22.4              300    -0.0060253227    -0.0082611926   -0.00086707732    0.00049188145      -0.23178826     -0.084665194
         71.71875            -22.4              300    -0.0059981402    -0.0082172723   -0.00084824464    0.00050502317      -0.23067845     -0.084453844
          72.1875            -22.4              300    -0.0059793405    -0.0081779519   -0.00082682079    0.00052125513      -0.22953749      -0.08423695
         72.65625            -22.4              300    -0.0059675612    -0.0081495205   -0.00080654398    0.00054199342      -0.22835505     -0.084003627
           73.125            -22.4              300    -0.0059408336     -0.008116574   -0.00077727134     0.0005639022      -0.22713891     -0.083766691
         73.59375            -22.4              300     -0.005916479    -0.0080858078   -0.00074477232    0.00058657938       -0.2258901     -0.083523646
          74.0625            -22.4              300     -0.005894606    -0.0080572572   -0.00070909265    0.00061004283      -0.22460856     -0.083274499
         74.53125            -22.4              300    -0.0058751949    -0.0080309082   -0.00067024247    0.00063428836      -0.22329426     -0.083019257
               75            -22.4              300    -0.0058582257    -0.0080067553   -0.00062823878    0.00065930764      -0.22194725     -0.082757905
         75.46875            -22.4              300    -0.0058437213    -0.0079848049   -0.00058306847    0.00068510626      -0.22056749     -0.082490452
          75.9375            -22.4              300    -0.0058357222    -0.0079651549   -0.00054157432    0.00070948584      -0.21914992     -0.082211271
         76.40625            -22.4              300    -0.0058396365    -0.0079482626   -0.00051021599    0.00073049875      -0.21767414     -0.081903763
           76.875            -22.4              300    -0.0058455667    -0.0079340758   -0.00047077262    0.00075406948      -0.21614519     -0.081576779
         77.34375            -22.4              300    -0.0058534802    -0.0079225814    -0.0004232605     0.0007801911      -0.21456304     -0.081230283
          77.8125            -22.4              300     -0.005863423     -0.007913799   -0.00036764328    0.00080887624      -0.21292767     -0.080864318
         78.28125            -22.4              300    -0.0058753416    -0.0079077045    -0.0003039646    0.00084011006      -0.21123911     -0.080478862
            78.75            -22.4              300    -0.0058902833    -0.0079067172   -0.00022371887     0.0008779944      -0.20950493     -0.080073655
         79.21875            -22.4              300    -0.0058999155    -0.0079021249   -0.00018565543    0.00090014935       -0.2077505     -0.079663299
          79.6875            -22.4              300    -0.0059144646    -0.0078971777   -0.00017264299    0.00090980576      -0.20592943      -0.07921882
         80.15625            -22.4              300     -0.005937756    -0.0079027861   -7.1482616e-05    0.00094778143      -0.20402783     -0.078727297
           80.625            -22.4              300    -0.0059658885     -0.007908118   -2.3781322e-06     0.0009734343      -0.20209064     -0.078225031
         81.09375            -22.4              300    -0.0059997719    -0.0079126768    3.8715079e-06    0.00097614771      -0.20009974     -0.077701151
          81.5625            -22.4              300    -0.0060316799    -0.0079166433    6.4985361e-06    0.00097584061      -0.19804533     -0.077147745
         82.03125            -22.4              300    -0.0060615884    -0.0079200119    5.4887496e-06    0.00097250391      -0.19592747     -0.076564834
             82.5            -22.4              300    -0.0060895113    -0.0079227854    8.5751526e-07    0.00096614542      -0.19374615     -0.075952411
         82.96875            -22.4              300    -0.0061154556    -0.0079249647   -7.4062264e-06    0.00095676351      -0.19150135     -0.075310454
          83.4375            -22.4              300    -0.0061456114    -0.0079280203     -2.39613e-05    0.00094266603      -0.18918206     -0.074632123
         83.90625            -22.4              300    -0.0061770552    -0.0079316059   -4.5503955e-05    0.00092506898      -0.18679678     -0.073922567
           84.375            -22.4              300    -0.0062088948    -0.0079355324   -7.1300659e-05    0.00090423785      -0.18434735     -0.073182911
         84.84375            -22.4              300     -0.006217313    -0.0079308553   -7.0597511e-05    0.00089185475      -0.18182766     -0.072422013
          85.3125            -22.4              300    -0.0062630884    -0.0079362635    -8.469075e-05    0.00086962199      -0.17922539     -0.071612626
         85.78125            -22.4              300    -0.0063014524      -0.00793707   -0.00010637008    0.00084328558      -0.17653838     -0.070763417
            86.25            -22.4              300    -0.0063234363    -0.0079302862   -0.00013197772    0.00081462692      -0.17376675     -0.069876619
         86.71875            -22.4              300    -0.0063290522    -0.0079159094   -0.00016151555     0.0007836502      -0.17091051     -0.068952233
          87.1875            -22.4              300     -0.006318016    -0.0078944191   -0.00019420777    0.00075162714      -0.16797355     -0.067992203
         87.65625            -22.4              300    -0.0063015968    -0.0078717619   -0.00022628531    0.00072252518      -0.16496491     -0.067001194
           88.125            -22.4              300    -0.0062886225     -0.007849168   -0.00025963318    0.00069183158      -0.16186902     -0.065971546
         88.59375            -22.4              300    -0.0062790494    -0.0078266189   -0.00029427279    0.00065953378      -0.15868589     -0.064903252
          89.0625            -22.4              300    -0.0062728985     -0.007804119   -0.00033019995    0.00062563526      -0.15541551     -0.063796304
         89.53125            -22.4              300    -0.0062701898    -0.0077816835    -0.0003673936    0.00059014681      -0.15205789     -0.062650718
               90            -22.4              300    -0.0062524946     -0.007751408   -0.00040420739    0.00055279396      -0.14861208     -0.061471503
         90.46875            -22.4              300    -0.0062149931    -0.0077094082   -0.00044171209    0.00051429268      -0.14507639     -0.060260992
          90.9375            -22.4              300    -0.0061860979    -0.0076700626   -0.00047306344    0.00047959015      -0.14143854     -0.059006348
         91.40625            -22.4              300    -0.0061607454    -0.0076338714   -0.00049180724    0.00045180693      -0.13767523     -0.057696987
           91.875            -22.4              300    -0.0061238464    -0.0075919749   -0.00050623342    0.00042678975      -0.13379292     -0.056339182
         92.34375            -22.4              300    -0.0060753971     -0.007544375   -0.00051633362    0.00040453859      -0.12979162     -0.054932926
          92.8125            -22.4              300    -0.0060153776    -0.0074910568   -0.00052213948    0.00038504484      -0.12567131     -0.053478237
         93.28125            -22.4              300    -0.0059438297    -0.0074320436   -0.00052360445    0.00036832492        -0.121432      -0.05197509
            93.75            -22.4              300    -0.0058607194    -0.0073673166   -0.00052076625    0.00035436609      -0.11707371      -0.05042351
         94.21875            -22.4              300     -0.005766063    -0.0072968863   -0.00051360088    0.00034317275      -0.11259639     -0.048823487
          94.6875            -22.4              300    -0.0056701424    -0.0072240382   -0.00052077696    0.00032768212      -0.10800043     -0.047174416
         95.15625            -22.4              300    -0.0055981423    -0.0071646073   -0.00048747985    0.00032800855      -0.10328496     -0.045476884
           95.625            -22.4              300    -0.0055480795    -0.0071111037   -0.00044654589    0.00032750948     -0.098401912     -0.043717716
         96.09375            -22.4              300    -0.0054974225    -0.0070521645    -0.0004183671    0.00032329129     -0.093379937     -0.041911144
          96.5625            -22.4              300    -0.0053874357    -0.0069618258   -0.00040804758    0.00031841913     -0.088229552     -0.040056273
         97.03125            -22.4              300    -0.0052872067    -0.0068730963   -0.00039512629    0.00031613489     -0.082934946     -0.038138296
             97.5            -22.4              300    -0.0052485284    -0.0068127257   -0.00035660935    0.00032249122     -0.077510014     -0.036160249
         97.96875            -22.4              300    -0.0052006552    -0.0067488817   -0.00031191588    0.00033208696     -0.071927801      -0.03411198
          98.4375            -22.4              300    -0.0051436443    -0.0066815913   -0.00026099308    0.00034494532     -0.066188268      -0.03199346
         98.90625            -22.4              300    -0.0050774566    -0.0066108294   -0.00020388694    0.00036104574     -0.060291432     -0.029804699
           99.375            -22.4              300    -0.0050021238    -0.0065366183   -0.00014055375    0.00038040857     -0.054237269     -0.027545689
         99.84375            -22.4              300    -0.0049176519    -0.0064589526   -7.1011978e-05    0.00040302798     -0.048025794      -0.02521644
         100.3125            -22.4              300    -0.0048240074    -0.0063778255    4.7301291e-06    0.00042889369     -0.041657023      -0.02281695
        100.78125            -22.4              300     -0.004721364    -0.0062937643    8.5120075e-05    0.00045740261     -0.035128187     -0.020345252
           101.25            -22.4              300     -0.004610654    -0.0062086433    0.00015171221    0.00048274861     -0.028395053     -0.017778721
        101.71875            -22.4              300    -0.0044815065     -0.006107484    0.00021554297    0.00050942879      -0.02145287     -0.015118379
         102.1875            -22.4              300    -0.0043835812    -0.0060204472    0.00028647436    0.00053870201     -0.014307832     -0.012358915
        102.65625            -22.4              300    -0.0043169111    -0.0059475414    0.00036453479    0.00057057524    -0.0069599142    -0.0095003173
          103.125            -22.4              300    -0.0042810813    -0.0058887955    0.00045035433    0.00060535345     0.0005889571    -0.0065438505
        103.59375            -22.4              300    -0.0042482335    -0.0058409343    0.00056767929    0.00065460755     0.0082876142    -0.0035219374
         104.0625            -22.4              300    -0.0042240266    -0.0057981717    0.00068682025    0.00070429943      0.016239196   -0.00036481605
        104.53125            -22.4              300    -0.0042084605    -0.0057605039    0.00080777623    0.00075442955      0.024443746     0.0029275334
              105            -22.4              300    -0.0042009335    -0.0057239113    0.00091886148    0.00079758838      0.032956779     0.0063749477
