           x [mm]           y [mm]           z [mm]       ExRe [V/m]       ExIm [V/m]       EyRe [V/m]       EyIm [V/m]       EzRe [V/m]       EzIm [V/m]
---------------------------------------------------------------------------------------------------------------------------------------------------------
             -105            -22.4              300    -0.0007381906    -0.0019098563     0.0063802307     0.0018234788      0.024737665     0.0089240344
       -104.53125            -22.4              300   -0.00063595804     -0.001872507     0.0061947983     0.0017665138      0.016546996     0.0054702377
        -104.0625            -22.4              300   -0.00054186396    -0.0018421551       0.00598823     0.0017020646     0.0085517121     0.0021098857
       -103.59375            -22.4              300    -0.0004683705    -0.0018197391     0.0057814037     0.0016373168    0.00077008456    -0.0011415929
         -103.125            -22.4              300   -0.00041545741    -0.0018052557     0.0055743405     0.0015722751    -0.0067978995    -0.0042841984
       -102.65625            -22.4              300    -0.0003831354    -0.0017987022     0.0053670253     0.0015069377      -0.01415222    -0.0073179286
        -102.1875            -22.4              300   -0.00037096953    -0.0017970793     0.0051964386     0.0014572997     -0.021279998     -0.010233618
       -101.71875            -22.4              300    -0.0003652696    -0.0017892197      0.005021709     0.0014097468     -0.028222894     -0.013048719
          -101.25            -22.4              300   -0.00032682205    -0.0017655974     0.0048632501     0.0013690152     -0.034997046     -0.015778266
       -100.78125            -22.4              300   -0.00025573303     -0.001726581     0.0047110356     0.0013301773     -0.041591488     -0.018418103
        -100.3125            -22.4              300   -0.00015225774    -0.0016724047     0.0045626909     0.0012920997     -0.048003696     -0.020967277
        -99.84375            -22.4              300   -1.5567181e-05    -0.0016029628     0.0044183442     0.0012550284     -0.054233279     -0.023426639
          -99.375            -22.4              300    0.00013110926    -0.0015304916     0.0042805583     0.0012229257     -0.060290579     -0.025813594
        -98.90625            -22.4              300    0.00025360473    -0.0014670393     0.0041494016     0.0011947006     -0.066191398     -0.028127255
         -98.4375            -22.4              300    0.00035193469    -0.0014125945     0.0040248907     0.0011703616     -0.071935743     -0.030367624
        -97.96875            -22.4              300    0.00042611081    -0.0013671587     0.0039070258     0.0011499124     -0.077523597     -0.032534689
            -97.5            -22.4              300    0.00047609024    -0.0013307435     0.0037957774      0.001133333      -0.08295498     -0.034628462
        -97.03125            -22.4              300    0.00051264325    -0.0012990001     0.0037249546     0.0011320891     -0.088217393     -0.036647666
         -96.5625            -22.4              300    0.00056911632    -0.0012591477     0.0036836816     0.0011418257      -0.09333761     -0.038607713
        -96.09375            -22.4              300    0.00064764451    -0.0012105214     0.0036498439     0.0011548779     -0.098329484     -0.040513154
          -95.625            -22.4              300    0.00074816961    -0.0011531311     0.0036234041     0.0011712339      -0.10319298     -0.042363983
        -95.15625            -22.4              300     0.0008749431    -0.0010873055     0.0036085716     0.0011924999      -0.10789134      -0.04414897
         -94.6875            -22.4              300     0.0010162982    -0.0010185636      0.003589686     0.0012113667      -0.11248191     -0.045887891
        -94.21875            -22.4              300     0.0011371567   -0.00096197124     0.0035509798     0.0012211681      -0.11699083     -0.047589906
           -93.75            -22.4              300     0.0012373485   -0.00091612397     0.0035002939     0.0012273679      -0.12135226     -0.049233653
        -93.28125            -22.4              300     0.0013195472   -0.00087745313     0.0034495201     0.0012355907      -0.12559153     -0.050825961
         -92.8125            -22.4              300     0.0013837711   -0.00084594486     0.0033986808     0.0012458464      -0.12970863      -0.05236683
        -92.34375            -22.4              300     0.0014300311   -0.00082159531     0.0033477845     0.0012581368      -0.13370356     -0.053856261
          -91.875            -22.4              300     0.0014967117   -0.00078254612     0.0033228425      0.001282244      -0.13756356     -0.055292051
        -91.40625            -22.4              300     0.0015815385    -0.0007305555     0.0033206977     0.0013150657      -0.14130941     -0.056680083
         -90.9375            -22.4              300     0.0016460232    -0.0006876979     0.0033147428     0.0013459716      -0.14496043     -0.058024481
        -90.46875            -22.4              300      0.001690153   -0.00065397937     0.0033049602     0.0013749572      -0.14851667     -0.059325237
              -90            -22.4              300     0.0017135907   -0.00063038844     0.0032925904     0.0014032053      -0.15197939     -0.060583457
        -89.53125            -22.4              300     0.0017321333   -0.00061719073     0.0032902942     0.0014408636      -0.15535933     -0.061808679
         -89.0625            -22.4              300     0.0017641028   -0.00059962133     0.0032903068     0.0014786415      -0.15864566      -0.06299226
        -88.59375            -22.4              300     0.0018094573   -0.00057768635     0.0032926039       0.00151652      -0.16183841      -0.06413421
          -88.125            -22.4              300     0.0018682964   -0.00055134576     0.0032972479     0.0015545352      -0.16493759     -0.065234512
        -87.65625            -22.4              300     0.0019049123   -0.00053399801     0.0032679345     0.0015731459      -0.16793437      -0.06628301
         -87.1875            -22.4              300     0.0019430816   -0.00051769614     0.0032545319      0.001600144      -0.17084245     -0.067299619
        -86.71875            -22.4              300     0.0019682236   -0.00050714239     0.0032398663     0.0016244091      -0.17367546     -0.068279818
           -86.25            -22.4              300     0.0019801445   -0.00050234422     0.0032230541     0.0016453993      -0.17643377     -0.069223247
        -85.78125            -22.4              300      0.001978673   -0.00050338358     0.0032039713     0.0016630478      -0.17911735     -0.070129916
         -85.3125            -22.4              300     0.0019639172   -0.00051020645      0.003182698        0.0016774       -0.1817262     -0.070999809
        -84.84375            -22.4              300     0.0019358813    -0.0005228162     0.0031592324      0.001688453      -0.18426037     -0.071832947
          -84.375            -22.4              300     0.0019209906   -0.00052567082     0.0031256941     0.0016994721      -0.18674168     -0.072643034
        -83.90625            -22.4              300     0.0019186111   -0.00052402075     0.0030882349     0.0017073154      -0.18915306     -0.073418692
         -83.4375            -22.4              300     0.0019274913   -0.00051878113     0.0030474421     0.0017117104      -0.19149281     -0.074158803
        -82.96875            -22.4              300     0.0019476078   -0.00050998013     0.0030033365     0.0017126519      -0.19376078     -0.074863322
            -82.5            -22.4              300     0.0019441191   -0.00051603746     0.0029554907       0.00170541      -0.19588956     -0.075500697
        -82.03125            -22.4              300     0.0019361153   -0.00053447485     0.0028406251     0.0016745497       -0.1979644      -0.07611756
         -81.5625            -22.4              300     0.0019290298   -0.00055712811     0.0026927446     0.0016306622      -0.19998674     -0.076709703
        -81.09375            -22.4              300     0.0019303809   -0.00057512312     0.0025467274     0.0015853435      -0.20195585     -0.077273972
          -80.625            -22.4              300      0.001947185   -0.00057334173     0.0024680318      0.001560953      -0.20389219     -0.077814765
        -80.15625            -22.4              300     0.0019585714   -0.00057226326     0.0023895241     0.0015356177      -0.20577222     -0.078330368
         -79.6875            -22.4              300      0.001964543   -0.00057188421     0.0023112092     0.0015093433      -0.20759591     -0.078820758
        -79.21875            -22.4              300     0.0019650534   -0.00057222508     0.0022330582     0.0014821133      -0.20936336     -0.079285949
           -78.75            -22.4              300     0.0019601788   -0.00057325512     0.0021551047     0.0014539505      -0.21107449     -0.079725936
        -78.28125            -22.4              300     0.0019498435   -0.00057500275     0.0020773206     0.0014248362      -0.21272933     -0.080140717
         -77.8125            -22.4              300     0.0019514814   -0.00056119374     0.0020238049     0.0014013767      -0.21435936     -0.080540903
        -77.34375            -22.4              300      0.001967961   -0.00053727953     0.0019781613     0.0013795807      -0.21595438     -0.080927894
          -76.875            -22.4              300     0.0019948597   -0.00050870678     0.0019309673     0.0013569549      -0.21750394     -0.081298947
        -76.40625            -22.4              300     0.0020321202   -0.00047551026      0.001882205     0.0013334823      -0.21900804     -0.081654064
         -75.9375            -22.4              300     0.0020797774   -0.00043766992     0.0018318819       0.00130917      -0.22046666     -0.081993237
        -75.46875            -22.4              300     0.0021328283   -0.00040529479     0.0017853244     0.0012858902      -0.22186658     -0.082305066
              -75            -22.4              300     0.0021845854   -0.00037265843     0.0017519023     0.0012676349       -0.2232362      -0.08260899
        -74.53125            -22.4              300     0.0022343257    -0.0003382102     0.0017133271     0.0012472112      -0.22456962       -0.0829027
         -74.0625            -22.4              300      0.002282067   -0.00030193501     0.0016696027     0.0012246291      -0.22586694     -0.083186202
        -73.59375            -22.4              300     0.0023278201   -0.00026383891     0.0016207418     0.0011998876      -0.22712801     -0.083459489
          -73.125            -22.4              300     0.0023687889   -0.00022745784     0.0015349903      0.001162852      -0.22833706     -0.083716542
        -72.65625            -22.4              300     0.0023992045   -0.00020528887     0.0012899847     0.0010758135      -0.22942962     -0.083934397
         -72.1875            -22.4              300     0.0024568513   -0.00015955931     0.0012367228     0.0010503451      -0.23057152     -0.084175259
        -71.71875            -22.4              300     0.0025202353   -0.00011112075     0.0011871606     0.0010271659      -0.23168796     -0.084413365
           -71.25            -22.4              300     0.0025893375   -5.9992075e-05     0.0011412874     0.0010062698      -0.23277895     -0.084648713
        -70.78125            -22.4              300      0.002664227   -6.1392784e-06     0.0010991413    0.00098767411      -0.23384443     -0.084881306
         -70.3125            -22.4              300     0.0027448125    5.0399452e-05     0.0010606628    0.00097134989      -0.23488444     -0.085111126
        -69.84375            -22.4              300     0.0028311796    0.00010966416      0.001025917    0.00095733069      -0.23589899      -0.08533819
          -69.375            -22.4              300     0.0029243366    0.00017073192    0.00097738183    0.00094039092      -0.23688433     -0.085561082
        -68.90625            -22.4              300     0.0030288615     0.0002431575    0.00096273725     0.0009369842      -0.23782021      -0.08577165
         -68.4375            -22.4              300     0.0031299572    0.00031316467    0.00091350544    0.00092046661      -0.23872077     -0.085974857
        -67.96875            -22.4              300     0.0032267347     0.0003834758    0.00085869804    0.00090322457      -0.23959991     -0.086178496
            -67.5            -22.4              300     0.0033155708    0.00044554286    0.00083776796    0.00089883991      -0.24053578     -0.086411089
        -67.03125            -22.4              300     0.0034016725    0.00051527563    0.00085808523    0.00091674924      -0.24145077     -0.086651273
         -66.5625            -22.4              300     0.0034866259    0.00059261313    0.00086725038    0.00093477103      -0.24229352     -0.086874329
        -66.09375            -22.4              300     0.0035665017    0.00066791842    0.00087783241    0.00095485157      -0.24311864      -0.08709871
          -65.625            -22.4              300      0.003627792    0.00072564837    0.00076937443    0.00093658292      -0.24385795      -0.08730188
        -65.15625            -22.4              300     0.0036995341    0.00080058002    0.00078863185    0.00096291816       -0.2446806     -0.087536506
         -64.6875            -22.4              300     0.0037690329    0.00087318273    0.00081301213    0.00099231303      -0.24548119     -0.087771282
        -64.21875            -22.4              300      0.003835432    0.00093674287    0.00081505871     0.0010150725      -0.24623349     -0.087999061
           -63.75            -22.4              300     0.0039009212    0.00099904067    0.00082180544      0.001040582      -0.24696568     -0.088227622
        -63.28125            -22.4              300      0.003965464     0.0010600641    0.00083323603      0.001068823      -0.24767764     -0.088456959
         -62.8125            -22.4              300      0.004029111     0.0011198299    0.00084936712     0.0010998124      -0.24836946     -0.088687062
        -62.34375            -22.4              300     0.0040927585     0.0011773845      0.000872273     0.0011332929      -0.24903901     -0.088917173
          -61.875            -22.4              300      0.004154643     0.0012290701    0.00090491958     0.0011678757      -0.24968582     -0.089142792
        -61.40625            -22.4              300     0.0042099468     0.0012768172    0.00094035547     0.0012038709      -0.25031865     -0.089364499
         -60.9375            -22.4              300     0.0042586382     0.0013206014     0.0009785369     0.0012412691       -0.2509374     -0.089582264
        -60.46875            -22.4              300     0.0043007396     0.0013604378     0.0010194937     0.0012800745      -0.25154215     -0.089796133
              -60            -22.4              300     0.0043362658     0.0013963347     0.0010632323     0.0013202955      -0.25213283     -0.090006076
        -59.53125            -22.4              300      0.004365202      0.001428281     0.0011097444      0.001361927      -0.25270951     -0.090212107
         -59.0625            -22.4              300     0.0043875221     0.0014562728     0.0011590105     0.0014049569      -0.25327215     -0.090414204
        -58.59375            -22.4              300     0.0044025667     0.0014845864     0.0011844781     0.0014402088      -0.25379258     -0.090597972
          -58.125            -22.4              300     0.0044334987     0.0015053591     0.0012278343     0.0014746725      -0.25431511     -0.090782627
        -57.65625            -22.4              300     0.0044632112      0.001522569     0.0012704837     0.0015068753      -0.25482571     -0.090961605
         -57.1875            -22.4              300     0.0044888444     0.0015372632     0.0013076402     0.0015360727      -0.25532001     -0.091132969
        -56.71875            -22.4              300     0.0045087188     0.0015504854     0.0013608504     0.0015700636      -0.25583494     -0.091309004
           -56.25            -22.4              300     0.0045204796      0.001563794     0.0014073588     0.0016052844      -0.25628936     -0.091456726
        -55.78125            -22.4              300     0.0045262729     0.0015732935     0.0014360831     0.0016321964      -0.25673452     -0.091597244
         -55.3125            -22.4              300     0.0045261728     0.0015794393     0.0014546877      0.001653841      -0.25716826     -0.091729902
        -54.84375            -22.4              300     0.0045206798     0.0015827403     0.0014671739     0.0016718453      -0.25758979     -0.091854289
          -54.375            -22.4              300      0.004509843     0.0015832121     0.0014735665     0.0016862205      -0.25799903     -0.091970399
        -53.90625            -22.4              300     0.0045005744      0.001580759     0.0014346531     0.0016883141      -0.25843057     -0.092091188
         -53.4375            -22.4              300     0.0044816602     0.0015741382     0.0013807509     0.0016790133      -0.25881144     -0.092183664
        -52.96875            -22.4              300     0.0044618277     0.0015672157     0.0013220208     0.0016657072      -0.25917536      -0.09226381
            -52.5            -22.4              300     0.0044421023     0.0015603914     0.0012592585     0.0016492503      -0.25952721      -0.09233363
        -52.03125            -22.4              300     0.0044224975     0.0015536745      0.001192478     0.0016296493       -0.2598671     -0.092393145
         -51.5625            -22.4              300     0.0044114217     0.0015535899     0.0011535479     0.0016172139      -0.26020291     -0.092449084
        -51.09375            -22.4              300     0.0044016349     0.0015551371     0.0011190234     0.0016049711      -0.26052853     -0.092496872
          -50.625            -22.4              300     0.0043915953     0.0015571456      0.001083236     0.0015911482      -0.26084247     -0.092535324
        -50.15625            -22.4              300     0.0043813381     0.0015596314     0.0010462031     0.0015757527      -0.26114476     -0.092564464
         -49.6875            -22.4              300     0.0043708025     0.0015625691     0.0010078847     0.0015587679      -0.26143533     -0.092584282
        -49.21875            -22.4              300     0.0043613082      0.001566731    0.00096981996     0.0015405018      -0.26171488     -0.092596173
           -48.75            -22.4              300     0.0043664575     0.0015798211    0.00093959738     0.0015219739      -0.26198781     -0.092608914
        -48.28125            -22.4              300     0.0043804236     0.0015981179    0.00090365671     0.0015001297      -0.26224929     -0.092611328
         -47.8125            -22.4              300     0.0043872464     0.0016157222    0.00086975098     0.0014763214      -0.26250952     -0.092601709
        -47.34375            -22.4              300     0.0043956731     0.0016348781    0.00083639473     0.0014519496      -0.26276445     -0.092588663
          -46.875            -22.4              300     0.0044074729     0.0016561784    0.00080284663     0.0014269808      -0.26301306     -0.092572868
        -46.40625            -22.4              300     0.0044309217     0.0016877111    0.00079838932     0.0014121793      -0.26322436     -0.092543945
         -45.9375            -22.4              300     0.0044591893     0.0017227861    0.00080191297     0.0014007294      -0.26342753     -0.092513181
        -45.46875            -22.4              300     0.0044922391     0.0017582756    0.00079628866     0.0013856906      -0.26362288     -0.092479996
              -45            -22.4              300     0.0045286748     0.0017888714    0.00075104949     0.0013540589      -0.26380748     -0.092441306
        -44.53125            -22.4              300     0.0045661936     0.0018212005    0.00070523517     0.0013216091      -0.26398578     -0.092399999
         -44.0625            -22.4              300     0.0046090763     0.0018584249    0.00064280629     0.0012830673      -0.26417172     -0.092361026
        -43.59375            -22.4              300     0.0046576457     0.0018991595    0.00058372645     0.0012462353      -0.26435542     -0.092325822
          -43.125            -22.4              300     0.0047116112     0.0019430844    0.00053029368      0.001211938      -0.26453543     -0.092294134
        -42.65625            -22.4              300      0.004770969     0.0019902017     0.0004824989     0.0011801762      -0.26471162     -0.092265956
         -42.1875            -22.4              300      0.004835716     0.0020405138    0.00044033991     0.0011509467      -0.26488411     -0.092241295
        -41.71875            -22.4              300     0.0049079247     0.0020959564    0.00040910486     0.0011260007      -0.26504412     -0.092217043
           -41.25            -22.4              300     0.0049966723     0.0021667327    0.00041248742     0.0011137016      -0.26514962     -0.092178106
        -40.78125            -22.4              300     0.0050612967     0.0022365758    0.00038483506     0.0011036363      -0.26532567     -0.092168763
         -40.3125            -22.4              300     0.0051278705     0.0023077184    0.00035909703     0.0010955008      -0.26550108     -0.092163734
        -39.84375            -22.4              300     0.0051963748     0.0023801669    0.00033529528      0.001089294      -0.26567581     -0.092163026
          -39.375            -22.4              300     0.0052653183     0.0024425664    0.00030612363     0.0010765229      -0.26585934     -0.092177264
        -38.90625            -22.4              300     0.0053492747     0.0025175102    0.00029305241      0.001070322      -0.26603991     -0.092203856
         -38.4375            -22.4              300     0.0054334849     0.0025930237    0.00028480939     0.0010674978      -0.26621568     -0.092235059
        -37.96875            -22.4              300     0.0055160709     0.0026672077     0.0002797544     0.0010674221      -0.26638722     -0.092270985
            -37.5            -22.4              300     0.0055970354     0.0027400581    0.00027788524     0.0010700966      -0.26655468     -0.092311643
        -37.03125            -22.4              300     0.0056763543     0.0028115665    0.00027918536     0.0010755127      -0.26671791      -0.09235701
         -36.5625            -22.4              300     0.0057540406     0.0028817356    0.00028366502     0.0010836744      -0.26687697     -0.092407092
        -36.09375            -22.4              300     0.0058301445     0.0029505882    0.00029135495     0.0010945974      -0.26703188     -0.092461914
          -35.625            -22.4              300     0.0058921408     0.0030072024    0.00020976365     0.0010781642      -0.26722157     -0.092532076
        -35.15625            -22.4              300     0.0059514418     0.0030607767    0.00011131633     0.0010578595      -0.26742163     -0.092612475
         -34.6875            -22.4              300     0.0060107317      0.003113592    1.4910474e-05     0.0010398212      -0.26762474     -0.092701234
        -34.21875            -22.4              300     0.0060874554     0.0031823746     7.686374e-05      0.001070261      -0.26771095     -0.092764392
           -33.75            -22.4              300     0.0061611673     0.0032477996    0.00017173321      0.001112717      -0.26780111     -0.092838816
        -33.28125            -22.4              300     0.0062297639     0.0033081586    0.00022679524     0.0011470277      -0.26796827     -0.092941962
         -32.8125            -22.4              300     0.0062983045     0.0033699975    0.00029318436     0.0011867341       -0.2681151     -0.093043543
        -32.34375            -22.4              300     0.0063637253      0.003428224    0.00036541704     0.0012289019      -0.26825988     -0.093146808
          -31.875            -22.4              300     0.0064260093     0.0034828328    0.00044348434     0.0012735274      -0.26840267     -0.093251713
        -31.40625            -22.4              300     0.0064851665     0.0035338248    0.00052738731     0.0013206111      -0.26854336     -0.093358293
         -30.9375            -22.4              300     0.0065411897     0.0035812017    0.00061712717     0.0013701549      -0.26868209     -0.093466535
        -30.46875            -22.4              300     0.0065821456     0.0036249426    0.00067965663     0.0014120325      -0.26880258      -0.09357018
              -30            -22.4              300      0.006605004     0.0036516271    0.00062410499     0.0014111882      -0.26891032     -0.093671829
        -29.53125            -22.4              300     0.0066222297     0.0036724089    0.00057025073     0.0014105968      -0.26900539     -0.093768023
         -29.0625            -22.4              300     0.0066409595     0.0036971541    0.00058114156     0.0014354372      -0.26911312     -0.093865141
        -28.59375            -22.4              300     0.0066574216     0.0037204437    0.00059948117     0.0014629816       -0.2692214     -0.093961462
          -28.125            -22.4              300     0.0066708419      0.003741174    0.00061674602     0.0014898381       -0.2693274     -0.094056427
        -27.65625            -22.4              300     0.0066812094     0.0037593399    0.00063293148     0.0015160022       -0.2694312     -0.094150007
         -27.1875            -22.4              300      0.006688524     0.0037749398    0.00064803893     0.0015414746      -0.26953274       -0.0942422
        -26.71875            -22.4              300     0.0066927751     0.0037879737    0.00066206575     0.0015662559      -0.26963204     -0.094333023
           -26.25            -22.4              300     0.0066931937      0.003805114    0.00071356073     0.0016022925      -0.26973373     -0.094418347
        -25.78125            -22.4              300     0.0066910964     0.0038201767    0.00076384842     0.0016364288      -0.26983154     -0.094498001
         -25.3125            -22.4              300     0.0066865189     0.0038330457    0.00081220164      0.001668431      -0.26992533     -0.094572015
        -24.84375            -22.4              300     0.0066864528     0.0038438495    0.00085842237     0.0016972912      -0.27003935     -0.094645575
          -24.375            -22.4              300     0.0066823587     0.0038529276    0.00089378189     0.0017195451      -0.27014518     -0.094706699
        -23.90625            -22.4              300     0.0066736713      0.003860285     0.0009179879     0.0017351115      -0.27024078     -0.094754726
         -23.4375            -22.4              300     0.0066604195      0.003865937     0.0009310618         0.001744      -0.27032635     -0.094789684
        -22.96875            -22.4              300     0.0066423155     0.0038700216    0.00093303574     0.0017466706      -0.27039635     -0.094810836
            -22.5            -22.4              300     0.0066220164     0.0038744924    0.00092888798     0.0017476422      -0.27043751     -0.094821088
        -22.03125            -22.4              300     0.0066061188     0.0038875607    0.00095270859     0.0017614434      -0.27049923     -0.094831757
         -21.5625            -22.4              300     0.0065943487     0.0039028479    0.00098128768     0.0017762403      -0.27056372     -0.094835699
        -21.09375            -22.4              300      0.006585923      0.003917696     0.0010045129     0.0017871456      -0.27062362     -0.094830982
          -20.625            -22.4              300     0.0065809204     0.0039321389     0.0010224344      0.001794187      -0.27067888     -0.094817609
        -20.15625            -22.4              300     0.0065792417     0.0039461353     0.0010349853      0.001797331      -0.27072957       -0.0947956
         -19.6875            -22.4              300     0.0065809679     0.0039597219     0.0010422261     0.0017966046      -0.27077565     -0.094764903
        -19.21875            -22.4              300     0.0065757432     0.0039700228      0.001006712     0.0017823882      -0.27081358     -0.094730854
           -18.75            -22.4              300     0.0065659238     0.0039767609    0.00093518256      0.001754381       -0.2708275     -0.094686769
        -18.28125            -22.4              300     0.0065554143     0.0039817495    0.00083264092      0.001713342      -0.27081621     -0.094630599
         -17.8125            -22.4              300     0.0065495912     0.0039909678    0.00072840136      0.001670283      -0.27080458     -0.094569787
        -17.34375            -22.4              300     0.0065484596     0.0040044128    0.00062245503     0.0016252031      -0.27079269     -0.094504371
          -16.875            -22.4              300     0.0065550967     0.0040295226    0.00057191076     0.0015954598      -0.27082187     -0.094447777
        -16.40625            -22.4              300     0.0065658512     0.0040605646    0.00054584141     0.0015726306      -0.27086848     -0.094396167
         -15.9375            -22.4              300      0.006578926     0.0040938049    0.00051802886     0.0015489314      -0.27091321     -0.094343983
        -15.46875            -22.4              300     0.0065963664     0.0041301926    0.00049387058     0.0015264216      -0.27095303     -0.094290897
              -15            -22.4              300     0.0066298484     0.0041748886     0.0004921268     0.0015123768      -0.27097502     -0.094234638
        -14.53125            -22.4              300     0.0066718482      0.004213471    0.00047408417     0.0014924392      -0.27096838     -0.094167493
         -14.0625            -22.4              300     0.0067153051     0.0042549917    0.00045770174     0.0014733076      -0.27096254     -0.094101861
        -13.59375            -22.4              300     0.0067602098       0.00429944    0.00044295937     0.0014549741      -0.27095747     -0.094037756
          -13.125            -22.4              300     0.0068065859     0.0043468317    0.00042988732     0.0014374517      -0.27095327     -0.093975171
        -12.65625            -22.4              300     0.0068433676     0.0043834574    0.00034433603     0.0013969406       -0.2709927     -0.093930453
         -12.1875            -22.4              300     0.0068702567     0.0044019711    0.00013381615     0.0013168138      -0.27109784     -0.093914598
        -11.71875            -22.4              300     0.0069266469     0.0044539999    7.8891404e-05     0.0012862335      -0.27112827     -0.093872808
           -11.25            -22.4              300     0.0069883298     0.0045116721    4.5992434e-05     0.0012640143      -0.27115208     -0.093833707
        -10.78125            -22.4              300     0.0070525669     0.0045712702    1.5476719e-05     0.0012440272      -0.27117822     -0.093801036
         -10.3125            -22.4              300     0.0071193725     0.0046327896   -1.2656674e-05     0.0012262715      -0.27120674      -0.09377481
         -9.84375            -22.4              300     0.0071887709     0.0046962518   -3.8379803e-05     0.0012107603      -0.27123752     -0.093755014
           -9.375            -22.4              300     0.0072607286     0.0047616288   -6.1731786e-05     0.0011974731      -0.27127063     -0.093741655
         -8.90625            -22.4              300     0.0073396466     0.0048343316   -4.5838882e-05     0.0011990091      -0.27129728     -0.093734011
          -8.4375            -22.4              300     0.0074241906     0.0049136011    1.2452947e-05      0.001217047      -0.27131918     -0.093734756
         -7.96875            -22.4              300     0.0075091948     0.0049934746    7.5292483e-05     0.0012388625      -0.27134645      -0.09374553
             -7.5            -22.4              300     0.0075803683     0.0050655897    9.5210518e-05     0.0012481973      -0.27138305     -0.093767464
         -7.03125            -22.4              300      0.007649343     0.0051334696    9.1512105e-05     0.0012511959      -0.27141675     -0.093797684
          -6.5625            -22.4              300     0.0077170939     0.0051998226    8.7570166e-05     0.0012556904      -0.27145317     -0.093835309
         -6.09375            -22.4              300     0.0077835815     0.0052646305    8.3357794e-05     0.0012616655      -0.27149242     -0.093880363
           -5.625            -22.4              300      0.007848829     0.0053279037    7.8893267e-05     0.0012691291      -0.27153441     -0.093932793
         -5.15625            -22.4              300     0.0079136128     0.0053911996    8.1071164e-05     0.0012806533      -0.27157629     -0.093991242
          -4.6875            -22.4              300     0.0079813711     0.0054614646    0.00012074504     0.0013076416      -0.27160603     -0.094049074
         -4.21875            -22.4              300     0.0080486033     0.0055309059    0.00016290974     0.0013370032      -0.27163869      -0.09411291
            -3.75            -22.4              300     0.0081153363     0.0055995369    0.00020758132     0.0013687446      -0.27167431     -0.094182737
         -3.28125            -22.4              300     0.0081815468     0.0056673465    0.00025474094      0.001402859      -0.27171284     -0.094258584
          -2.8125            -22.4              300     0.0082527231     0.0057325619    0.00026773341     0.0014262523      -0.27176303      -0.09434481
         -2.34375            -22.4              300     0.0083289407       0.00579652    0.00025542529     0.0014422609      -0.27182236     -0.094440423
           -1.875            -22.4              300      0.008388917     0.0058561563     0.0002194785     0.0014525523       -0.2718536     -0.094528526
         -1.40625            -22.4              300     0.0084276674       0.00591033    0.00017553676      0.001460409      -0.27185863     -0.094606616
          -0.9375            -22.4              300     0.0084411995     0.0059596943    0.00033588312     0.0015356813      -0.27191821     -0.094717339
         -0.46875            -22.4              300     0.0084626973     0.0059997542    0.00030638848     0.0015481666      -0.27197206     -0.094816945
                0            -22.4              300     0.0084784534     0.0060360483     0.0002834895     0.0015626233      -0.27202195     -0.094912805
          0.46875            -22.4              300     0.0084884427     0.0060685705     0.0002671637     0.0015790475      -0.27206784     -0.095004879
           0.9375            -22.4              300     0.0084926365     0.0060972995    0.00025739562     0.0015974318      -0.27210978     -0.095093191
          1.40625            -22.4              300     0.0084911156     0.0061222748    0.00025422478     0.0016177983      -0.27214766     -0.095177718
            1.875            -22.4              300     0.0084852753     0.0061440947    0.00027328462     0.0016455713      -0.27218312     -0.095260546
          2.34375            -22.4              300     0.0084756147      0.006162928    0.00031609403     0.0016814356      -0.27221623     -0.095342256
           2.8125            -22.4              300     0.0084608383     0.0061782114    0.00036607229     0.0017196904      -0.27224517     -0.095420748
          3.28125            -22.4              300     0.0084409304      0.006189933    0.00042319391     0.0017603297      -0.27227008     -0.095496058
             3.75            -22.4              300     0.0084192324     0.0061951866    0.00047254958     0.0017970945      -0.27230316     -0.095572934
          4.21875            -22.4              300     0.0084069585     0.0061893882    0.00052294182      0.001827264      -0.27236965     -0.095653109
           4.6875            -22.4              300     0.0083940364     0.0061845067    0.00058154296     0.0018584556      -0.27242917     -0.095722407
          5.15625            -22.4              300      0.008381173     0.0061795702    0.00063212123     0.0018851776      -0.27248612     -0.095783398
            5.625            -22.4              300     0.0083683878     0.0061745644    0.00067468267     0.0019074376       -0.2725406     -0.095836073
          6.09375            -22.4              300     0.0083556529     0.0061694905    0.00070921984     0.0019252319      -0.27259251     -0.095880449
           6.5625            -22.4              300     0.0083429646     0.0061643515    0.00073572248     0.0019385549      -0.27264199      -0.09591651
          7.03125            -22.4              300     0.0083303638     0.0061591491    0.00075422227     0.0019474197       -0.2726889     -0.095944263
              7.5            -22.4              300     0.0083178002     0.0061538769    0.00076468475     0.0019518123      -0.27273333     -0.095963724
          7.96875            -22.4              300     0.0083053131     0.0061485395    0.00076713972     0.0019517466       -0.2727752     -0.095974855
           8.4375            -22.4              300     0.0082928669     0.0061431318    0.00076156016     0.0019472064       -0.2728146     -0.095977679
          8.90625            -22.4              300     0.0082804859     0.0061376602     0.0007479582     0.0019382033      -0.27285147      -0.09597221
            9.375            -22.4              300     0.0082582496     0.0061481278    0.00076988107     0.0019484283      -0.27289724     -0.095966466
          9.84375            -22.4              300     0.0082524661     0.0061365087      0.000657483      0.001893796      -0.27302292     -0.095994823
          10.3125            -22.4              300      0.008245388     0.0061549842    0.00063742325     0.0018839939      -0.27308601     -0.095992461
         10.78125            -22.4              300     0.0082442537     0.0061786044    0.00061314809     0.0018705301      -0.27313969     -0.095976785
            11.25            -22.4              300     0.0082481336     0.0061935373    0.00066709472     0.0018779223       -0.2730858     -0.095910564
         11.71875            -22.4              300     0.0082559707     0.0062112156    0.00071939989     0.0018832975      -0.27303657     -0.095845446
          12.1875            -22.4              300     0.0082676467     0.0062315902     0.0007699948     0.0018866244      -0.27299216     -0.095781453
         12.65625            -22.4              300     0.0082761738     0.0062514357    0.00078918599     0.0018784581      -0.27295837     -0.095719256
           13.125            -22.4              300      0.008274531     0.0062670922    0.00074572023       0.00184952      -0.27293825     -0.095657557
         13.59375            -22.4              300     0.0082769673     0.0062849093     0.0006988449      0.001819015      -0.27291813     -0.095594019
          14.0625            -22.4              300     0.0082834475     0.0063048811    0.00064855441      0.001786937      -0.27289811     -0.095528603
         14.53125            -22.4              300     0.0082939714     0.0063269995    0.00059483945     0.0017532762      -0.27287805     -0.095461331
               15            -22.4              300     0.0083150966     0.0063569462    0.00055566104     0.0017249787      -0.27285007     -0.095390864
         15.46875            -22.4              300     0.0083536338     0.0064011193    0.00054355431      0.001706205      -0.27281064      -0.09531606
          15.9375            -22.4              300     0.0083938921     0.0064399457    0.00049163413     0.0016709913      -0.27280763     -0.095255099
         16.40625            -22.4              300     0.0084360447     0.0064804833     0.0004377556     0.0016358775      -0.27280873     -0.095198594
           16.875            -22.4              300     0.0084801465     0.0065227607    0.00038195471     0.0016008837      -0.27281401     -0.095146544
         17.34375            -22.4              300     0.0085261445     0.0065667545    0.00032420387     0.0015659928      -0.27282339      -0.09509895
          17.8125            -22.4              300     0.0085740611     0.0066124732     0.0002645026     0.0015312121      -0.27283692     -0.095055833
         18.28125            -22.4              300     0.0086239055     0.0066599203    0.00020287093     0.0014965413       -0.2728546      -0.09501715
            18.75            -22.4              300     0.0086756591     0.0067090867    0.00013928674     0.0014619785      -0.27287641     -0.094982952
         19.21875            -22.4              300     0.0087318532     0.0067539355    6.2061474e-05     0.0014205207      -0.27290568     -0.094955161
          19.6875            -22.4              300     0.0087978924      0.006785335   -4.4227963e-05     0.0013622333      -0.27295005     -0.094938986
         20.15625            -22.4              300     0.0088555431     0.0068671261   -4.1431784e-05     0.0013697236      -0.27296871     -0.094923981
           20.625            -22.4              300      0.008905137     0.0069223782   -7.1256189e-05     0.0013529008      -0.27297711      -0.09490066
         21.09375            -22.4              300     0.0089578126     0.0069811968   -7.3399395e-05      0.001348498      -0.27299339     -0.094890349
          21.5625            -22.4              300     0.0090126554      0.007041357   -7.2447583e-05     0.0013471092      -0.27301422     -0.094889775
         22.03125            -22.4              300     0.0090697175     0.0071028741   -6.8380963e-05     0.0013487441      -0.27303964     -0.094898969
             22.5            -22.4              300     0.0091289356     0.0071657244   -6.1228871e-05     0.0013533873      -0.27306953     -0.094917916
         22.96875            -22.4              300     0.0091903675     0.0072299223   -5.0960109e-05      0.001361052      -0.27310401     -0.094946623
          23.4375            -22.4              300     0.0092539648     0.0072954628   -3.7604943e-05     0.0013717285      -0.27314302      -0.09498509
         23.90625            -22.4              300     0.0093197767     0.0073623583   -2.1130778e-05     0.0013854285      -0.27318665     -0.095033325
           24.375            -22.4              300     0.0093871439     0.0074308496    5.9907325e-07     0.0014032933      -0.27323493     -0.095091201
         24.84375            -22.4              300     0.0094436547     0.0075007854    1.7014565e-05     0.0014250362      -0.27330825     -0.095159195
          25.3125            -22.4              300     0.0094947554     0.0075634234    -2.003694e-05     0.0014267645      -0.27341911     -0.095240913
         25.78125            -22.4              300     0.0095422911     0.0076219933   -4.2987522e-05     0.0014361697      -0.27353874     -0.095331341
            26.25            -22.4              300     0.0095862327     0.0076764775   -5.1859301e-05     0.0014532465      -0.27366722     -0.095430449
         26.71875            -22.4              300     0.0096282102     0.0077278316   -4.5193126e-05     0.0014764888      -0.27378899     -0.095533349
          27.1875            -22.4              300     0.0096742604     0.0077806832   -2.7126633e-05     0.0014965617      -0.27384934     -0.095620885
         27.65625            -22.4              300     0.0097208917     0.0078329444   -3.5017729e-06     0.0015187568      -0.27391103     -0.095712207
           28.125            -22.4              300     0.0097768717     0.0078858463    4.4319779e-05     0.0015476234      -0.27396423     -0.095806383
         28.59375            -22.4              300     0.0098281838     0.0079338569    8.9243054e-05     0.0015766378       -0.2740199     -0.095905662
          29.0625            -22.4              300      0.009874776      0.007976966    0.00013122149     0.0016057799      -0.27407804     -0.096010081
         29.53125            -22.4              300     0.0099119535     0.0080136796    0.00017585466     0.0016378256      -0.27414387     -0.096120149
               30            -22.4              300      0.009914306     0.0080372011    0.00025596377     0.0016881118      -0.27424732     -0.096234582
         30.46875            -22.4              300     0.0099162105     0.0080594085    0.00033236109      0.001736562      -0.27435103      -0.09634611
          30.9375            -22.4              300     0.0099176271     0.0080802757    0.00040501892     0.0017831681      -0.27445489     -0.096454717
         31.40625            -22.4              300     0.0099185938     0.0080998214    0.00047396217     0.0018279363      -0.27455902     -0.096560434
           31.875            -22.4              300     0.0099190976     0.0081180437    0.00053918303     0.0018708645      -0.27466336     -0.096663229
         32.34375            -22.4              300     0.0099191396     0.0081349378    0.00060068397     0.0019119552      -0.27476797     -0.096763119
          32.8125            -22.4              300     0.0099187437     0.0081505226    0.00065847789     0.0019512144      -0.27487272     -0.096860088
         33.28125            -22.4              300     0.0098984977      0.008146761    0.00068577705     0.0019770667      -0.27491051     -0.096926734
            33.75            -22.4              300     0.0098736938     0.0081481785    0.00074446469     0.0020110533      -0.27495632     -0.096999638
         34.21875            -22.4              300     0.0098602511      0.008145716    0.00077784061     0.0020306739      -0.27505636     -0.097086094
          34.6875            -22.4              300     0.0098399706     0.0081364121    0.00078410935     0.0020412216       -0.2751509     -0.097161032
         35.15625            -22.4              300     0.0098149516     0.0081296796    0.00079065841     0.0020517327      -0.27524015      -0.09722656
           35.625            -22.4              300     0.0097878268     0.0081220679    0.00079368893       0.00205935      -0.27532992       -0.0972846
         36.09375            -22.4              300     0.0097586233     0.0081135817    0.00079321861     0.0020640786      -0.27542004     -0.097335145
          36.5625            -22.4              300     0.0097273774      0.008104248    0.00078927446     0.0020659324      -0.27551049     -0.097378157
         37.03125            -22.4              300     0.0096940063      0.008094023    0.00078180339     0.0020648856      -0.27560142     -0.097413689
             37.5            -22.4              300     0.0096585751     0.0080829356    0.00077084452     0.0020609563       -0.2756927     -0.097441725
         37.96875            -22.4              300      0.009638086     0.0080913054     0.0008373087     0.0020834391      -0.27579638     -0.097465664
          38.4375            -22.4              300     0.0096256621     0.0081065856    0.00092989858       0.00211435       -0.2759034     -0.097481176
         38.90625            -22.4              300     0.0095951781     0.0080962926    0.00090876687     0.0021043937      -0.27599552       -0.0974866
           39.375            -22.4              300     0.0095630363     0.0080856103    0.00087943184     0.0020895621      -0.27608988     -0.097487032
         39.84375            -22.4              300     0.0095284097     0.0080657825    0.00079649803     0.0020573719      -0.27618545     -0.097489089
          40.3125            -22.4              300     0.0094955489     0.0080439774    0.00069240778     0.0020179518      -0.27627885     -0.097486168
         40.78125            -22.4              300     0.0094643394     0.0080275489    0.00060300762     0.0019818302      -0.27637768     -0.097476326
            41.25            -22.4              300     0.0094333282     0.0080179311    0.00053454656     0.0019506237      -0.27649021     -0.097462952
         41.71875            -22.4              300     0.0094041452     0.0080098137    0.00046158396     0.0019163978      -0.27660474     -0.097444512
          42.1875            -22.4              300     0.0093767839     0.0080031985    0.00038413843     0.0018791643      -0.27672127     -0.097421028
         42.65625            -22.4              300      0.009357566     0.0080077071    0.00032355916     0.0018455125      -0.27683976     -0.097388893
           43.125            -22.4              300     0.0093493536     0.0080276374    0.00029231794     0.0018205028      -0.27696362      -0.09735135
         43.59375            -22.4              300     0.0093432479     0.0080492804    0.00026109256     0.0017956039      -0.27709433     -0.097315595
          44.0625            -22.4              300     0.0093392506     0.0080726389    0.00022990257     0.0017708223       -0.2772319     -0.097281605
         44.53125            -22.4              300     0.0093373172     0.0080976952    0.00019871909     0.0017461432      -0.27737635     -0.097249404
               45            -22.4              300     0.0093375016     0.0081244707    0.00016757147     0.0017215837      -0.27752766      -0.09721899
         45.46875            -22.4              300     0.0093264356     0.0081857722    0.00021646637     0.0017431627      -0.27765518     -0.097183838
          45.9375            -22.4              300      0.009314537     0.0082574161    0.00028411089     0.0017763203      -0.27778757     -0.097153232
         46.40625            -22.4              300     0.0093396101      0.008270693    0.00021346076     0.0017222306      -0.27795997     -0.097134486
           46.875            -22.4              300     0.0093706697     0.0082871951     0.0001448869     0.0016693983      -0.27814087     -0.097122103
         47.34375            -22.4              300     0.0094076768     0.0083069056    7.8356941e-05     0.0016178133      -0.27833024     -0.097116083
          47.8125            -22.4              300     0.0094506899     0.0083298488    1.3903074e-05     0.0015674923      -0.27852803     -0.097116418
         48.28125            -22.4              300     0.0094936537     0.0083649848   -2.1244414e-05     0.0015374349      -0.27870792     -0.097115465
            48.75            -22.4              300     0.0095418114       0.00839605   -5.8609992e-05      0.001507083      -0.27889922     -0.097120792
         49.21875            -22.4              300     0.0095927194     0.0084292963   -9.2435628e-05     0.0014784839      -0.27910388     -0.097133636
          49.6875            -22.4              300     0.0096463636     0.0084641622   -0.00012599491     0.0014503086       -0.2793206     -0.097153559
         50.15625            -22.4              300     0.0097027291     0.0085006384   -0.00015933812     0.0014225459      -0.27954936      -0.09718056
           50.625            -22.4              300     0.0097529553     0.0085457489   -0.00017565116     0.0014073104      -0.27979222     -0.097222567
         51.09375            -22.4              300     0.0097905844     0.0086045759   -0.00017906725     0.0014044326      -0.28004569     -0.097270921
          51.5625            -22.4              300     0.0098244324     0.0086678434    -0.0001772102     0.0014069513      -0.28031123     -0.097327739
         52.03125            -22.4              300      0.009857974     0.0087308493   -0.00016881293     0.0014141125      -0.28059024     -0.097396888
             52.5            -22.4              300     0.0098913033     0.0087936306   -0.00015383004     0.0014259447      -0.28088263     -0.097478375
         52.96875            -22.4              300     0.0099341339       0.00885111   -0.00014313054      0.001435433      -0.28116724     -0.097561888
          53.4375            -22.4              300     0.0099784778     0.0089067062   -0.00012643496     0.0014478718       -0.2814602      -0.09765511
         53.90625            -22.4              300      0.010021799     0.0089615602    -0.0001009535     0.0014649322      -0.28176653     -0.097760491
           54.375            -22.4              300      0.010064068     0.0090156663   -6.6689216e-05     0.0014866074      -0.28208631     -0.097878054
         54.84375            -22.4              300       0.01010686     0.0090577342   -4.4946093e-05     0.0014970882      -0.28234902     -0.097979106
          55.3125            -22.4              300         0.010148     0.0090973256   -3.1897798e-05     0.0015062373       -0.2826606     -0.098103017
         55.78125            -22.4              300      0.010189492     0.0091380347   -1.9451603e-05     0.0015192078      -0.28303742     -0.098256595
            56.25            -22.4              300      0.010226291     0.0091752522   -3.8985163e-06     0.0015337896      -0.28342825     -0.098417766
         56.71875            -22.4              300      0.010258391     0.0092089754    1.4757738e-05     0.0015499853      -0.28383315     -0.098586544
          57.1875            -22.4              300      0.010285785      0.009239208    3.6526471e-05     0.0015677926      -0.28425208     -0.098762915
         57.65625            -22.4              300      0.010308484     0.0092659425    6.1406754e-05     0.0015872112      -0.28468502     -0.098946884
           58.125            -22.4              300      0.010326488     0.0092891902    8.9403242e-05     0.0016082418      -0.28513199     -0.099138446
         58.59375            -22.4              300      0.010339784     0.0093089463    0.00012051081     0.0016308874        -0.285593     -0.099337615
          59.0625            -22.4              300      0.010348373     0.0093252007    0.00015471317     0.0016551404      -0.28606805     -0.099544369
         59.53125            -22.4              300      0.010359786     0.0093404576    0.00021073117     0.0016865402      -0.28656965     -0.099760555
               60            -22.4              300      0.010372315      0.009366489    0.00028069239     0.0017241213      -0.28708684     -0.099972628
         60.46875            -22.4              300      0.010356151     0.0093811033    0.00029982871      0.001750059      -0.28756857      -0.10018089
          60.9375            -22.4              300      0.010338237     0.0093892701    0.00031270832     0.0017732549      -0.28807259      -0.10039067
         61.40625            -22.4              300      0.010316178     0.0093935011    0.00032640621     0.0017959969      -0.28859764      -0.10060375
           61.875            -22.4              300      0.010288307     0.0093938382    0.00033973902     0.0018180618      -0.28914085      -0.10081974
         62.34375            -22.4              300      0.010254569     0.0093902713    0.00035268441     0.0018394403      -0.28970224      -0.10103862
          62.8125            -22.4              300       0.01021588       0.00938401    0.00036897743     0.0018613772      -0.29028413      -0.10126116
         63.28125            -22.4              300      0.010175668     0.0093789808    0.00040094671     0.0018881321      -0.29089218      -0.10148902
            63.75            -22.4              300      0.010130664      0.009370517    0.00043439213     0.0019150876      -0.29151595      -0.10171867
         64.21875            -22.4              300       0.01008086      0.009358611    0.00046931952     0.0019422369       -0.2921553      -0.10195011
          64.6875            -22.4              300      0.010022316     0.0093313036    0.00051282416     0.0019617977      -0.29279181      -0.10217042
         65.15625            -22.4              300     0.0099686831      0.009307581    0.00056681037     0.0019837553      -0.29345813      -0.10239209
           65.625            -22.4              300     0.0099224346     0.0092923762    0.00065381639     0.0020179339      -0.29417583      -0.10262305
         66.09375            -22.4              300     0.0098804152     0.0092757316    0.00069435133     0.0020347529      -0.29488373      -0.10284306
          66.5625            -22.4              300     0.0098356083     0.0092540057    0.00066657364     0.0020254632      -0.29557762      -0.10305049
         67.03125            -22.4              300     0.0097882338     0.0092346696    0.00067914766     0.0020294618      -0.29630375      -0.10326351
             67.5            -22.4              300     0.0097350031     0.0092127789    0.00068915728     0.0020302138      -0.29704872       -0.1034736
         67.96875            -22.4              300      0.009675852     0.0091883047    0.00069655199     0.0020277007      -0.29781243      -0.10368072
          68.4375            -22.4              300     0.0096107796     0.0091612581    0.00070133992     0.0020219241      -0.29859489      -0.10388491
         68.90625            -22.4              300     0.0095398203     0.0091316374    0.00070354156     0.0020128926      -0.29939613      -0.10408613
           69.375            -22.4              300     0.0094752889     0.0090959836    0.00067378813      0.001990228      -0.30024529       -0.1042987
         69.84375            -22.4              300     0.0094184373     0.0090595968    0.00062491465      0.001959092      -0.30113569      -0.10452194
          70.3125            -22.4              300     0.0093641803     0.0090251891    0.00057272753     0.0019252161      -0.30205289      -0.10474935
         70.78125            -22.4              300     0.0093124472     0.0089927278    0.00051719858      0.001888582       -0.3029969      -0.10498097
            71.25            -22.4              300     0.0092632622     0.0089622252    0.00045833545     0.0018491952      -0.30396774      -0.10521676
         71.71875            -22.4              300     0.0092166262     0.0089336876    0.00039614533     0.0018070609       -0.3049655      -0.10545675
          72.1875            -22.4              300     0.0091710724     0.0089065731    0.00032952891     0.0017610022      -0.30598959      -0.10570169
         72.65625            -22.4              300     0.0091105569     0.0088800378    0.00025794096      0.001707946      -0.30703127      -0.10595428
           73.125            -22.4              300     0.0090572555     0.0088588232    0.00018953427     0.0016583833      -0.30810159      -0.10621061
         73.59375            -22.4              300      0.009013202     0.0088431165    0.00012203015     0.0016098971      -0.30920926      -0.10647775
          74.0625            -22.4              300     0.0089782551     0.0088328365    5.5377255e-05     0.0015624436      -0.31035417      -0.10675566
         74.53125            -22.4              300     0.0089523969     0.0088279732   -1.0438613e-05     0.0015160189      -0.31153643      -0.10704433
               75            -22.4              300      0.008935608     0.0088285198   -7.5428281e-05     0.0014706125      -0.31275594      -0.10734376
         75.46875            -22.4              300     0.0089278994     0.0088344812    -0.0001395857     0.0014262322       -0.3140128      -0.10765396
          75.9375            -22.4              300     0.0089276293     0.0088432766   -0.00021054898     0.0013777083       -0.3152999      -0.10797402
         76.40625            -22.4              300     0.0089265797     0.0088487845   -0.00029133214     0.0013209088      -0.31661457      -0.10830957
           76.875            -22.4              300     0.0089254761     0.0088558774   -0.00035928492     0.0012700079      -0.31797761      -0.10866664
         77.34375            -22.4              300     0.0089242794     0.0088645313    -0.0004144311     0.0012249945      -0.31938899      -0.10904524
          77.8125            -22.4              300     0.0089230565     0.0088747786   -0.00045673051     0.0011858846      -0.32084876      -0.10944534
         78.28125            -22.4              300     0.0089217406     0.0088865878    -0.0004862248     0.0011526607      -0.32235682      -0.10986698
            78.75            -22.4              300     0.0089196153     0.0089020338   -0.00049526605     0.0011281315      -0.32391521      -0.11031147
         79.21875            -22.4              300     0.0089201583     0.0089178132   -0.00054337271     0.0010904344       -0.3255375      -0.11078856
          79.6875            -22.4              300     0.0089249518     0.0089321295   -0.00060661137     0.0010485696      -0.32718965       -0.1112818
         80.15625            -22.4              300      0.008939812     0.0089580836   -0.00057540019     0.0010403721      -0.32886189      -0.11177668
           80.625            -22.4              300     0.0089598373     0.0089845676   -0.00057314552     0.0010213786      -0.33061761      -0.11231143
         81.09375            -22.4              300     0.0089745559     0.0090049151   -0.00062653539    0.00098310353       -0.3324562      -0.11288742
          81.5625            -22.4              300     0.0089874165      0.009024756   -0.00067501282    0.00094792142      -0.33435667      -0.11349469
         82.03125            -22.4              300     0.0089983884     0.0090440856   -0.00071859313    0.00091582513      -0.33631906      -0.11413325
             82.5            -22.4              300     0.0090074874     0.0090629077   -0.00075727026    0.00088681944      -0.33834326      -0.11480308
         82.96875            -22.4              300     0.0090147182     0.0090812203   -0.00079104066    0.00086090737      -0.34042946      -0.11550418
          83.4375            -22.4              300     0.0090214871     0.0090986304   -0.00082136621     0.0008377402      -0.34256294      -0.11623123
         83.90625            -22.4              300     0.0090287495     0.0091163162   -0.00084659946    0.00081786234      -0.34475383      -0.11698813
           84.375            -22.4              300      0.009036419     0.0091344044    -0.0008664662    0.00080135302      -0.34700456      -0.11777572
         84.84375            -22.4              300     0.0090567041     0.0091569629   -0.00086356653    0.00079380954      -0.34932828      -0.11859407
          85.3125            -22.4              300     0.0090970797     0.0091829244   -0.00085454155    0.00078803068      -0.35174218      -0.11946444
         85.78125            -22.4              300     0.0091237882     0.0092019094   -0.00084464438    0.00078375544      -0.35423526      -0.12037392
            86.25            -22.4              300     0.0091332253     0.0092129046   -0.00083271135    0.00078174844      -0.35680598      -0.12132043
         86.71875            -22.4              300     0.0091253947     0.0092159174   -0.00081872381    0.00078201573       -0.3594543      -0.12230396
          87.1875            -22.4              300     0.0090984739     0.0092104394   -0.00080291182    0.00078520784      -0.36217871      -0.12332295
         87.65625            -22.4              300     0.0090604555     0.0092001576   -0.00078657456    0.00079180207      -0.36498222      -0.12437609
           88.125            -22.4              300     0.0090265451     0.0091902018   -0.00076938048    0.00079845916      -0.36787543       -0.1254715
         88.59375            -22.4              300     0.0089966999      0.009180557   -0.00075134961    0.00080516469       -0.3708584      -0.12660916
          89.0625            -22.4              300     0.0089709349     0.0091712289   -0.00073247915    0.00081192353      -0.37393105      -0.12778908
         89.53125            -22.4              300     0.0089492742     0.0091622258   -0.00071275083    0.00081874349      -0.37709337      -0.12901126
               90            -22.4              300     0.0089146271     0.0091459248   -0.00069554907     0.0008242334      -0.38036162      -0.13027644
         90.46875            -22.4              300     0.0088644018     0.0091192583    -0.0006855462    0.00082652178      -0.38373837      -0.13158254
          90.9375            -22.4              300     0.0088223536      0.009095232    -0.0006682165     0.0008319784      -0.38718081      -0.13292119
         91.40625            -22.4              300     0.0087815877     0.0090732696   -0.00063860416    0.00084200688      -0.39070112      -0.13429876
           91.875            -22.4              300     0.0087311361     0.0090457499   -0.00061000697    0.00085046841       -0.3943359      -0.13572599
         92.34375            -22.4              300     0.0086710108     0.0090126675   -0.00058242027    0.00085736206      -0.39808509      -0.13720287
          92.8125            -22.4              300     0.0086011719     0.0089740148   -0.00055586128    0.00086267898      -0.40194881      -0.13872939
         93.28125            -22.4              300     0.0085216742     0.0089298114   -0.00053029601     0.0008664357      -0.40592694      -0.14030555
            93.75            -22.4              300     0.0084324786     0.0088800415   -0.00050575659    0.00086861901      -0.41001958      -0.14193137
         94.21875            -22.4              300     0.0083336057     0.0088247098   -0.00048222122    0.00086923526      -0.41422662      -0.14360683
          94.6875            -22.4              300      0.008235164     0.0087674614   -0.00047499337    0.00086503814      -0.41852623      -0.14532678
         95.15625            -22.4              300      0.008154422     0.0087211421   -0.00043650111    0.00086959329      -0.42295805      -0.14710258
           95.625            -22.4              300     0.0080747399     0.0086719021   -0.00040985108    0.00086211611      -0.42752412      -0.14892861
         96.09375            -22.4              300     0.0079987068     0.0086188708   -0.00041365018    0.00084043341      -0.43219587      -0.15079626
          96.5625            -22.4              300     0.0078745363     0.0085361134   -0.00045020948     0.0008028234      -0.43703318      -0.15273342
         97.03125            -22.4              300     0.0077621229     0.0084550157   -0.00049280107    0.00076042808      -0.44203344      -0.15474667
             97.5            -22.4              300     0.0077070636      0.008401745   -0.00051347888    0.00072476617      -0.44718295       -0.1568329
         97.96875            -22.4              300     0.0076397625     0.0083432402   -0.00053863542    0.00068537815        -0.452483      -0.15899184
          98.4375            -22.4              300     0.0075602713     0.0082795303   -0.00056823279    0.00064228481      -0.45793346      -0.16122349
         98.90625            -22.4              300     0.0074685295     0.0082105901   -0.00060231052    0.00059547008      -0.46353436      -0.16352782
           99.375            -22.4              300     0.0073645995     0.0081364401   -0.00064082409    0.00054494757      -0.46928567      -0.16590485
         99.84375            -22.4              300     0.0072484668     0.0080570774   -0.00068379089    0.00049071346      -0.47518745      -0.16835457
         100.3125            -22.4              300     0.0071201045     0.0079724919   -0.00073122297    0.00043276118      -0.48123971      -0.17087699
        100.78125            -22.4              300     0.0069842916     0.0078848256   -0.00078403426    0.00037090282       -0.4874455      -0.17347412
           101.25            -22.4              300     0.0068882229     0.0078129098   -0.00085824844    0.00029999367      -0.49385121      -0.17617142
        101.71875            -22.4              300     0.0067692017     0.0077248439   -0.00094587007    0.00022207655      -0.50046462      -0.17897184
         102.1875            -22.4              300     0.0066773463     0.0076492224    -0.0010336598    0.00014170748      -0.50728798      -0.18188167
        102.65625            -22.4              300     0.0066126906     0.0075860531    -0.0011215906    5.8898935e-05      -0.51432115      -0.18490095
          103.125            -22.4              300     0.0065743364     0.0075351754    -0.0012090976   -2.6204212e-05      -0.52156168       -0.1880281
        103.59375            -22.4              300     0.0065168105     0.0074861459    -0.0012725852   -0.00010651484      -0.52891558      -0.19121522
         104.0625            -22.4              300     0.0064675151     0.0074415072    -0.0013362304   -0.00018757681      -0.53651345      -0.19454466
        104.53125            -22.4              300     0.0064264499     0.0074012536     -0.001400035   -0.00026939169      -0.54435498      -0.19801641
              105            -22.4              300     0.0063904673     0.0073593045    -0.0014744941   -0.00035934988      -0.55245119      -0.20163158
