           x [mm]           y [mm]           z [mm]       HxRe [A/m]       HxIm [A/m]       HyRe [A/m]       HyIm [A/m]       HzRe [A/m]       HzIm [A/m]
---------------------------------------------------------------------------------------------------------------------------------------------------------
             -105             -105            -22.4   -5.2810334e-05   -0.00026689845     -2.91592e-05   -0.00029176279   -0.00068512256    0.00065450382
              -75             -105            -22.4   -5.4500899e-05    -0.0002613703   -9.4041861e-05   -0.00047164387   -0.00064956094     0.0010010833
              -45             -105            -22.4   -2.1357228e-05   -0.00020340747   -0.00012949013   -0.00061344134    -0.0006593198     0.0012022334
              -15             -105            -22.4    6.5341478e-06   -0.00011093099   -0.00012004602   -0.00072031468   -0.00066439906     0.0013413781
               15             -105            -22.4    3.0822535e-05     1.751142e-05   -0.00010893755   -0.00075929385   -0.00068577816     0.0013729708
               45             -105            -22.4    4.6784524e-05    0.00014944983   -8.3677798e-05   -0.00070085452   -0.00067253737      0.001321268
               75             -105            -22.4    6.0165952e-05    0.00024213841   -3.7031503e-05   -0.00057294522    -0.0006723121     0.0011451521
              105             -105            -22.4     3.995917e-05    0.00027738509    3.0855859e-05   -0.00037734082   -0.00073260837    0.00075209467
             -105              -75            -22.4   -8.0188685e-05   -0.00047552638    3.3922784e-05   -0.00039305433   -0.00064362207     0.0010078796
              -75              -75            -22.4   -7.1695489e-05   -0.00049884437    6.2257786e-06   -0.00068985432   -0.00013249621     0.0018618447
              -45              -75            -22.4   -1.2498103e-05   -0.00039433615    2.4135417e-05   -0.00094558386       0.00013463     0.0024050968
              -15              -75            -22.4    3.9292263e-05   -0.00020386238    9.3734001e-05    -0.0011199845    0.00016904892     0.0027204095
               15              -75            -22.4    4.3799184e-05    3.0518793e-05    0.00012829434    -0.0012066102    0.00016876988     0.0028394735
               45              -75            -22.4    5.2987336e-05    0.00027236628    0.00014552166    -0.0010668845   -1.1652828e-06      0.002638926
               75              -75            -22.4    6.3764346e-05     0.0004642281    0.00012669894   -0.00085018843   -0.00024694091     0.0021552783
              105              -75            -22.4    3.7442289e-05    0.00051219144    0.00014168581   -0.00054768147   -0.00071371481     0.0012342145
             -105              -45            -22.4   -1.1521495e-05   -0.00074083719    0.00018778743   -0.00053009391   -0.00073856756     0.0014608386
              -75              -45            -22.4    3.2761971e-05   -0.00085478392    0.00028058494   -0.00096193538   -5.9912643e-05     0.0028046018
              -45              -45            -22.4    0.00014575824   -0.00075498252    0.00051095965    -0.0014505757    9.6869648e-05     0.0036871862
              -15              -45            -22.4    0.00015507847   -0.00042961809    0.00077049778    -0.0017862805    2.5141917e-05     0.0042933915
               15              -45            -22.4    5.6787878e-05    4.3009895e-05    0.00092197949     -0.001900001    -0.0001603649     0.0044471994
               45              -45            -22.4   -5.2795796e-05    0.00050705671    0.00081517629     -0.001714662   -0.00024182464     0.0041463762
               75              -45            -22.4   -8.4451087e-05    0.00081152422    0.00057279854    -0.0013196957   -0.00038693519     0.0033380496
              105              -45            -22.4   -0.00010734101    0.00084016356    0.00040810221   -0.00080626365   -0.00092633476     0.0019031235
             -105              -15            -22.4    0.00021080194     -0.001119523    0.00040484971    -0.0006453722    -0.0010255787     0.0021042677
              -75              -15            -22.4      0.000404241    -0.0014024825    0.00076381909    -0.0013565404   -0.00062504871     0.0039884103
              -45              -15            -22.4    0.00065739162    -0.0013826382     0.0014516053    -0.0022237671    -0.0010236483     0.0054283524
              -15              -15            -22.4    0.00060947111   -0.00093065051      0.002281317    -0.0032526634    -0.0017983997     0.0064474493
               15              -15            -22.4    6.2238891e-05    5.7955815e-05     0.0027072262    -0.0035968379    -0.0023066639      0.006780718
               45              -15            -22.4   -0.00046601502     0.0010133879     0.0022504763     -0.003250214    -0.0020230515     0.0062893992
               75              -15            -22.4   -0.00062375015     0.0014750926      0.001463572    -0.0021972354    -0.0015347243     0.0050020386
              105              -15            -22.4   -0.00052844861     0.0014158785    0.00083442125    -0.0012223535    -0.0014355618     0.0029531203
             -105               15            -22.4    0.00066356669    -0.0016921315    0.00061564834   -0.00075466005    -0.0014491152     0.0029503047
              -75               15            -22.4     0.0013484909    -0.0025199251     0.0014088744    -0.0019495887    -0.0019563821     0.0054678889
              -45               15            -22.4     0.0022186544    -0.0031174938     0.0032564395     -0.004209864    -0.0039483937     0.0078326687
              -15               15            -22.4      0.002289617    -0.0026546733     0.0062621641    -0.0074576745    -0.0067705871     0.0095847435
               15               15            -22.4    3.2012991e-05    2.7309541e-05     0.0081791077    -0.0096412562    -0.0078461962       0.01008204
               45               15            -22.4    -0.0021185605     0.0027275244     0.0061684754    -0.0076228743     -0.006921446     0.0094599007
               75               15            -22.4    -0.0022395246     0.0031879316     0.0032017012    -0.0040866723    -0.0043423558     0.0072907102
              105               15            -22.4    -0.0014999249     0.0024015016      0.001427883    -0.0017552173    -0.0024471602     0.0044333031
             -105               45            -22.4     0.0013952467     -0.002431114      0.000713218   -0.00065687578    -0.0020680912     0.0038711799
              -75               45            -22.4     0.0032054402    -0.0044951765      0.001961479    -0.0023813674    -0.0039023056     0.0072206357
              -45               45            -22.4     0.0071522919    -0.0083008688     0.0062969248    -0.0077792169    -0.0089211082      0.010789447
              -15               45            -22.4      0.010697383     -0.011260245      0.019337546     -0.022309618     -0.016546385      0.013753161
               15               45            -22.4     5.659998e-05     -0.000127576      0.034137536      -0.03824982     -0.018301154      0.013014434
               45               45            -22.4     -0.010328181      0.011168606      0.019336712     -0.022388315     -0.016548846      0.013421982
               75               45            -22.4    -0.0073098242     0.0088580698     0.0065581636    -0.0085922545    -0.0091365278      0.010486428
              105               45            -22.4    -0.0034178202     0.0042852825      0.001983077    -0.0021965273    -0.0041863923     0.0064980914
             -105               75            -22.4     0.0022035132    -0.0029923706    0.00046267276   -0.00011641156    -0.0025039609     0.0044245925
              -75               75            -22.4     0.0061951755    -0.0075603863     0.0015686755    -0.0022256591    -0.0054992335     0.0087229544
              -45               75            -22.4       0.01971429     -0.020945281     0.0083047096     -0.010982102     -0.014127587      0.014787327
              -15               75            -22.4      0.057830438     -0.065553822      0.055042341     -0.069937788     -0.017900584     0.0065471292
               15               75            -22.4     0.0039276886    -0.0057687983       0.16486318      -0.21044189      0.046979971     -0.080534823
               45               75            -22.4     -0.061427638      0.072002366      0.056096744      -0.07481607     -0.014863311     0.0011342358
               75               75            -22.4     -0.019699641      0.021002509     0.0084868968     -0.011316103     -0.014431044      0.014743692
              105               75            -22.4    -0.0063217808     0.0069908672     0.0015332833    -0.0017168537    -0.0056656143     0.0082971789
             -105              105            -22.4      0.002673497    -0.0023836754   -0.00021581253     0.0006473714    -0.0026974129     0.0040372419
              -75              105            -22.4     0.0080477456    -0.0068218661    -0.0010852163    0.00041626583    -0.0057410747     0.0085724713
              -45              105            -22.4      0.032675248     -0.029616473    -0.0022426136    -0.0022625376     -0.011795726      0.017177545
              -15              105            -22.4       0.17596494      -0.20515339     -0.011508324    -0.0077880365      0.056169987     -0.060450327
               15              105            -22.4      -0.02629438      0.027417667     -0.035915371    4.5955181e-05        0.6787219      -0.83162475
               45              105            -22.4      -0.17011824       0.19690521     -0.002544442     -0.016636403       0.04213421      -0.04057366
               75              105            -22.4     -0.032981694      0.030036215     -0.003573596      -0.00188925      -0.01145043      0.016866123
              105              105            -22.4    -0.0081132175     0.0066199112   -0.00074047205    0.00060069154    -0.0057299072     0.0086213239
