           x [mm]           y [mm]           z [mm]       HxRe [A/m]       HxIm [A/m]       HyRe [A/m]       HyIm [A/m]       HzRe [A/m]       HzIm [A/m]
---------------------------------------------------------------------------------------------------------------------------------------------------------
             -105             -105            -22.4     0.0020864354    0.00081193633      0.034977511     -0.030399797     -0.011827189      0.019250268
              -75             -105            -22.4    -0.0095000686      0.011495517      0.021447875     -0.021858346     -0.012427635      0.014863606
              -45             -105            -22.4    -0.0066287406     0.0071526882     0.0073274574    -0.0069428184     -0.008569831      0.010709067
              -15             -105            -22.4    -0.0032746252     0.0037021562     0.0023646171    -0.0025400424    -0.0042534797     0.0065772519
               15             -105            -22.4    -0.0015100816     0.0018743306    0.00068467989    -0.0011205577    -0.0021420517     0.0040077446
               45             -105            -22.4   -0.00066870387     0.0010408389    0.00011671646   -0.00063000811    -0.0012045851     0.0024839989
               75             -105            -22.4   -0.00024544337    0.00060502056   -4.5670015e-05   -0.00036511631   -0.00082201732     0.0015596228
              105             -105            -22.4   -7.9222955e-05    0.00038039894   -5.9580794e-05   -0.00019381737   -0.00078426488    0.00096638268
             -105              -75            -22.4     0.0074627767      0.010725586         0.191938      -0.22549091      0.051832978     -0.054100826
              -75              -75            -22.4      -0.05377426      0.069994025      0.059142791     -0.068404675     -0.016327979     0.0030905348
              -45              -75            -22.4     -0.019005254       0.02329994      0.010657703     -0.011042492      -0.01528899      0.011311467
              -15              -75            -22.4    -0.0059418092     0.0071735764     0.0020475728    -0.0022189282     -0.007011971      0.008134746
               15              -75            -22.4    -0.0021537128     0.0030422045    0.00042909544   -0.00079788367    -0.0025376282     0.0055334996
               45              -75            -22.4   -0.00078510895     0.0014217816   -7.2098219e-06   -0.00037900271   -0.00082339079     0.0036086291
               75              -75            -22.4   -0.00020027175    0.00083301507   -0.00011382541    -0.0002305409   -0.00039395966     0.0023542433
              105              -75            -22.4    1.0960648e-05    0.00052132929   -9.0161484e-05   -0.00012333575   -0.00071427348     0.0013468845
             -105              -45            -22.4      0.016584335      0.015516175      0.044867005     -0.051331088       0.70646477      -0.86847556
              -75              -45            -22.4      -0.16668049       0.21334255      0.004754378    -0.0053154421      0.053449519     -0.093205169
              -45              -45            -22.4     -0.032516561      0.037900992   -0.00046901288     0.0010442933     -0.018401308      0.011058222
              -15              -45            -22.4    -0.0078800935     0.0092644375   -9.0938898e-05    0.00013580846    -0.0085094636     0.0087710125
               15              -45            -22.4    -0.0025026398     0.0032561226   -0.00016181453    5.0603325e-05    -0.0027342925      0.005924887
               45              -45            -22.4   -0.00084252295     0.0015180552   -0.00015979071   -1.2229462e-05   -0.00055463653      0.003973634
               75              -45            -22.4   -0.00014736729     0.0009053821   -0.00013104356   -3.0160365e-05   -0.00011583435     0.0026352943
              105              -45            -22.4    7.0138471e-05    0.00057192083   -8.4908534e-05   -1.4690841e-05   -0.00070003571     0.0014677271
             -105              -15            -22.4     0.0033351537      0.013375182      -0.18053904       0.20749116      0.059616778     -0.062363248
              -75              -15            -22.4     -0.052211575       0.06730479     -0.058633678      0.066963084     -0.012119462    -0.0035585014
              -45              -15            -22.4     -0.018715939      0.021677056     -0.010439459      0.010966899     -0.015570187      0.010602209
              -15              -15            -22.4    -0.0057231751     0.0067312624     -0.002293271     0.0024812846    -0.0068852426     0.0082061607
               15              -15            -22.4    -0.0020797187     0.0026285641   -0.00069235329    0.00077133795    -0.0021345392      0.005680562
               45              -15            -22.4   -0.00069233857     0.0014117485   -0.00026819849    0.00034576666   -0.00023295319     0.0039114747
               75              -15            -22.4   -6.5443186e-05     0.0008335922   -0.00012176255    0.00016026871    5.5980199e-05     0.0026038566
              105              -15            -22.4    0.00012719953    0.00054462499   -6.6708577e-05    7.4125339e-05   -0.00067308842     0.0014609437
             -105               15            -22.4     0.0024892737     0.0026143293     -0.032506529      0.028821053     -0.011249527      0.016940638
              -75               15            -22.4      -0.00814931      0.011059902     -0.019541819      0.020084256     -0.013221363      0.012403671
              -45               15            -22.4    -0.0061395452     0.0073785074    -0.0070015462      0.007529302    -0.0087365573     0.0092363413
              -15               15            -22.4     -0.002966814     0.0035006942    -0.0022328242     0.0025845508    -0.0039277477     0.0067963796
               15               15            -22.4    -0.0012855566     0.0017251107   -0.00073185429     0.0010425922    -0.0010438887     0.0049331086
               45               15            -22.4   -0.00043384137      0.001083989   -0.00024659824    0.00054495072    0.00011225753     0.0034805255
               75               15            -22.4    3.3193595e-05    0.00069339515   -7.6346463e-05    0.00028049393    0.00014369092     0.0023485494
              105               15            -22.4    0.00017189748    0.00047105472   -3.0473253e-05    0.00014408535   -0.00063992798     0.0013474474
             -105               45            -22.4    0.00085767871    5.3279655e-05    -0.0077444427     0.0064917528    -0.0056819962     0.0086996974
              -75               45            -22.4    -0.0014775239     0.0019745196    -0.0057193097     0.0061845118    -0.0054179011     0.0083936248
              -45               45            -22.4    -0.0018068447     0.0021687611    -0.0030130527     0.0036972882     -0.003553946     0.0067248251
              -15               45            -22.4    -0.0012380546     0.0015804742    -0.0012532953     0.0018948859    -0.0015509189     0.0052069081
               15               45            -22.4   -0.00063580211      0.001071304   -0.00044468546     0.0010511621   -0.00021759025     0.0039567119
               45               45            -22.4   -0.00019410008    0.00068583724   -9.9055185e-05    0.00056796183    0.00027716294      0.002859263
               75               45            -22.4    0.00010917733     0.0005259348    1.3775969e-05    0.00034241195    0.00014627131     0.0020235814
              105               45            -22.4    0.00018966359    0.00037344461    1.9070809e-05    0.00018636599   -0.00062658224     0.0011792404
             -105               75            -22.4    0.00016992292   -0.00039608491     -0.002516513     0.0021545598    -0.0026074529     0.0043546762
              -75               75            -22.4   -0.00047891121    0.00030875046    -0.0019304025     0.0027066909    -0.0020319484      0.004944406
              -45               75            -22.4   -0.00064266543    0.00061376573     -0.001129644     0.0019424575    -0.0013509826     0.0044391677
              -15               75            -22.4   -0.00051310839    0.00063505612   -0.00049728143     0.0012858068    -0.0006318345       0.00366525
               15               75            -22.4   -0.00028027425    0.00055533636   -0.00010668188    0.00085961266   -0.00010422434     0.0028632034
               45               75            -22.4   -4.6551493e-05    0.00046544577    8.2482402e-05    0.00059361482    9.0383626e-05     0.0021708482
               75               75            -22.4    0.00010822656    0.00034000378    0.00010972592     0.0003498907   -8.5701926e-05      0.001567585
              105               75            -22.4    0.00013490266    0.00026284758    5.9443028e-05    0.00020051228   -0.00059980783    0.00096687389
             -105              105            -22.4    -3.036833e-05   -0.00035946854   -0.00099654822    0.00096379936    -0.0015543429     0.0022466779
              -75              105            -22.4   -0.00023991925   -9.8041273e-05   -0.00072021992     0.0012268001    -0.0013963894     0.0026504754
              -45              105            -22.4   -0.00029211733    0.00014084959   -0.00040346858     0.0011123026    -0.0012282431     0.0024706735
              -15              105            -22.4   -0.00024317829    0.00025240329   -0.00014903043    0.00088201568    -0.0009899158     0.0020531584
               15              105            -22.4   -0.00014316947    0.00026788528    3.5505924e-05    0.00065656408   -0.00076845859     0.0016051694
               45              105            -22.4   -3.6574715e-05    0.00023438047    0.00011462619    0.00046389742   -0.00063438748     0.0012183846
               75              105            -22.4    4.6814075e-05    0.00019592217    0.00011113192     0.0003153554    -0.0005832102    0.00092189002
              105              105            -22.4    7.6885393e-05     0.0001539362    6.5848733e-05    0.00017966957   -0.00064914284    0.00064254174
