           x [mm]           y [mm]           z [mm]       HxRe [A/m]       HxIm [A/m]       HyRe [A/m]       HyIm [A/m]       HzRe [A/m]       HzIm [A/m]
---------------------------------------------------------------------------------------------------------------------------------------------------------
             -105             -105            -22.4     0.0079955868    -0.0049741399     0.0035085378    -0.0013453712    -0.0032712643     0.0099172136
              -75             -105            -22.4      0.022300465     -0.018462792      0.014056638    -0.0075997347     -0.011523811      0.015764838
              -45             -105            -22.4      0.062904067     -0.064391412      0.066260032     -0.060614593     -0.017845681      0.012381917
              -15             -105            -22.4     0.0083913812     -0.007700114        0.1991687      -0.22187756      0.045308772      -0.07138826
               15             -105            -22.4     -0.063635699      0.068538956      0.067350008     -0.063211411     -0.013843766     0.0060738549
               45             -105            -22.4     -0.022657102        0.0194744       0.01462741    -0.0084172795     -0.012379512      0.015556267
               75             -105            -22.4    -0.0077959346     0.0053295959     0.0041313246    -0.0012507095    -0.0041613821     0.0094323969
              105             -105            -22.4    -0.0033689709     0.0019252523      0.001325683   -0.00049601076   -0.00070921623     0.0054012397
             -105              -75            -22.4      0.010754609    -0.0065036127    0.00081359927    0.00043461905    -0.0059833578      0.010115734
              -75              -75            -22.4      0.038436271     -0.034824248     0.0018996097     0.0019899304     -0.022976391     0.0091526704
              -45              -75            -22.4       0.18352526      -0.21489695     0.0098692887    -0.0030377684      0.023090418     -0.088476807
              -15              -75            -22.4      0.010311129      -0.01086398     0.0088901781     -0.007041981       0.62095749      -0.87738323
               15              -75            -22.4      -0.15911441       0.18840605     0.0023864419     0.0036146913      0.026289763     -0.092135876
               45              -75            -22.4     -0.037073024      0.032076087     0.0031868946    0.00069952558     -0.024810754      0.009181831
               75              -75            -22.4     -0.010557146     0.0069956947     0.0013894165    0.00059098535     -0.010344022     0.0090657836
              105              -75            -22.4    -0.0042714262     0.0023663149    0.00053682493    4.4296841e-05    -0.0016649443     0.0060499092
             -105              -45            -22.4     0.0091910837     -0.004723236    -0.0019712308     0.0020308723    -0.0057068132     0.0093760649
              -75              -45            -22.4      0.024509825     -0.020335572     -0.010684487      0.011128563     -0.024737608     0.0090595987
              -45              -45            -22.4      0.063425548     -0.066926241     -0.059985612      0.067980379     -0.032649845     -0.015127991
              -15              -45            -22.4      0.004074838    -0.0033029378      -0.15963784       0.18887533      0.020035217     -0.097362421
               15              -45            -22.4      -0.05875418      0.061341032     -0.056012325      0.060426392      -0.03447783      -0.01194907
               45              -45            -22.4     -0.022356974      0.017111231    -0.0096258353     0.0093086157     -0.026175547     0.0094614355
               75              -45            -22.4    -0.0088162152     0.0050138677    -0.0018008986     0.0019530063      -0.01106049     0.0086858273
              105              -45            -22.4    -0.0041589518     0.0019638296   -0.00048313144    0.00053873257    -0.0017355809     0.0058496245
             -105              -15            -22.4     0.0057935277    -0.0021881261    -0.0027100518     0.0016461576    -0.0033557229     0.0077288775
              -75              -15            -22.4     0.0096980389    -0.0056947721    -0.0080779763     0.0061986204     -0.015873078     0.0090625901
              -45              -15            -22.4      0.011606871    -0.0082576461      -0.02084217      0.016325573     -0.029186154      0.010159226
              -15              -15            -22.4    -7.363256e-05    0.00019817585     -0.034735285      0.029689772     -0.032539934     0.0079663014
               15              -15            -22.4     -0.011391281      0.008383235     -0.021288015      0.016799565      -0.02956094      0.009920733
               45              -15            -22.4    -0.0091830324     0.0052106683    -0.0080181463     0.0057477821     -0.018309413       0.01023073
               75              -15            -22.4    -0.0055768127     0.0025056107    -0.0028248029     0.0017276139    -0.0080409739      0.008017933
              105              -15            -22.4    -0.0032575091      0.001289161   -0.00099591678    0.00059069763      -0.00100182     0.0051031467
             -105               15            -22.4      0.003316276    -0.0011018197    -0.0021946584     0.0010427745    -0.0012482892     0.0057027279
              -75               15            -22.4     0.0041681696    -0.0015724722    -0.0046864431     0.0023811501    -0.0080674533      0.007848544
              -45               15            -22.4     0.0033826127    -0.0015223655    -0.0082136206     0.0041723684     -0.014067302     0.0096156402
              -15               15            -22.4    0.00027261968   -4.9350754e-05     -0.010379791     0.0055642868      -0.01674488      0.010304221
               15               15            -22.4    -0.0030124919     0.0012634366    -0.0083624478     0.0040183309     -0.014957247      0.010444835
               45               15            -22.4    -0.0037721815     0.0016361176    -0.0049996106     0.0024095341    -0.0097251907     0.0090751257
               75               15            -22.4    -0.0031691846     0.0012391575    -0.0024695655     0.0010848795    -0.0043835361     0.0066379253
              105               15            -22.4    -0.0021744361     0.0008965148     -0.001101795    0.00051053386   -0.00022406841     0.0039898502
             -105               45            -22.4     0.0017584756   -0.00069046946    -0.0015196636    0.00065825752   -6.4291482e-05     0.0039172256
              -75               45            -22.4     0.0019722851   -0.00069425983    -0.0028038924     0.0010530998    -0.0031830734      0.005956714
              -45               45            -22.4     0.0014037604   -0.00051616738    -0.0041463012     0.0015713054    -0.0057583386     0.0074913451
              -15               45            -22.4    0.00013598401   -8.3810541e-05     -0.004754921     0.0018099588    -0.0068827397     0.0082255537
               15               45            -22.4    -0.0011161633    0.00039459977    -0.0042815879      0.001676437     -0.006125106     0.0081518609
               45               45            -22.4    -0.0017131889    0.00060519326     -0.003061993     0.0011061651    -0.0040709148     0.0069208243
               75               45            -22.4    -0.0017142463    0.00072192348    -0.0017997865    0.00077874609    -0.0016477142     0.0051316265
              105               45            -22.4    -0.0013120957    0.00063013652   -0.00094426185    0.00041116006    0.00028168867     0.0029312926
             -105               75            -22.4    0.00088660803   -0.00043076806   -0.00095711916     0.0004249475    0.00035937995     0.0025452534
              -75               75            -22.4    0.00092266628   -0.00044989181    -0.0016365716    0.00077553722   -0.00071374403     0.0039846795
              -45               75            -22.4    0.00062469323   -0.00028715047    -0.0022917408    0.00089654507    -0.0016040107      0.004975081
              -15               75            -22.4    9.7273842e-05   -6.9114263e-05    -0.0025963534      0.000962049    -0.0019887693     0.0054783998
               15               75            -22.4   -0.00049283926    0.00015680942    -0.0024094332    0.00094154809    -0.0017308494     0.0053707426
               45               75            -22.4    -0.0007865142    0.00037676989    -0.0018166481    0.00092205411    -0.0010082073     0.0046504303
               75               75            -22.4   -0.00086469942    0.00042846802    -0.0012099834    0.00057366019   -0.00021091131     0.0034123573
              105               75            -22.4   -0.00066325458    0.00041160293    -0.0006429872    0.00034082684    0.00044979603     0.0020107101
             -105              105            -22.4    0.00037457133   -0.00022833198   -0.00058533117    0.00029737482    0.00043020936     0.0015837337
              -75              105            -22.4    0.00037099331   -0.00020924991   -0.00093841844    0.00048462162    0.00040767173     0.0021951906
              -45              105            -22.4    0.00026521159   -0.00013490859    -0.0012725119    0.00061491469    0.00036091951     0.0026169538
              -15              105            -22.4    3.7903428e-05    -3.672556e-05    -0.0014047335    0.00069820648    0.00035916764     0.0027776766
               15              105            -22.4   -0.00018851622    7.5973905e-05    -0.0013074824    0.00067952485    0.00039346737     0.0026791778
               45              105            -22.4   -0.00033935413    0.00016466354    -0.0010600709    0.00058294489    0.00042373259     0.0023584587
               75              105            -22.4   -0.00037085736    0.00021357229   -0.00071767753    0.00044010297    0.00045055535     0.0018912144
              105              105            -22.4   -0.00032840116    0.00021726884    -0.0004349337    0.00023640906    0.00038939275      0.001294271
