           x [mm]           y [mm]           z [mm]       HxRe [A/m]       HxIm [A/m]       HyRe [A/m]       HyIm [A/m]       HzRe [A/m]       HzIm [A/m]
---------------------------------------------------------------------------------------------------------------------------------------------------------
             -105             -105            -22.4     0.0010433982   -0.00096811872   -7.1810282e-05   -0.00028956099    -0.0015660216     0.0023794083
              -75             -105            -22.4     0.0026776209    -0.0022650352    0.00013352434   -0.00022304493    -0.0026324342     0.0044525922
              -45             -105            -22.4     0.0081745889    -0.0066610342    0.00081247016    0.00018780553    -0.0057593375     0.0087725576
              -15             -105            -22.4      0.033611894     -0.030800171      0.003238525     0.0023792956     -0.011464208      0.017678164
               15             -105            -22.4       0.16668516      -0.19231276       0.01144137     0.0060412944       0.04760363     -0.048189651
               45             -105            -22.4     -0.068954274      0.073897727      -0.01616263      0.045194197       0.65325624      -0.80735981
               75             -105            -22.4      -0.16927293       0.19650766     0.0084523195     0.0098384004      0.042411525      -0.04148085
              105             -105            -22.4     -0.033592407      0.029404128     0.0022921921      0.001021293     -0.010877706      0.018196588
             -105              -75            -22.4    0.00076688197    -0.0012057245   -0.00029035454    1.1026559e-05    -0.0014318764     0.0027841204
              -75              -75            -22.4     0.0020754789    -0.0027488901   -0.00055153196    0.00062329473     -0.002197057     0.0049920464
              -45              -75            -22.4      0.005864149    -0.0063812979    -0.0015900293     0.0024927813    -0.0056484453     0.0082346238
              -15              -75            -22.4      0.019255077     -0.020299789    -0.0081711803      0.011881773     -0.013439232      0.011820075
               15              -75            -22.4      0.057516921     -0.066673711      -0.05264321       0.06847845     -0.012391705    -0.0063007083
               45              -75            -22.4     0.0077665187     -0.008505309      -0.15610355       0.19378594      0.042009875     -0.078655437
               75              -75            -22.4     -0.057891019      0.063657589     -0.053815279      0.067231074     -0.011602561    -0.0042013568
              105              -75            -22.4     -0.019397171      0.019103847    -0.0086924033      0.010475964     -0.011078586       0.01358685
             -105              -45            -22.4    0.00044307372    -0.0010310535   -0.00033543792    0.00023049432    -0.0012417398     0.0026008931
              -75              -45            -22.4     0.0011881992    -0.0019689109   -0.00070491998    0.00085072132    -0.0015689124     0.0045106201
              -45              -45            -22.4     0.0030933935    -0.0037311031    -0.0019037466     0.0026190376    -0.0039378777     0.0065414133
              -15              -45            -22.4     0.0066125961    -0.0070966855     -0.006024491     0.0076147388    -0.0091009336     0.0086930143
               15              -45            -22.4     0.0097731147     -0.010003049     -0.017743334      0.020615183     -0.015555758     0.0090046218
               45              -45            -22.4   -0.00036206015   -6.3473679e-05     -0.030593295      0.032342657     -0.017339122     0.0079117632
               75              -45            -22.4    -0.0096679535     0.0091169523     -0.017487111      0.019942403     -0.015338945     0.0095412908
              105              -45            -22.4    -0.0068652839     0.0063037975    -0.0061770608     0.0068608993    -0.0078085097      0.010046435
             -105              -15            -22.4    0.00015574149   -0.00075202185    -0.0002791849    0.00029152579    -0.0010113795     0.0021743728
              -75              -15            -22.4    0.00050236849    -0.0011979737   -0.00055577105    0.00077723979   -0.00078894745     0.0036634589
              -45              -15            -22.4     0.0012091423    -0.0015412223      -0.00129342     0.0015587967    -0.0018879422     0.0050649103
              -15              -15            -22.4     0.0020352167    -0.0022193983    -0.0029263077     0.0035052623    -0.0042557013     0.0063761221
               15              -15            -22.4     0.0019907162     -0.001885463    -0.0055093095     0.0059540737    -0.0071233134     0.0070492569
               45              -15            -22.4   -6.4207161e-05   -8.4328443e-05    -0.0069655823     0.0071520088    -0.0087576248     0.0077653164
               75              -15            -22.4    -0.0019717836     0.0017814911    -0.0054602395      0.006041185    -0.0070288661     0.0072628809
              105              -15            -22.4    -0.0021990251      0.001908602    -0.0029398135     0.0030778772    -0.0042524822     0.0067140958
             -105               15            -22.4   -3.3651024e-05   -0.00053749018   -0.00017450254    0.00026912891   -0.00077826134     0.0017333275
              -75               15            -22.4    0.00011163898   -0.00068754854   -0.00031439896     0.0005557799    -0.0002505978     0.0028504836
              -45               15            -22.4    0.00041291007   -0.00074890512   -0.00067065429    0.00094477885   -0.00046789611     0.0038048306
              -15               15            -22.4    0.00065924664   -0.00075784588    -0.0012682736     0.0015590657    -0.0013253022     0.0046294499
               15               15            -22.4    0.00057117728   -0.00047998756    -0.0019573425     0.0021071392     -0.002462077     0.0052851085
               45               15            -22.4    7.8105775e-05    2.5734807e-05    -0.0022957877     0.0026244097    -0.0029956582     0.0054951375
               75               15            -22.4   -0.00044942996    0.00056960358    -0.0019866577     0.0022580696    -0.0027022387     0.0050716698
              105               15            -22.4   -0.00065596303    0.00083627785    -0.0013422319     0.0014789926     -0.002108149     0.0041449987
             -105               45            -22.4    -0.0001160438   -0.00037528534   -5.8649708e-05    0.00022540707    -0.0006354588     0.0013309675
              -75               45            -22.4   -7.2735929e-05    -0.0004206344   -8.4912266e-05    0.00038678644   -2.4011742e-06     0.0021852332
              -45               45            -22.4    8.1264603e-05   -0.00041453409   -0.00021776707    0.00061195705      0.000144969     0.0028160692
              -15               45            -22.4    0.00020388642   -0.00034790923    -0.0004396094    0.00085567991   -8.0160491e-05     0.0033441496
               15               45            -22.4    0.00021136853   -0.00019274421   -0.00067488046      0.001100425   -0.00043355525     0.0037522081
               45               45            -22.4    0.00010324027    5.3427873e-05   -0.00078244216     0.0011539403   -0.00074768742     0.0038213045
               75               45            -22.4   -2.9351017e-05    0.00030312323   -0.00070731016     0.0011227278    -0.0008693136     0.0035405864
              105               45            -22.4   -0.00012082482    0.00047992376   -0.00058767881     0.0007803741    -0.0011814458     0.0026029861
             -105               75            -22.4    -0.0001220808   -0.00025221315    2.3962806e-05     0.0001742625   -0.00057060609     0.0010139848
              -75               75            -22.4    -0.0001130688   -0.00027945047    8.1619764e-05    0.00031670195   -9.5747426e-05     0.0016386576
              -45               75            -22.4   -2.7897051e-05   -0.00023598594    7.2696042e-05    0.00041924862    7.9753692e-05     0.0020409639
              -15               75            -22.4    5.2752137e-05    -0.0001721929    3.2218627e-06    0.00053221523    7.1147566e-05     0.0023668385
               15               75            -22.4    8.9339337e-05   -8.0124082e-05   -7.9195219e-05    0.00062685757   -4.9448685e-05     0.0026052138
               45               75            -22.4    9.6119511e-05    5.6125715e-05   -0.00012406844    0.00076072721   -0.00018664714     0.0026470877
               75               75            -22.4    8.2802238e-05    0.00019530515   -0.00016856455     0.0006127294   -0.00039706947     0.0023701198
              105               75            -22.4    2.7147104e-05    0.00029544663   -0.00020850237    0.00046947983   -0.00078844861     0.0016725045
             -105              105            -22.4    -7.053477e-05   -0.00013784827    5.4942942e-05    0.00013310814   -0.00063345151    0.00071970094
              -75              105            -22.4   -6.9984315e-05   -0.00014202387    0.00012604576    0.00022162992   -0.00057121797     0.0010451636
              -45              105            -22.4   -3.3523975e-05   -0.00012438851    0.00016141841    0.00030165043   -0.00059551105     0.0012698309
              -15              105            -22.4    1.2242882e-05   -9.2104223e-05    0.00014697271    0.00037528132    -0.0006335178     0.0014435246
               15              105            -22.4    4.3307515e-05   -3.8063452e-05    0.00011554504    0.00042387936   -0.00065745774     0.0015503078
               45              105            -22.4    6.1038118e-05    3.2160162e-05    6.7160865e-05    0.00043077045    -0.0006768498     0.0015584268
               75              105            -22.4    7.1611037e-05    0.00011082907    1.2621207e-05    0.00039643174   -0.00068825163     0.0014439262
              105              105            -22.4     5.329464e-05    0.00016817111   -5.2106308e-05    0.00027397453   -0.00075018191     0.0010739247
