           x [mm]           y [mm]           z [mm]       HxRe [A/m]       HxIm [A/m]       HyRe [A/m]       HyIm [A/m]       HzRe [A/m]       HzIm [A/m]
---------------------------------------------------------------------------------------------------------------------------------------------------------
             -105             -105            -22.4    0.00060828589   -0.00046999284     0.0015796906    -0.0010195567   -0.00019677868     0.0028715327
              -75             -105            -22.4    0.00029991317     -0.000200749     0.0019853995    -0.0014162854   -0.00043290807     0.0035181867
              -45             -105            -22.4   -0.00011037309    6.8049951e-05     0.0020637638    -0.0013173147   -0.00046547697     0.0035692567
              -15             -105            -22.4   -0.00044248326    0.00027873731      0.001710884     -0.001204301   -0.00020083577     0.0032448445
               15             -105            -22.4   -0.00057169038    0.00036903919     0.0012446872   -0.00095359521    6.1335857e-05     0.0026468479
               45             -105            -22.4   -0.00050748623    0.00039072253    0.00074871338   -0.00070393743    0.00021550394     0.0020189108
               75             -105            -22.4   -0.00037535175     0.0003416973    0.00041308522   -0.00046388392    0.00024376216     0.0014388963
              105             -105            -22.4   -0.00025028994    0.00026833732    0.00020578198   -0.00023978343    0.00011738937    0.00092459109
             -105              -75            -22.4      0.001694628   -0.00081506622     0.0032164007     -0.002060842    -0.0012799132     0.0052092122
              -75              -75            -22.4    0.00075936597   -0.00013289545     0.0041936804    -0.0030955174    -0.0035217439     0.0063262498
              -45              -75            -22.4   -0.00043139554    0.00047965129     0.0039944472    -0.0027459848    -0.0040056221     0.0067583644
              -15              -75            -22.4    -0.0011183883    0.00079392007     0.0030414495       -0.0019588    -0.0030986648     0.0063102595
               15              -75            -22.4    -0.0012335355    0.00082996325     0.0019639141    -0.0013484126    -0.0015605087     0.0053672465
               45              -75            -22.4    -0.0010243099    0.00069578504     0.0011435322   -0.00082541886   -0.00044469061     0.0040044868
               75              -75            -22.4   -0.00070214586     0.0006188447    0.00058390683     -0.000516409    0.00014206798     0.0026943728
              105              -75            -22.4   -0.00042879977    0.00047626544    0.00026700244   -0.00025772574    0.00024484922     0.0014211151
             -105              -45            -22.4     0.0043037217     -0.001976083     0.0076193223    -0.0057022767    -0.0043752221      0.009342229
              -75              -45            -22.4     0.0014489789    0.00012615559      0.010316008    -0.0082316771     -0.010680678      0.010011432
              -45              -45            -22.4    -0.0019298509     0.0022212972     0.0090365577    -0.0067616659     -0.011890932        0.0100053
              -15              -45            -22.4    -0.0029914959     0.0021551468     0.0053645764    -0.0032958367    -0.0085972082     0.0093848556
               15              -45            -22.4    -0.0026447685     0.0015451794     0.0028770296    -0.0015410391    -0.0046620909     0.0077673364
               45              -45            -22.4    -0.0018675756     0.0011428478     0.0014610088   -0.00082984404    -0.0017828175     0.0057997601
               75              -45            -22.4    -0.0011764927    0.00090670172    0.00069220399   -0.00046133174   -0.00023758945     0.0038110155
              105              -45            -22.4   -0.00068427523    0.00066404429    0.00030259782   -0.00021857859    0.00025774879     0.0018741075
             -105              -15            -22.4      0.014448667    -0.0084386803      0.022169963     -0.018891875     -0.012614939      0.015651686
              -75              -15            -22.4     0.0033883383    0.00099810027      0.037269324     -0.034506559      -0.02574186      0.011449213
              -45              -15            -22.4     -0.010120503     0.0097404514      0.022748493     -0.019291379     -0.026259758       0.01131915
              -15              -15            -22.4    -0.0085876659     0.0066964873     0.0091555044    -0.0064019053     -0.018070811      0.011647146
               15              -15            -22.4    -0.0051493328     0.0029987707     0.0034904727    -0.0017839728    -0.0092088357     0.0097539416
               45              -15            -22.4    -0.0029958154     0.0018010394     0.0014662007   -0.00068839284    -0.0036797626      0.007290402
               75              -15            -22.4    -0.0017357081     0.0011392424    0.00062612892   -0.00028759014   -0.00086863025      0.004685279
              105              -15            -22.4   -0.00094433682    0.00081214641    0.00025806454   -0.00013522163    0.00022333996      0.002251921
             -105               15            -22.4      0.064054459     -0.060428768      0.059579823     -0.063762315     -0.014725208      0.008521053
              -75               15            -22.4     0.0053712931     0.0016279239       0.16969231      -0.19748677         0.020544     -0.081570253
              -45               15            -22.4     -0.053888269      0.059064079      0.058113191     -0.062087074     -0.033554837    -0.0092410808
              -15               15            -22.4     -0.021846926       0.01811102      0.011072606    -0.0087604374     -0.028861459      0.012102606
               15               15            -22.4    -0.0084685804     0.0053363745     0.0026786192    -0.0012891749     -0.013603757      0.010761825
               45               15            -22.4    -0.0041839876     0.0023004471    0.00080176088   -0.00023008723    -0.0054650679     0.0080069602
               75               15            -22.4    -0.0021692582     0.0013070009    0.00026336548   -1.5464146e-05    -0.0014806087     0.0050746463
              105               15            -22.4    -0.0011428918    0.00085616432    9.9430683e-05    5.0805456e-06    0.00014324226     0.0024855188
             -105               45            -22.4         0.193453      -0.21676134   -0.00087463757    0.00075411395      0.052016262     -0.079201937
              -75               45            -22.4     -0.035241343      0.043026954      0.059611239     -0.066515386       0.60621697       -0.8572681
              -45               45            -22.4      -0.17103624       0.20051169     0.0008642656    -0.0042989124     0.0090245092     -0.075446025
              -15               45            -22.4     -0.034877818      0.030169774    -0.0013286972   -1.9599524e-05     -0.031482507     0.0098187625
               15               45            -22.4     -0.010539871       0.00700342   -0.00086896471    0.00045758131     -0.014966148      0.010438965
               45               45            -22.4    -0.0044909283     0.0021745316   -0.00052655383    0.00040256925    -0.0057778778     0.0077448292
               75               45            -22.4    -0.0022223708     0.0013313615    -0.0002804242     0.0002702623    -0.0015233723     0.0050209844
              105               45            -22.4     -0.001180941    0.00080105104   -0.00012162339     0.0001618611     9.554084e-05     0.0025270537
             -105               75            -22.4      0.064929821     -0.060783073     -0.057900533      0.060030263     -0.012352404     0.0057727033
              -75               75            -22.4    -0.0063780285      0.014475349      -0.15508802       0.17913976      0.031314716     -0.092272498
              -45               75            -22.4     -0.057094943      0.061584555     -0.059435725      0.058921643     -0.029586747    -0.0097121298
              -15               75            -22.4     -0.020940818      0.017134247     -0.012763104     0.0086668646     -0.024352321      0.010261953
               15               75            -22.4    -0.0078280047     0.0049991934    -0.0040291264     0.0021250718     -0.010711686      0.009004131
               45               75            -22.4    -0.0035713066      0.002087472    -0.0016711934    0.00090024446    -0.0039056279     0.0066486862
               75               75            -22.4    -0.0018600132     0.0010316914   -0.00073975901    0.00050912617   -0.00099605811      0.004180247
              105               75            -22.4   -0.00093365757    0.00066913082   -0.00029085905    0.00027310161    0.00011918443     0.0022652803
             -105              105            -22.4      0.012005832    -0.0078396956     -0.021622201      0.017030774    -0.0089982077      0.017207293
              -75              105            -22.4     0.0010885851      0.000546486      -0.03538321      0.027678069     -0.013412656      0.013861409
              -45              105            -22.4    -0.0097847153     0.0087314751     -0.022957364      0.016000891     -0.013629002      0.013867446
              -15              105            -22.4    -0.0075371363     0.0055461838     -0.010175645     0.0053873137     -0.007901513      0.011080922
               15              105            -22.4     -0.004066051     0.0024696067    -0.0042293835     0.0018735654    -0.0030374145     0.0074746292
               45              105            -22.4     -0.002210272     0.0011661859    -0.0019052586    0.00094416365   -0.00081768667     0.0046935175
               75              105            -22.4    -0.0012062908    0.00067295611   -0.00086716213    0.00058885867    2.5593417e-06      0.002866284
              105              105            -22.4   -0.00067693077    0.00041714325   -0.00035927421    0.00032284114    0.00015936105     0.0016873699
