           x [mm]           y [mm]           z [mm]       HxRe [A/m]       HxIm [A/m]       HyRe [A/m]       HyIm [A/m]       HzRe [A/m]       HzIm [A/m]
---------------------------------------------------------------------------------------------------------------------------------------------------------
             -105             -105            -22.4     0.0015593241   -0.00086203701    0.00056022982   -0.00031109547   -0.00017497467     0.0030172344
              -75             -105            -22.4     0.0032135793    -0.0018993139     0.0016016546   -0.00049818092    -0.0012466649     0.0053265123
              -45             -105            -22.4      0.007640806    -0.0050813248     0.0042122602    -0.0013330841    -0.0045017018     0.0093661854
              -15             -105            -22.4      0.021465845     -0.018659517       0.01425723    -0.0079123834     -0.012626076      0.016257571
               15             -105            -22.4      0.062126413     -0.066910736      0.064258449     -0.059259526     -0.017212817      0.011107421
               45             -105            -22.4    -0.0064297304     0.0020337857       0.20192519      -0.22499476      0.033879649     -0.058373179
               75             -105            -22.4     -0.064160705      0.068221189      0.065761641     -0.062643647     -0.013775795     0.0077663902
              105             -105            -22.4     -0.022631459      0.018156517      0.012243164    -0.0081544034    -0.0095151933      0.017784093
             -105              -75            -22.4     0.0019436569    -0.0011307566    0.00025564423   -7.4920485e-05   -0.00041954353     0.0036232828
              -75              -75            -22.4     0.0041138646    -0.0026876002    0.00073916581    0.00016737168    -0.0036526707     0.0062148743
              -45              -75            -22.4      0.010162821    -0.0072217174     0.0016142725    0.00057647063     -0.011201434     0.0093994085
              -15              -75            -22.4      0.035190333      -0.03128989     0.0029751132     0.0011150078     -0.025419602     0.0098816985
               15              -75            -22.4       0.17195089      -0.20591697     0.0072582276     -0.002203298      0.017282035     -0.083137155
               45              -75            -22.4      0.018518254     -0.021027453     -0.025602736      0.030863956       0.55749452      -0.79755497
               75              -75            -22.4      -0.17865141       0.20240383     0.0050382959    -0.0026041879      0.033827402     -0.092127994
              105              -75            -22.4     -0.035821378      0.028721374     0.0019835534    -0.0005548714     -0.013294816      0.014125722
             -105              -45            -22.4      0.001977446    -0.0010733919   -0.00012216752    0.00014719706   -0.00042840582     0.0037018526
              -75              -45            -22.4     0.0040067229    -0.0022462164   -0.00038021762    0.00057607208    -0.0043453588     0.0065204338
              -45              -45            -22.4     0.0087091336    -0.0056829751    -0.0017769609     0.0021598926     -0.012125111     0.0091245715
              -15              -45            -22.4      0.022331132     -0.018698882     -0.010084729       0.01006068     -0.026763592      0.010124677
               15              -45            -22.4       0.05758179     -0.061023403     -0.053454746      0.057068188     -0.033656634     -0.012740951
               45              -45            -22.4    -0.0060531111     0.0044394704      -0.17206138       0.19973919      0.020597722     -0.091068521
               75              -45            -22.4     -0.059420872      0.058895551     -0.056136642      0.060733669     -0.032122374    -0.0086444216
              105              -45            -22.4     -0.023213563      0.016374085    -0.0098829828     0.0092251841     -0.013286077      0.013562681
             -105              -15            -22.4     0.0016909934   -0.00086276763   -0.00044144658    0.00024621046   -0.00019358701     0.0033506742
              -75              -15            -22.4     0.0029614719    -0.0015287927    -0.0010944474    0.00071334519    -0.0032753535     0.0060380371
              -45              -15            -22.4     0.0051030065    -0.0023190477    -0.0029207068     0.0016959364    -0.0089734159     0.0086160656
              -15              -15            -22.4     0.0085984869    -0.0055163205    -0.0081506502     0.0058964496      -0.01806465      0.010172746
               15              -15            -22.4      0.010534833     -0.008106662      -0.02092457       0.01687756     -0.027854789     0.0085851615
               45              -15            -22.4    -0.0015550327    -0.0001859391     -0.033794533       0.02746978     -0.031329975     0.0076296288
               75              -15            -22.4     -0.012445013     0.0078565693     -0.020686384      0.017103042      -0.02375889     0.0082593104
              105              -15            -22.4    -0.0098874923     0.0044670301    -0.0073663648     0.0054570814    -0.0080074258      0.011314937
             -105               15            -22.4     0.0012173631   -0.00069148798   -0.00054347538    0.00027841111    9.6656593e-05     0.0027768346
              -75               15            -22.4     0.0019446681   -0.00091623771    -0.0011951048    0.00059640309    -0.0018037992     0.0050916784
              -45               15            -22.4     0.0027840731     -0.001056755    -0.0025239585     0.0010978782    -0.0049580662     0.0072954334
              -15               15            -22.4     0.0033336603    -0.0013623125    -0.0048398948      0.002310629    -0.0094173057     0.0088869249
               15               15            -22.4     0.0024942027    -0.0010936699    -0.0080390656     0.0040108403     -0.014111192     0.0097155217
               45               15            -22.4   -0.00067120721    0.00011435633    -0.0099235643     0.0058093378     -0.015106674     0.0093302904
               75               15            -22.4    -0.0038849544     0.0013045864      -0.00774001     0.0044284752     -0.010982708     0.0082599958
              105               15            -22.4    -0.0041672923     0.0013234406    -0.0040810364     0.0023343596    -0.0031353878     0.0075350502
             -105               45            -22.4    0.00075594219   -0.00051894505   -0.00049194554    0.00027506857    0.00025968885     0.0021409215
              -75               45            -22.4     0.0011423167    -0.0005880493    -0.0010088204    0.00048828474   -0.00056188472     0.0039317766
              -45               45            -22.4     0.0014362932   -0.00057459762    -0.0018297159    0.00079576357    -0.0020117711     0.0055616312
              -15               45            -22.4     0.0013987226   -0.00047047247    -0.0029214174     0.0011653428    -0.0039815041     0.0068256566
               15               45            -22.4    0.00075628667   -0.00023203067    -0.0040265187     0.0016469095    -0.0056858747      0.007555454
               45               45            -22.4   -0.00044125333     0.0001876155    -0.0043326346     0.0017436959     -0.005955392     0.0072688698
               75               45            -22.4    -0.0016501321    0.00047515173    -0.0035411841     0.0016699118    -0.0040703909     0.0063711023
              105               45            -22.4    -0.0018850225     0.0006354347    -0.0022641427     0.0010481479   -0.00083719916     0.0048466991
             -105               75            -22.4    0.00041820123   -0.00034123557    -0.0003591975      0.000236049    0.00027022595     0.0015525237
              -75               75            -22.4    0.00058637117   -0.00040030983   -0.00069009286     0.0004679375    0.00011521929     0.0027370616
              -45               75            -22.4    0.00069726171   -0.00032425747    -0.0011872281    0.00062954065   -0.00037624838     0.0037454735
              -15               75            -22.4    0.00063263637   -0.00019521949     -0.001744305    0.00078345835    -0.0010506774      0.004568534
               15               75            -22.4    0.00026505932   -3.8095655e-05    -0.0021774797    0.00088500202    -0.0016420842     0.0050409259
               45               75            -22.4   -0.00025141367    0.00015404438     -0.002192352     0.0011138953    -0.0017019118     0.0049346336
               75               75            -22.4   -0.00071827433    0.00030959176    -0.0018385975    0.00081303797    -0.0010616845     0.0041709286
              105               75            -22.4   -0.00081204314    0.00039902786    -0.0011984145    0.00059615832    1.2202892e-05     0.0029839785
             -105              105            -22.4    0.00020339161   -0.00017041404   -0.00024317343    0.00018777308     0.0001620368     0.0010342781
              -75              105            -22.4    0.00026794497   -0.00018195587   -0.00043076076    0.00034289883    0.00027198324     0.0015286085
              -45              105            -22.4    0.00031340256   -0.00015481708    -0.0006987754    0.00047698937      0.000285961     0.0019883481
              -15              105            -22.4    0.00025950198   -9.8647783e-05   -0.00095775712    0.00059184682    0.00024381783      0.002375989
               15              105            -22.4    0.00010360149   -1.1816032e-05     -0.001135051    0.00063018117    0.00016189269     0.0026152213
               45              105            -22.4   -0.00010217926    8.6032145e-05    -0.0011545037    0.00060790899    0.00010168029     0.0026305381
               75              105            -22.4   -0.00026973351    0.00017259586   -0.00095433096    0.00053529086    0.00013930783      0.002394204
              105              105            -22.4   -0.00034688995     0.0002289954   -0.00068701635    0.00032462762    0.00018216198     0.0018232694
