           x [mm]           y [mm]           z [mm]       ExRe [V/m]       ExIm [V/m]       EyRe [V/m]       EyIm [V/m]       EzRe [V/m]       EzIm [V/m]
---------------------------------------------------------------------------------------------------------------------------------------------------------
             -105             -105            -22.4      -0.37296394      0.043962765       0.41641834      -0.01247029       0.01876596     0.0089644426
              -75             -105            -22.4       -1.3268449      0.048858806        0.5851748      0.062336966      0.041225936      0.022188626
              -45             -105            -22.4       -2.6020014       -0.2157795       0.62670094       0.17887305       0.02609355      0.012099695
              -15             -105            -22.4       -3.4032693      -0.45554391      0.041218527    -0.0016557658    0.00018134969     0.0096470071
               15             -105            -22.4       -2.6802368      -0.15407328      -0.58938038      -0.20628233     -0.031144721     -0.014169429
               45             -105            -22.4        -1.465214       0.17840478      -0.55192143     -0.095353536      -0.02872815     -0.018734619
               75             -105            -22.4      -0.63506854       0.21118279      -0.33995306      0.019912986     -0.027697271     -0.020982653
              105             -105            -22.4      -0.16359925      0.081158891      -0.20223823       0.04871035     -0.013050175    -0.0084799733
             -105              -75            -22.4      -0.31106582      0.035109356        1.1748852     -0.076458633     -0.001738347    -0.0092384135
              -75              -75            -22.4        -1.195797     -0.075227484        1.8440336       0.29421431     0.0055275606     -0.033503979
              -45              -75            -22.4       -3.1349585      -0.92301393        2.5612063        0.9553954     -0.013243039      -0.14956242
              -15              -75            -22.4       -5.5197167       -2.0678329      0.022089314     -0.060890552    -0.0090843486     -0.012830298
               15              -75            -22.4       -3.1224611      -0.80850101        -2.475678       -1.0598301     0.0038910329        0.1273044
               45              -75            -22.4       -1.2901989      0.041469734       -1.7004356       -0.3789199      0.019587442      0.040217578
               75              -75            -22.4      -0.51814079       0.17749578      -0.94638181      0.074439436    -0.0015032219     0.0032618707
              105              -75            -22.4      -0.14161509      0.076089241      -0.55524415       0.18942529   -0.00078962964     0.0015623897
             -105              -45            -22.4     -0.065756746        0.0388759        1.5932494       -0.1356751     0.0062494362     -0.015723526
              -75              -45            -22.4      -0.19121528      0.058239341        2.6982687       0.56127107    -0.0026916945     -0.090594955
              -45              -45            -22.4      -0.38417488    -0.0015426683         4.837255        2.5003667      -0.13175781      -0.60327297
              -15              -45            -22.4      -0.47729477        1.2745917      0.070853092     -0.080533154      0.029642168     -0.046564385
               15              -45            -22.4      -0.24101195       0.11399408       -4.6966944       -2.6267242      0.026260667         0.512604
               45              -45            -22.4      -0.19499882       0.15460971       -2.3883746      -0.63710022    -0.0060533518      0.061357029
               75              -45            -22.4      -0.11662731       0.13023023       -1.2645137       0.12853299   -6.6590481e-05     0.0096896067
              105              -45            -22.4     -0.033710573      0.050378852      -0.74924713       0.30172473    7.7127697e-05    0.00061241863
             -105              -15            -22.4        0.1849241      0.055450991        1.4342222      -0.24050012      0.008007165     0.0013186953
              -75              -15            -22.4       0.79721278       0.29733211         2.073072       0.21946859     -0.003031072     -0.038641296
              -45              -15            -22.4        2.4623802        1.3817189        2.6581612        1.2537014    -0.0060308697      -0.18062763
              -15              -15            -22.4        4.4941344         3.259552      0.024793118      -0.11530847      0.034695026      0.056802843
               15              -15            -22.4        2.4799504        1.4057274       -2.6042912       -1.4639022      0.048110768       0.23192884
               45              -15            -22.4       0.83206296       0.29753968        -1.881014      -0.35501134      -0.01223536      0.037422895
               75              -15            -22.4       0.27314138      0.066208161       -1.1287881       0.21802634     0.0013446009     0.0055957106
              105              -15            -22.4      0.063800223      0.016030656      -0.71157116       0.35952771    -0.0055634216    0.00065830431
             -105               15            -22.4       0.25042072      0.017695755       0.96666968      -0.32312047      0.012705484     0.0068815881
              -75               15            -22.4        0.8831476        0.1317315        1.1576329      -0.15983585     0.0063160248    -0.0073139332
              -45               15            -22.4        1.7841972       0.51576692       0.99372053      0.074874625      0.010059414     -0.011628179
              -15               15            -22.4        2.3592148       0.84596562      0.052700132     -0.059626505    -0.0084650964     -0.014922642
               15               15            -22.4        1.8349695       0.50400138      -0.95333564       -0.2726807   -0.00067522429      0.022321295
               45               15            -22.4       0.95846128       0.08461833       -1.0233219      0.037659898     0.0016205909     0.0057544443
               75               15            -22.4       0.40550303     -0.037581693      -0.75313282       0.28610194   -0.00042740093     0.0029756469
              105               15            -22.4       0.11135241     -0.018152034      -0.52494043       0.34862432    -0.0048507871    -0.0037352657
             -105               45            -22.4       0.19843398     -0.029725924       0.52385557       -0.2957564       0.01068743     0.0097066928
              -75               45            -22.4        0.6183362     -0.076430604       0.56379634      -0.25236735     0.0022591148   -0.00076543924
              -45               45            -22.4        1.0435016     -0.055843722       0.41398919      -0.13757639    -0.0041424576    -0.0044843438
              -15               45            -22.4        1.2520882     -0.031821791      0.020338463     -0.065238021    -0.0025632835   -0.00024789758
               15               45            -22.4        1.0705547      -0.10332534      -0.35729939      0.019556541   -0.00040856079     0.0030543257
               45               45            -22.4       0.68728751      -0.15780839      -0.48063648       0.15606618     0.0031711254   -0.00038306025
               75               45            -22.4       0.34519643        -0.131301       -0.4142406       0.26198316    -0.0012673328     0.0011704775
              105               45            -22.4       0.10435222     -0.043201271      -0.30948335       0.27714953      -0.00507103    -0.0056912359
             -105               75            -22.4        0.1241131     -0.053910915       0.23099551      -0.18729848     0.0069635483     0.0048038457
              -75               75            -22.4       0.36999145      -0.17120218       0.24118432      -0.18197681     0.0025972936   -0.00017348843
              -45               75            -22.4       0.57342464      -0.25394654       0.16273504      -0.12047779   -0.00041540508    0.00036693088
              -15               75            -22.4        0.6629287      -0.29820347      0.010859926     -0.040327568    0.00078763539    0.00079686556
               15               75            -22.4       0.59492201      -0.30743775      -0.14038576      0.042119198    -0.0015118109     0.0019491346
               45               75            -22.4       0.42055804      -0.26785779       -0.2037133       0.12208946     0.0014139162    0.00072300434
               75               75            -22.4       0.23056732      -0.16947904      -0.18971977       0.16863668   -0.00055097649   -0.00060143118
              105               75            -22.4      0.072794661     -0.054279726      -0.14337148       0.16614421    -0.0036152275    -0.0044591813
             -105              105            -22.4      0.073494539     -0.046169993      0.056648429      -0.06208273     0.0022939618     0.0013450363
              -75              105            -22.4       0.21376985      -0.16525345      0.063120723     -0.062803432   -0.00063608366    -0.0019298044
              -45              105            -22.4       0.33338809      -0.26799449      0.043338414     -0.043008294    -0.0015911376    -0.0019998562
              -15              105            -22.4        0.3818436       -0.3210302     0.0033067088     -0.013785096    0.00032067444   -0.00096489408
               15              105            -22.4       0.34740087      -0.31624451     -0.035244375      0.015984653    0.00039082352     0.0018886542
               45              105            -22.4       0.25288114       -0.2565302     -0.055240065      0.041735146     0.0018139561      0.003032366
               75              105            -22.4       0.14069635      -0.15636145     -0.053354621      0.056006759     0.0015022708     0.0023781455
              105              105            -22.4      0.044054031     -0.045398064     -0.037242942      0.052126478   -0.00079563423    0.00032521982
