           x [mm]           y [mm]           z [mm]       ExRe [V/m]       ExIm [V/m]       EyRe [V/m]       EyIm [V/m]       EzRe [V/m]       EzIm [V/m]
---------------------------------------------------------------------------------------------------------------------------------------------------------
             -105             -105            -22.4      -0.43632448     -0.074635357       0.33507118     -0.030073568     -0.065791495     -0.045922287
              -75             -105            -22.4        -1.041203     -0.051629879       0.15823072     -0.066382483     -0.023124579    -0.0077934861
              -45             -105            -22.4       -1.0817945       0.08490587     -0.099548683      -0.08764229     -0.018861324     -0.004884454
              -15             -105            -22.4      -0.74590313       0.21613705      -0.19313791     -0.049107149     -0.014836132    -0.0052578179
               15             -105            -22.4      -0.39347237       0.23956595      -0.16039532    -0.0025149581     -0.013233912     -0.008851313
               45             -105            -22.4      -0.16454794       0.18752895     -0.098328367      0.023374906    -0.0088754138    -0.0060362485
               75             -105            -22.4       -0.0440038       0.11162002     -0.047210421      0.027898202     -0.006021773     -0.003683686
              105             -105            -22.4    -0.0017951149      0.039083302     -0.016331289      0.021376463    -0.0022653332   -0.00062943867
             -105              -75            -22.4      -0.89851421      -0.34154817        1.4310004       0.15674026      -0.14758638      -0.12285366
              -75              -75            -22.4       -2.0453579       -0.6376555       0.48314762      -0.17262106     -0.045097515     -0.029410232
              -45              -75            -22.4       -1.7569637      -0.30768305      -0.54370797      -0.36839607    -0.0079424139      0.010813056
              -15              -75            -22.4      -0.97190267      0.070244215      -0.72254354      -0.19939639    -0.0045922026     0.0057066018
               15              -75            -22.4       -0.4623532       0.19062346      -0.51291341    -0.0022772583    -0.0030147641      0.001367814
               45              -75            -22.4      -0.18936846       0.16598791      -0.28553146       0.08164072   -0.00030357298    0.00014397479
               75              -75            -22.4      -0.06212575       0.10239765      -0.13168313      0.097738966    -0.0012300051   -0.00025064102
              105              -75            -22.4     -0.011739218       0.03563045      -0.04504418      0.084486157    0.00017352148     0.0010568608
             -105              -45            -22.4       -1.7026014      -0.97535837        3.7951989        1.1968937      -0.15922399      -0.28628394
              -75              -45            -22.4       -4.3601799       -2.2511692       0.80556744      -0.23802754     -0.046769053     -0.041741144
              -45              -45            -22.4       -2.5782189       -1.1883422       -2.0704162       -1.3075838     -0.021014176       0.12398639
              -15              -45            -22.4      -0.93974584       -0.1829067       -1.5513326       -0.5656184     0.0070489612      0.041397855
               15              -45            -22.4      -0.34704322      0.083962217      -0.88199306     -0.064794838     0.0044964808     0.0056609092
               45              -45            -22.4      -0.13277054        0.1020635      -0.45329678       0.11828279   -2.2012842e-05     0.0010156594
               75              -45            -22.4     -0.044363864      0.066832937      -0.20265269       0.15394077   -0.00034372567    0.00054297183
              105              -45            -22.4    -0.0085833976      0.023176813     -0.073391698       0.13710216    0.00037850789    0.00060687581
             -105              -15            -22.4     -0.039408505      -0.16532193        6.5801969        3.1671557      0.083091468      -0.58451247
              -75              -15            -22.4     -0.099538267        1.0958829       0.97306097      -0.22766352      0.020967416      -0.16518283
              -45              -15            -22.4      -0.11988252      -0.23300996       -4.1546116       -2.8828557      0.017924214       0.53893089
              -15              -15            -22.4     -0.016539868     -0.044667739       -2.1063614      -0.93585289     0.0055934088      0.065097861
               15              -15            -22.4     -0.021923523      0.011062531       -1.0728416      -0.12591614     0.0018967387     0.0083190398
               45              -15            -22.4    -0.0076352954      0.021462873      -0.53547853       0.13037446   -0.00020936206     0.0024458638
               75              -15            -22.4    -0.0021011813      0.016560074      -0.23270315       0.17856477    9.0385285e-05   -0.00019703258
              105              -15            -22.4    0.00053939206     0.0062913005     -0.085148029       0.16270287   -0.00067636947      0.000694699
             -105               15            -22.4        1.6222013        1.0315044        3.9065804        1.7707829       0.14575526      -0.12301306
              -75               15            -22.4         4.168272         3.082058       0.89217067      -0.16472608      -0.13176331       -0.1859251
              -45               15            -22.4        2.4035723          1.24473       -2.0499949       -1.7345061     -0.048592068       0.17417514
              -15               15            -22.4       0.85635895       0.18202133       -1.5799854      -0.70327479      0.017102536      0.050707024
               15               15            -22.4       0.30909276      -0.03675976      -0.91266423     -0.089617357    -0.0011189837     0.0086781932
               45               15            -22.4       0.12158589     -0.052000999      -0.47976038       0.12786128     0.0015876372      0.000377107
               75               15            -22.4      0.042149056     -0.033245984      -0.21047229       0.17113428   -9.5169438e-05   -0.00015884006
              105               15            -22.4      0.010198905     -0.010547712     -0.075339995       0.15628041    -0.0011848761    -0.0007899999
             -105               45            -22.4        0.8501277       0.43734068        1.5018474       0.26154777       0.12474624      0.068647012
              -75               45            -22.4        1.9462333       0.91559982       0.57041723      -0.18581912      0.029584365       0.01480736
              -45               45            -22.4        1.6385981        0.5050953      -0.55060035      -0.52405596      0.012717041      0.025249077
              -15               45            -22.4       0.87650996      0.036803175      -0.76503974      -0.27670977     0.0066236253      0.013122721
               15               45            -22.4       0.40989271      -0.11321048      -0.56843078     -0.012145834     0.0027564296     0.0029417677
               45               45            -22.4       0.17086758      -0.11290184      -0.32780284       0.10971214    0.00077183574   -0.00064456859
               75               45            -22.4      0.061642483     -0.071288034      -0.14966655       0.13650309   -0.00053906703   -0.00013676689
              105               45            -22.4      0.014485925     -0.023203945      -0.04945752       0.12298155    -0.0016557347    -0.0018880746
             -105               75            -22.4       0.36513758      0.096034199       0.54056513     -0.062587693      0.063244075      0.038085483
              -75               75            -22.4       0.87103522       0.13615704       0.26389474      -0.15272206      0.028489683      0.012747597
              -45               75            -22.4       0.87862271     0.0060612462       -0.1304625      -0.17583957     0.0060860459     0.0043294295
              -15               75            -22.4       0.60703945      -0.13562819      -0.30753353     -0.089648023     0.0017769014     0.0019799196
               15               75            -22.4       0.32795215      -0.18236548      -0.27674252      0.015163508    0.00074699009     0.0019212101
               45               75            -22.4        0.1441336      -0.15114744      -0.17564082      0.071347818     0.0023889153   -9.6011659e-05
               75               75            -22.4      0.050029658     -0.089892775     -0.083086282      0.082022645    0.00012616933   -0.00055439415
              105               75            -22.4      0.010029408     -0.030233007      -0.02173391      0.071944833    -0.0013970826     -0.002139122
             -105              105            -22.4       0.16742355      0.012877454       0.11852553     -0.054915972      0.029119536      0.016764319
              -75              105            -22.4       0.42359158      -0.04888317      0.072165802     -0.059980169      0.011141637     0.0023746588
              -45              105            -22.4       0.48856267      -0.13674305     -0.023261309     -0.051944539     0.0055373539     0.0019760178
              -15              105            -22.4       0.37902549      -0.19271913     -0.078774065     -0.024720103     0.0059036789     0.0022020182
               15              105            -22.4       0.21822269      -0.19340003     -0.079291634     0.0037359232     0.0046888571     0.0028164184
               45              105            -22.4      0.091526784      -0.14965147     -0.054598965      0.019704966     0.0039699222     0.0026299201
               75              105            -22.4      0.021921845     -0.088879846     -0.026861152      0.023354722     0.0024452263     0.0011643734
              105              105            -22.4    -0.0014122718     -0.030549699    -0.0055746147      0.018468864    0.00030241284   -0.00026584233
