           x [mm]           y [mm]           z [mm]       ExRe [V/m]       ExIm [V/m]       EyRe [V/m]       EyIm [V/m]       EzRe [V/m]       EzIm [V/m]
---------------------------------------------------------------------------------------------------------------------------------------------------------
             -105             -105            -22.4      -0.13692573     -0.097044542      0.020955006     -0.073562779      -0.16146436      -0.10708266
              -75             -105            -22.4      -0.25755033     -0.092244439     -0.024017561     -0.064058214     -0.073056787     -0.030837158
              -45             -105            -22.4      -0.17223513     -0.021542173     -0.077224389     -0.056222182     -0.033769175     -0.010962817
              -15             -105            -22.4     -0.038743004      0.025576388     -0.065089196     -0.029960774     -0.018796107     -0.005159758
               15             -105            -22.4      0.046564363      0.033967245     -0.034949988     -0.013797143      -0.01271842    -0.0034752311
               45             -105            -22.4      0.074815966      0.027470136    -0.0093288282    -0.0083416747    -0.0080501856    -0.0011324891
               75             -105            -22.4      0.065450363      0.020648144     0.0088101076    -0.0075815381    -0.0050136764    0.00010282558
              105             -105            -22.4      0.027922258      0.013958041      0.021841008    -0.0052114758    -0.0021431055    0.00099825219
             -105              -75            -22.4      -0.56121111      -0.36732471        0.3105779   -0.00035537011      -0.42157635       -0.3087337
              -75              -75            -22.4      -0.75648028      -0.39009145      -0.19708522      -0.23018044      -0.12499037     -0.048774794
              -45              -75            -22.4      -0.41483113      -0.15376037      -0.32660228      -0.18610877     -0.030303061    -0.0018237943
              -15              -75            -22.4      -0.13692099     -0.024779482      -0.23016781     -0.082056388     -0.010711602    0.00048293173
               15              -75            -22.4     -0.010280513     0.0065526078       -0.1123253     -0.023937128    -0.0047018994    0.00053679955
               45              -75            -22.4       0.03711478     0.0090353899     -0.028534517    -0.0092476998    -0.0017709017    0.00072669284
               75              -75            -22.4       0.03934164     0.0071231253      0.024243305      -0.00905101    -0.0013793602    0.00074859022
              105              -75            -22.4      0.017096682     0.0052360697      0.058649246    -0.0036900989   -0.00013408417     0.0009429424
             -105              -45            -22.4       -2.1412079       -1.2970122        1.6049583       0.75301909      -0.86025709      -0.75669438
              -75              -45            -22.4        -1.638271       -1.0418631       -1.0411406      -0.80536085      -0.11246093      0.047986161
              -45              -45            -22.4      -0.51094955      -0.28845331      -0.86162698      -0.50854319     -0.032719541      0.018124979
              -15              -45            -22.4      -0.15142725     -0.061775893      -0.44466376      -0.17045604     -0.004890216     0.0063404362
               15              -45            -22.4     -0.022403728    -0.0079440353      -0.19135609      -0.04212147   -0.00044746482     0.0014612994
               45              -45            -22.4      0.015641209   -0.00023284409      -0.04997573      -0.01143178   -0.00069506315    0.00061366678
               75              -45            -22.4      0.020329952    0.00087801617      0.031690501     -0.010971472   -0.00040159689    0.00049630104
              105              -45            -22.4     0.0090698497     0.0016513566      0.080421612    -0.0049977917    9.6062045e-05    0.00055199472
             -105              -15            -22.4      -0.14680278        1.3430148        3.5784609        2.3060832     -0.014564045      -0.28974539
              -75              -15            -22.4      0.037940316     -0.095958591       -2.8122804       -2.2062039     -0.064004801       0.46992779
              -45              -15            -22.4    -0.0031012287     -0.085917108       -1.2816737      -0.82884157    -0.0018555856      0.060885519
              -15              -15            -22.4      0.013239752     -0.020195998      -0.55684102      -0.23689675     0.0023182549     0.0082779527
               15              -15            -22.4      0.010098414    -0.0093363943       -0.2299028     -0.056454875    6.4006381e-05      0.001136951
               45              -15            -22.4      0.010652159    -0.0046548815     -0.060644027     -0.015053013   -0.00036695629    0.00035781378
               75              -15            -22.4     0.0080557084    -0.0019694658       0.03559104     -0.013502407   -9.0324233e-05    0.00029448865
              105              -15            -22.4     0.0032786271   -0.00024625499      0.090423986    -0.0074577029   -0.00034852105   -0.00017932818
             -105               15            -22.4        2.2410843         2.260828        1.5117681         1.035488       0.89564681       0.50035101
              -75               15            -22.4        1.6303086        1.1497649         -1.10832       -1.1639578        0.1645817       0.27150065
              -45               15            -22.4       0.52427179       0.23248607      -0.86858314      -0.60272557     0.0059848013       0.03386201
              -15               15            -22.4       0.16824783      0.035410151      -0.45041114       -0.1988415     0.0080993297     0.0078902869
               15               15            -22.4      0.047054455    -0.0025120252      -0.19537897       -0.0519199    4.9636703e-05    0.00076226774
               45               15            -22.4     0.0092925336    -0.0046783183      -0.04968819      -0.01715577    0.00042297624   -7.3177893e-05
               75               15            -22.4    -0.0024044907    -0.0028750529      0.039398585     -0.015329298   -0.00016147326   -0.00015414477
              105               15            -22.4    -0.0018522744     -0.001255154      0.091227785    -0.0087799765   -0.00077685039   -0.00036663865
             -105               45            -22.4       0.53388256       0.44917274         0.276979      0.085788086       0.40452361        0.2678515
              -75               45            -22.4       0.75973904        0.4794938      -0.19454886       -0.2840178      0.099586412      0.055576298
              -45               45            -22.4       0.41871104       0.17750293      -0.34162092       -0.2438194      0.029737243      0.016077245
              -15               45            -22.4        0.1589624      0.037460249      -0.24144775      -0.10640223     0.0071471352     0.0026154097
               15               45            -22.4       0.03902404     0.0014248989      -0.11817315     -0.035186067     0.0019824253   -0.00016521236
               45               45            -22.4    -0.0079626599    -0.0030876545     -0.023896294     -0.016051961    0.00053111353   -0.00043370086
               75               45            -22.4     -0.017455667    -0.0026806518      0.040264852     -0.015696498   -0.00021347665   -0.00057316822
              105               45            -22.4    -0.0078537371    -0.0020397389      0.082265973    -0.0089311674    -0.0011355112    -0.0005506351
             -105               75            -22.4       0.12968838       0.10974146     0.0019727852     -0.076754525       0.14022502      0.087517306
              -75               75            -22.4       0.25191826       0.14154342     -0.045083374     -0.096808143      0.061022073      0.024611279
              -45               75            -22.4       0.17264746      0.068291724      -0.10879212     -0.087941043      0.015897322     0.0032737427
              -15               75            -22.4      0.059438989      0.015021767     -0.098768115     -0.049093448     0.0045842906   -0.00047808923
               15               75            -22.4     -0.014056349    -0.0024131476     -0.051611893     -0.021537976     0.0018799348    -0.0007070796
               45               75            -22.4     -0.042762529    -0.0037394683    -0.0047935741     -0.013531242     0.0018629604   -0.00062184443
               75               75            -22.4     -0.039075825    -0.0039805416      0.032021798     -0.013549185     0.0004339139   -0.00068659516
              105               75            -22.4     -0.016237527    -0.0041209757      0.060272411    -0.0072560459   -0.00089130655   -0.00092963711
             -105              105            -22.4     0.0092282351      0.039611991     -0.024940586     -0.059080075      0.057056434      0.031489745
              -75              105            -22.4      0.025125258      0.030214321     -0.013660131     -0.039245144      0.026056582     0.0079967435
              -45              105            -22.4      0.002546249     0.0043545491     -0.024937196     -0.031188276      0.013077891     0.0026952862
              -15              105            -22.4     -0.040926941       -0.0127306     -0.024144638      -0.02035239     0.0081787612     0.0007310597
               15              105            -22.4     -0.073641375     -0.017039564     -0.012476631     -0.012331897     0.0056699198   -4.9487164e-05
               45              105            -22.4     -0.080836274     -0.015138305    0.00066507066    -0.0095498012      0.004262724   -0.00045851499
               75              105            -22.4     -0.063491799     -0.013740959      0.012440257    -0.0088618724     0.0026669053     -0.001023124
              105              105            -22.4     -0.025915295      -0.01139187      0.022909135    -0.0062670219    0.00080375379     -0.001654336
