           x [mm]           y [mm]           z [mm]       ExRe [V/m]       ExIm [V/m]       EyRe [V/m]       EyIm [V/m]       EzRe [V/m]       EzIm [V/m]
---------------------------------------------------------------------------------------------------------------------------------------------------------
             -105             -105            -22.4     0.0029910614      0.031838633     0.0054658055     -0.020550705      0.001281936   -3.9549755e-05
              -75             -105            -22.4     -0.015706295      0.094199769      0.025261469     -0.026011309     0.0036530956     0.0017661423
              -45             -105            -22.4       -0.0803096       0.16135082      0.052951526     -0.023577794     0.0049237623      0.003191924
              -15             -105            -22.4       -0.2013091       0.21696019      0.077906586     -0.011226773     0.0052074376     0.0037378727
               15             -105            -22.4      -0.35635209       0.23442687      0.078996599      0.016477218     0.0067574331      0.002816855
               45             -105            -22.4      -0.46322149       0.19072196      0.028132336      0.047749136     0.0069109388   -0.00064244168
               75             -105            -22.4      -0.41449574       0.10270993     -0.069250345       0.06820973      0.011877058     0.0012660744
              105             -105            -22.4      -0.16309935     0.0087352227      -0.11209395      0.076642945      0.032087691      0.018247182
             -105              -75            -22.4    -0.0084178774      0.030611927      0.018241441      -0.07702034   -0.00056836603    -0.0012594721
              -75              -75            -22.4     -0.045695432      0.092850767      0.078408085     -0.090410873    0.00072202802   -9.4450588e-05
              -45              -75            -22.4      -0.13750845       0.15643573       0.16928819     -0.085579306     0.0015520658   -0.00073849683
              -15              -75            -22.4      -0.31540501       0.19716446       0.26945591     -0.038993098     0.0015249656    -0.0011365865
               15              -75            -22.4      -0.59394586       0.17831978       0.30265155      0.051551584     0.0025138226    -0.0017187773
               45              -75            -22.4       -0.8709861      0.062635235        0.1337754       0.15087806     0.0049434714     -0.001064618
               75              -75            -22.4      -0.85596275     -0.055219416      -0.25818911       0.17188062       0.02188131     0.0064374404
              105              -75            -22.4      -0.35652617     -0.056272637      -0.52228582       0.14461428      0.066556238      0.044615638
             -105              -45            -22.4     -0.013855295      0.022578109      0.043847121      -0.12908293   -0.00083424116    -0.0019008777
              -75              -45            -22.4     -0.060750622      0.068770207        0.1458786      -0.14891608   -0.00027534668    -0.0014995536
              -45              -45            -22.4      -0.16812688       0.10932813        0.3171559      -0.12887242    0.00054672919    -0.0016409419
              -15              -45            -22.4      -0.41066667        0.1076107       0.55808389     -0.027756358    -0.0015026742     -0.002251805
               15              -45            -22.4      -0.87836629     -0.021979289       0.76814806        0.2014403    -0.0034143955    -0.0059965895
               45              -45            -22.4       -1.6425576      -0.40337479       0.56327575       0.41385433    0.00043296168     -0.017587531
               75              -45            -22.4       -1.9765725      -0.70888191      -0.55629641       0.22795801      0.031391226      0.015109423
              105              -45            -22.4      -0.87863123      -0.36376998       -1.5028987     -0.064959481       0.12267918       0.10949498
             -105              -15            -22.4     -0.010468833      0.008193857       0.07120166      -0.16097251    -8.203552e-05   -0.00024677214
              -75              -15            -22.4     -0.044950005      0.026357139       0.20651674      -0.17944583   -0.00072860922     0.0010508305
              -45              -15            -22.4       -0.1270638      0.034661457       0.46986634      -0.14090034    0.00069429347    -0.0010687792
              -15              -15            -22.4      -0.32851747    -0.0078129005       0.90273869      0.050632898     -0.003698668    -0.0035495015
               15              -15            -22.4       -0.8603254      -0.26472151        1.5670197       0.57386088    -0.0050239656     -0.030121978
               45              -15            -22.4       -2.4808128       -1.2620223        1.9689975        1.2436713     -0.097610183      -0.22192878
               75              -15            -22.4       -4.6983657       -2.5363667      -0.81519699       0.25500232      0.020725824     0.0094137844
              105              -15            -22.4       -1.6995009       -1.0220768       -3.8467202       -1.1864415       0.14789952       0.27545401
             -105               15            -22.4    -0.0014006877    -0.0087821065      0.082955606      -0.16387567    0.00072319945    0.00045144674
              -75               15            -22.4    -0.0017761772     -0.025337299       0.23265743      -0.17887434    0.00041494385    0.00043416963
              -45               15            -22.4   -0.00056732423     -0.044597723       0.53555691      -0.12693028    0.00031840173    -0.0015596205
              -15               15            -22.4     0.0068234438     -0.070164807        1.0695778       0.12554489     0.0015909456    -0.0049510095
               15               15            -22.4      0.002803531      -0.15334763        2.1121163       0.93988758      0.017626336     -0.059845936
               45               15            -22.4     -0.012620032      -0.21589288        4.1066375        2.9075975   -0.00058990275      -0.55367649
               75               15            -22.4      -0.14721647        1.3251344       -1.0470936       0.21420409    -0.0079455916      0.029401861
              105               15            -22.4     -0.078173637      -0.29420662       -6.4148946       -3.0463791      0.032865345       0.62351841
             -105               45            -22.4      0.009077779     -0.025046533      0.072971433      -0.13504529     0.0014649931     0.0017415476
              -75               45            -22.4      0.042901598     -0.072291628        0.2036736      -0.14757955    0.00017286799    0.00042895129
              -45               45            -22.4       0.12850986      -0.11464822       0.45575348      -0.10351461   -0.00032158403    0.00035590309
              -15               45            -22.4       0.34089857      -0.11593286       0.88618678       0.10416181    -0.0035040174    -0.0060952781
               15               45            -22.4       0.89849621      0.084729403        1.5502436       0.69398499     -0.011102912      -0.04319305
               45               45            -22.4        2.4214911        1.1299251        2.0226672         1.676551     0.0050879177      -0.18320495
               75               45            -22.4        4.3624153        3.1566272      -0.99156529      0.013128906      0.044043433      0.090506434
              105               45            -22.4        1.6827775        1.0746334        -3.833818       -1.8053266      -0.14716622       0.11782026
             -105               75            -22.4      0.011793861     -0.036067873      0.044910274     -0.080832005    0.00095705327      0.001512064
              -75               75            -22.4      0.062506609      -0.10371947       0.13330925     -0.092038609    -0.0012892381   -0.00025606391
              -45               75            -22.4       0.19047034      -0.16528857       0.28826201     -0.066943452    -0.0024505239   -0.00037381871
              -15               75            -22.4       0.46360213      -0.17961894       0.51342428      0.042427644    -0.0043526627    -0.0037492039
               15               75            -22.4       0.98621732     -0.034391526       0.73261398       0.28327462   -0.00063789031    -0.0097276447
               45               75            -22.4        1.7610543       0.42914617       0.55345124        0.4866021     -0.026178803     -0.033254795
               75               75            -22.4        2.0544136       0.88191968      -0.49902335       0.13349593     -0.021571454      -0.01038429
              105               75            -22.4       0.87561113       0.41537574       -1.4235661      -0.35958016      -0.11304017     -0.058545507
             -105              105            -22.4     0.0032096799     -0.038498372      0.015071221     -0.019751502    -0.0011171588    0.00065391551
              -75              105            -22.4      0.048704155      -0.10744668      0.046866316     -0.025030512    -0.0046846024    -0.0021842956
              -45              105            -22.4       0.16880384       -0.1768304      0.097311176     -0.016904617    -0.0075963601    -0.0055826656
              -15              105            -22.4        0.4063684      -0.21149479        0.1595026      0.015044304     -0.012029243    -0.0085174311
               15              105            -22.4       0.75999087      -0.15467131       0.19191998      0.069017127     -0.015437206    -0.0085951826
               45              105            -22.4        1.0926583      0.014271174       0.10265491       0.10907595     -0.018693836     -0.011345305
               75              105            -22.4        1.0524067       0.16882692      -0.15820998       0.05409522     -0.023352467     -0.007198215
              105              105            -22.4       0.43860972       0.12836918       -0.3376323     -0.019872289     -0.062360913     -0.033788577
