           x [mm]           y [mm]           z [mm]       ExRe [V/m]       ExIm [V/m]       EyRe [V/m]       EyIm [V/m]       EzRe [V/m]       EzIm [V/m]
---------------------------------------------------------------------------------------------------------------------------------------------------------
             -105             -105            -22.4      -0.15022214      0.080165245         0.137622     -0.092496008    -0.0021305841    -0.0017460154
              -75             -105            -22.4      -0.44894731       0.26643634       0.14692175     -0.091021433     0.0041283714      0.004935124
              -45             -105            -22.4      -0.71127313       0.41338623        0.1046221     -0.057936303      0.002305296     0.0052431966
              -15             -105            -22.4      -0.82704669       0.49070364      0.010120477     -0.019492852   -0.00041414562     0.0026569725
               15             -105            -22.4      -0.74404478       0.48585206     -0.086354509      0.021340333    -0.0031339889    -0.0042091459
               45             -105            -22.4      -0.52046573       0.39945492       -0.1246283      0.061053846    -0.0034340792    -0.0065264772
               75             -105            -22.4      -0.28044271        0.2503317      -0.11549468      0.083514512    -0.0050373212     -0.006445183
              105             -105            -22.4     -0.084179521      0.076881744     -0.085968181      0.077909634   -0.00057686912    -0.0011300965
             -105              -75            -22.4      -0.21526483      0.074669659        0.4809615      -0.27765197     -0.010916951    -0.0086870696
              -75              -75            -22.4      -0.67506027        0.2191425       0.52029365      -0.25254786    -0.0028004469    -0.0029316114
              -45              -75            -22.4       -1.1221055       0.29958382       0.37806004      -0.15501377     0.0010540446    -0.0040223268
              -15              -75            -22.4       -1.3528877       0.32076204      0.018613569     -0.055488106     0.0029720834   -0.00072462822
               15              -75            -22.4        -1.155805       0.37044793      -0.33526641      0.043451205     0.0015508602     0.0020988027
               45              -75            -22.4      -0.74411404       0.34864801       -0.4445264        0.1611453     -0.001837186   -0.00032404641
               75              -75            -22.4      -0.38129166       0.23955184      -0.37940484       0.24624002    0.00018452381    -0.0013166931
              105              -75            -22.4      -0.11379392      0.081678592      -0.28359273       0.24878232     0.0039038316     0.0029122932
             -105              -45            -22.4      -0.27210665         0.023047       0.95630956      -0.40219772     -0.010876615     -0.017415822
              -75              -45            -22.4      -0.94974339     0.0012939974        1.1428655      -0.29435825     -0.011434364     -0.023116196
              -45              -45            -22.4       -1.8778445      -0.23531802        1.0110649     -0.048691001   -0.00038498649      -0.01678752
              -15              -45            -22.4       -2.5090005      -0.45987731       0.03362558     -0.087887131    -0.0062388959    -5.736301e-05
               15              -45            -22.4       -1.9327083      -0.19975092       -0.9490099      -0.13376974     0.0049101519      0.011216533
               45              -45            -22.4       -1.0206709       0.10197876       -1.0154719       0.13452113     0.0063107554     0.0082518365
               75              -45            -22.4      -0.45018542       0.14408922      -0.74531353       0.35438618     0.0025994258     0.0026877222
              105              -45            -22.4      -0.12469426      0.055060573      -0.52470493       0.39285538     0.0046547982     0.0033948636
             -105              -15            -22.4      -0.21669593     -0.036255643        1.4848615      -0.38927388    -0.0086323293      -0.01261303
              -75              -15            -22.4      -0.90432966      -0.26394883        2.1071153   -0.00083008222     -0.016833998     -0.033539955
              -45              -15            -22.4       -2.6914635       -1.2369356        2.6797616        0.7307539     -0.021533411      -0.15810362
              -15              -15            -22.4       -4.9544582       -2.4151146      0.035824664      -0.10582022     -0.015537293      -0.01279745
               15              -15            -22.4       -2.6751907       -1.2119031       -2.6407785        -1.003374     0.0085829291       0.12702076
               45              -15            -22.4      -0.96559024      -0.22869173       -1.9066086      -0.15879287      0.015011215      0.044755585
               75              -15            -22.4       -0.3457559     0.0070026577       -1.1486163       0.34853667     0.0028125597     0.0043674908
              105              -15            -22.4     -0.086645536      0.013445166      -0.74699122       0.46635163    0.00081949012     0.0053303516
             -105               15            -22.4     0.0035904874     -0.045235671         1.727097      -0.31221846     0.0012888779    -0.0099016353
              -75               15            -22.4     0.0062677618      -0.17561549        2.7309999       0.38627437     0.0091562066     -0.060595069
              -45               15            -22.4     -0.045209229      -0.36044741        5.0383606        2.5105562    -0.0012529092      -0.60986614
              -15               15            -22.4    -0.0019638687        1.2052519      0.061203398      -0.15394783     -0.021249067      0.024518535
               15               15            -22.4      -0.19591685       -0.5513103       -4.7374206       -2.5030875        0.1059784       0.63127846
               45               15            -22.4      0.007775981      -0.20390852       -2.5408733      -0.55735987      0.015365428      0.084362201
               75               15            -22.4      0.013372215     -0.086128213        -1.347507       0.27468771     0.0030273921     0.0086808652
              105               15            -22.4     0.0035056062     -0.027546769      -0.83884048       0.45309651   -0.00087327609    0.00054451392
             -105               45            -22.4       0.24072193     -0.031132659        1.4562603      -0.25869402     0.0088553475     0.0036602449
              -75               45            -22.4       0.94755363       0.04968382        2.0814424       0.21780147    -0.0021537151     -0.040737569
              -45               45            -22.4        2.6524134        1.0062978        2.7059975        1.2717155     -0.016576059      -0.19643812
              -15               45            -22.4        4.8207135        2.9545131      0.034537159      -0.12149622      0.014541695      0.023353703
               15               45            -22.4        2.6624765       0.92492211        -2.592618       -1.4271293      0.023066228         0.225159
               45               45            -22.4        1.0159361     -0.032419708       -1.8955112      -0.35928911      0.010640009      0.043686789
               75               45            -22.4       0.38784075      -0.14712882       -1.1301789       0.23931515   -0.00070763862     0.0069394028
              105               45            -22.4       0.10157805     -0.059526332      -0.73078179       0.37374431    -0.0021702456    -0.0048508649
             -105               75            -22.4        0.3076607     -0.060122717        0.8630985      -0.18988366      0.010435902     0.0045550894
              -75               75            -22.4        1.0709093     -0.080110617        1.0764055     -0.042020366    -0.0044383612     -0.017563408
              -45               75            -22.4        2.0739179       0.21412094         0.957986       0.17255358     -0.003714374     -0.019209206
              -15               75            -22.4        2.7065668       0.51386958      0.027215438     -0.062650651     0.0067995051     0.0080422703
               15               75            -22.4        2.0937591       0.10755525      -0.90839154      -0.31020266    -0.0023047901      0.029024523
               45               75            -22.4         1.155676      -0.23042175      -0.95000374     -0.047782261      0.014975367      0.017973028
               75               75            -22.4        0.5290606       -0.2242935      -0.68194801       0.17792484     0.0020269249     0.0019270971
              105               75            -22.4       0.14950748     -0.084595814      -0.46150917       0.23580498    -0.0022098767    -0.0067091831
             -105              105            -22.4       0.26920035     -0.064983688       0.26777741     -0.063709863    0.00036736295   -1.2634555e-05
              -75              105            -22.4       0.86369944      -0.18619004       0.31068757     -0.044185247    -0.0097854566     -0.010511713
              -45              105            -22.4        1.4677957      -0.21784048       0.24670582   -0.00076467253     -0.010686044     -0.012532759
              -15              105            -22.4        1.7402458      -0.22767136      0.011831054     -0.018797921     0.0014969055     -0.001644688
               15              105            -22.4        1.5014919      -0.30138132       -0.2136087     -0.035828177     0.0056728339      0.010718588
               45              105            -22.4         0.979406      -0.33658507      -0.27445573     0.0097732497      0.012298534      0.015440673
               75              105            -22.4       0.49315411      -0.24514189      -0.22044004      0.062564231     0.0095757032     0.0095448783
              105              105            -22.4       0.13870116     -0.082273267      -0.15313298      0.069880076     0.0021368305     0.0033200493
