           x [mm]           y [mm]           z [mm]       ExRe [V/m]       ExIm [V/m]       EyRe [V/m]       EyIm [V/m]       EzRe [V/m]       EzIm [V/m]
---------------------------------------------------------------------------------------------------------------------------------------------------------
             -105             -105            -22.4     -0.056025296      0.066557541      0.085697003     -0.036293074     0.0080658766     0.0041035032
              -75             -105            -22.4      -0.25534976        0.1849774       0.16263226      -0.03572911      0.017350312      0.011339311
              -45             -105            -22.4      -0.66071409        0.2608555       0.31027737      0.016407365       0.02643864      0.019107673
              -15             -105            -22.4       -1.4373964       0.16395345       0.51088357       0.12900631      0.030940093      0.020434935
               15             -105            -22.4       -2.5890665      -0.23846759       0.55481273       0.24826354      0.036275703      0.011999705
               45             -105            -22.4       -3.2311375       -0.6228109     -0.057249736      0.065031104      0.018447218    -0.0024177413
               75             -105            -22.4       -2.2870381      -0.41602585      -0.72120976      -0.14977272     -0.024224479     -0.012920162
              105             -105            -22.4      -0.71659672      -0.11450092      -0.72368348      -0.10812021   -0.00058630761     0.0075089009
             -105              -75            -22.4     -0.052340604      0.060592964       0.22585881      -0.14589988     0.0019294635   -0.00082901405
              -75              -75            -22.4      -0.20925073       0.16774049       0.44024721      -0.13478532     0.0041595441     0.0007356095
              -45              -75            -22.4       -0.5419541       0.22099298        0.8748315      0.015686147     0.0079794815    -0.0050411159
              -15              -75            -22.4       -1.2567896      0.035986636          1.62088       0.47764808     0.0042138337     -0.032008883
               15              -75            -22.4       -3.0603797      -0.89989209        2.3596261        1.1595579     0.0039417604       -0.1225276
               45              -75            -22.4       -5.2120843       -2.1330376       -0.1783593       0.16529593     -0.051795967     -0.034170374
               75              -75            -22.4         -2.86186       -1.1027631       -2.8405483      -0.94057161    -0.0098319268       0.10932643
              105              -75            -22.4      -0.70469385      -0.18674611       -2.2737026      -0.42958355      0.030754838      0.051797774
             -105              -45            -22.4     -0.015523408      0.037292693       0.30858767      -0.23324317     0.0017836462    -0.0029181871
              -75              -45            -22.4      -0.05714627       0.10240905       0.59597367      -0.21709214     0.0011800587    -0.0036595245
              -45              -45            -22.4      -0.12488294       0.14846753        1.1637509      0.017017106    0.00074713619     -0.014889639
              -15              -45            -22.4       -0.1965293       0.12920767        2.3351603       0.81201243     -0.007949423     -0.074325062
               15              -45            -22.4      -0.18620422      0.050997749        4.4960971        2.7691264      0.072490551      -0.46075442
               45              -45            -22.4      -0.30896235        1.6391299      -0.28128725       0.27098602      0.010040211      0.081064053
               75              -45            -22.4      -0.25725561      -0.18960203       -5.2895393       -2.4443445      0.039023217       0.56861687
              105              -45            -22.4     -0.060580019    -0.0022618431       -3.2003868      -0.72952783   -0.00019147055      0.066705078
             -105              -15            -22.4       0.02693313     0.0085150544       0.30063999      -0.26880458      0.001655387     0.0010324605
              -75              -15            -22.4       0.10365593      0.022439748       0.55187148      -0.25644398   -0.00083946926    0.00068511313
              -45              -15            -22.4       0.29539147       0.07210806        1.0300242     -0.057474695    -0.0048139966    -0.0076065399
              -15              -15            -22.4       0.81833118       0.29008925        1.7923272       0.53398317       -0.0182964     -0.048790347
               15              -15            -22.4        2.3864715        1.3311675        2.4188387        1.5671637     -0.015626907       -0.1915776
               45              -15            -22.4        4.4922404        3.3224344       -0.3295072       0.15550245      0.003952926      0.031426631
               75              -15            -22.4        2.3262365        1.3323733       -3.0715261       -1.2323052     0.0031418758       0.19277139
              105              -15            -22.4       0.50134528       0.21616945       -2.5818119      -0.40249649     -0.035098359      0.025297118
             -105               15            -22.4      0.047744989     -0.017149974       0.22604726      -0.25191244     0.0026385752     0.0016065921
              -75               15            -22.4       0.17815866     -0.053704239        0.3986741      -0.25084627     0.0022665684    0.00016808737
              -45               15            -22.4       0.43180507     -0.052760016       0.67152649      -0.14200945    4.3121006e-05    -0.0025023844
              -15               15            -22.4       0.93975985      0.086108081       0.95399594       0.13238932    -0.0056620799     -0.012599386
               15               15            -22.4         1.770679       0.51422012       0.85664368       0.44005063    -0.0034871621      -0.02594905
               45               15            -22.4        2.2698314       0.90269351       -0.1702234       0.25118208     -0.014362922     -0.021589851
               75               15            -22.4        1.6048912       0.58467555       -1.2720656      -0.03806977    -0.0053545265      0.023448633
              105               15            -22.4       0.50773782       0.15581179        -1.458065      0.057316199      -0.03206319     -0.014672118
             -105               45            -22.4      0.046725933     -0.034079898       0.13360061      -0.19269338     0.0028937722     0.0028114761
              -75               45            -22.4       0.16338295      -0.10596006       0.23386675      -0.20112896    0.00074161508    0.00015635234
              -45               45            -22.4       0.35896111      -0.15856059       0.36509791      -0.14756882   -0.00053793669   -9.7004042e-05
              -15               45            -22.4       0.67203164      -0.14675951       0.43923867     -0.026447311    -0.0014911942    -0.0016214025
               15               45            -22.4        1.0303357     -0.046010815       0.29828006       0.11103103    -0.0032701793    -0.0021519023
               45               45            -22.4        1.1593319      0.062830791      -0.11511461       0.17995748     0.0012579926    -0.0043318565
               75               45            -22.4       0.86676955      0.062548779       -0.5526576       0.19337243     -0.005030618     0.0030867625
              105               45            -22.4       0.31427214      0.033706348      -0.67673206       0.21275426     -0.025177503      -0.01943494
             -105               75            -22.4      0.031640761     -0.039873723      0.059550263      -0.11204115     0.0019291748     0.0015330859
              -75               75            -22.4       0.11186646      -0.12606262       0.11187802      -0.12339799    0.00022084644   -0.00031108223
              -45               75            -22.4       0.23525587      -0.20208964       0.16528465     -0.099866435   -0.00055056287    0.00030213292
              -15               75            -22.4       0.40099064       -0.2466131       0.18124229     -0.040938534   -0.00040219628    -2.031403e-05
               15               75            -22.4       0.55911171      -0.23960266        0.1062209      0.036955107   -0.00083587144    0.00082161464
               45               75            -22.4       0.60048884      -0.19035801     -0.057403579       0.11015458    -0.0024300821    0.00032940484
               75               75            -22.4       0.44691765      -0.10794452      -0.21780607       0.15776296    -0.0031607552    -0.0014772913
              105               75            -22.4       0.16462812     -0.026634896      -0.26637995       0.16347246     -0.014240372     -0.011567993
             -105              105            -22.4      0.014797223     -0.033758011      0.014044694     -0.033419278    0.00029077698     0.0003215386
              -75              105            -22.4      0.060542256      -0.11188365      0.031806577     -0.038468938    -0.0013796513    -0.0013882292
              -45              105            -22.4        0.1369774      -0.19028777      0.047337826     -0.031583972    -0.0019724492    -0.0021588732
              -15              105            -22.4        0.2314555      -0.24434304      0.049163133     -0.013079643    -0.0015592504    -0.0018228032
               15              105            -22.4       0.30915642      -0.25494522      0.027283251       0.01209488    -0.0017127194     0.0005855661
               45              105            -22.4       0.31926084      -0.21476011     -0.015240504      0.039182525   -0.00052720739     0.0016897398
               75              105            -22.4       0.23396839        -0.130383     -0.055608939       0.05802447    -0.0010711426     0.0018052575
              105              105            -22.4      0.086913116     -0.029466199     -0.059960514      0.060799129    -0.0061753127    -0.0024978344
