           x [mm]           y [mm]           z [mm]       ExRe [V/m]       ExIm [V/m]       EyRe [V/m]       EyIm [V/m]       EzRe [V/m]       EzIm [V/m]
---------------------------------------------------------------------------------------------------------------------------------------------------------
             -105             -105            -22.4      0.023287268    -0.0052000354     -0.023234457    -0.0026484749    8.1352729e-05    0.00075296336
              -75             -105            -22.4      0.062960088     -0.012499689     -0.017020142     0.0028037846      0.001158441    0.00030935204
              -45             -105            -22.4      0.090805434     -0.020000514     -0.010313786     0.0031063422     0.0014682885    2.4821038e-06
              -15             -105            -22.4       0.10631375     -0.023355367    -0.0037811717     0.0021190185     0.0013011161   -0.00037848612
               15             -105            -22.4       0.10913862     -0.021217003     0.0033132872     0.0014417871     0.0011556261   -0.00016619067
               45             -105            -22.4      0.097555757     -0.015879165      0.011091329     0.0022375172    0.00094134634   -0.00026933363
               75             -105            -22.4      0.070998318     -0.010598594       0.02066935     0.0066038975     0.0014694966   -0.00070673093
              105             -105            -22.4      0.026518483    -0.0096454583      0.032505564      0.018528707     0.0050583496   -0.00014596619
             -105              -75            -22.4      0.017225031    -0.0089861937     -0.063052639     0.0034516456    -0.0010958973    0.00064713578
              -75              -75            -22.4      0.046936523     -0.020607073     -0.046916641      0.011894526   -8.2090512e-05    0.00026173043
              -45              -75            -22.4      0.067687578     -0.029134691     -0.028595828     0.0093936343    0.00021634885    0.00024524253
              -15              -75            -22.4      0.076645635     -0.031546369    -0.0092656724     0.0030424243    0.00032682766    3.8745391e-05
               15              -75            -22.4      0.073676214     -0.029237222      0.010147145     -0.001404146     0.0004694697   -0.00028050621
               45              -75            -22.4      0.060767282     -0.022816146      0.030771853   -0.00061070523    0.00077248801   -0.00065137993
               75              -75            -22.4       0.04049398     -0.017071474      0.054318938     0.0070126522     0.0029877929   -0.00027653421
              105              -75            -22.4       0.01467413     -0.011883583      0.082245342      0.026927957     0.0092335967      0.001676156
             -105              -45            -22.4      0.011240371    -0.0090406463     -0.091979459      0.011202423    -0.0017418482     0.0011046077
              -75              -45            -22.4       0.02990073     -0.018015116     -0.068186767      0.020180261   -0.00066908158    0.00067455182
              -45              -45            -22.4       0.03970534     -0.022939097     -0.037987251      0.012735662   -0.00015807957    0.00033692596
              -15              -45            -22.4      0.035278678     -0.022904333     -0.005692278     0.0020281961    -0.0002116965   -0.00021658973
               15              -45            -22.4      0.018361483     -0.019927144      0.024599697    -0.0049272124    7.1489776e-05   -0.00024547195
               45              -45            -22.4    -0.0028465053     -0.016817261      0.048578359    -0.0035387874     0.0016479435   -0.00036837903
               75              -45            -22.4     -0.013077333     -0.015299745      0.072069243     0.0079849102     0.0060766852    0.00054722821
              105              -45            -22.4    -0.0070698797     -0.012864586       0.10709472      0.035918757      0.018282261     0.0064089131
             -105              -15            -22.4     0.0050450191    -0.0083102621      -0.10929146       0.01495416    -0.0016990725    0.00067580846
              -75              -15            -22.4      0.011507756     -0.013211112      -0.07732746      0.022639699   -0.00085784058    0.00012016958
              -45              -15            -22.4     0.0060988707     -0.014622577     -0.033198368      0.012461296   -0.00066215784    0.00029361455
              -15              -15            -22.4      -0.01913704     -0.014510117      0.018434189    0.00025862249    -0.0011224546   -7.4580581e-05
               15              -15            -22.4     -0.071145497     -0.018077768      0.062584743    -0.0041428823    -0.0005512925   -0.00042103976
               45              -15            -22.4      -0.12520891     -0.027332041      0.075009398    4.6413097e-05     0.0023731317    -0.0010463081
               75              -15            -22.4       -0.1321186     -0.034921031       0.06283389      0.014070196      0.012158349     0.0029064887
              105              -15            -22.4     -0.059789084     -0.026975887      0.079839259      0.046834674      0.037792463      0.017706756
             -105               15            -22.4    -0.0020277046    -0.0085373363      -0.11470153      0.014616614    -0.0017622928    0.00093626732
              -75               15            -22.4     -0.009007467     -0.011236329     -0.073744148      0.021220254    -0.0017109552    0.00061453506
              -45               15            -22.4      -0.02960982     -0.013351795    -0.0098862471      0.011780049    -0.0021972533     0.0002549421
              -15               15            -22.4     -0.085778832     -0.022680864      0.078268521     0.0064006168    -0.0043225498   -0.00082934019
               15               15            -22.4      -0.20696235      -0.05531038       0.16252758      0.018028801    -0.0051586875    -0.0030823629
               45               15            -22.4      -0.37375903      -0.12036875        0.1570909      0.032948043    -0.0015826165    -0.0035139024
               75               15            -22.4      -0.42309368      -0.15931886      0.016365197      0.019024353       0.02406241     0.0084133241
              105               15            -22.4      -0.18934658     -0.088554785     -0.070735142      0.026143771      0.078147843      0.046550464
             -105               45            -22.4     -0.010498091     -0.010996985      -0.10566801      0.012076055    -0.0020052439    0.00092212204
              -75               45            -22.4     -0.031465195     -0.016036408     -0.058957595      0.019693175    -0.0033351136    0.00042008399
              -45               45            -22.4     -0.059237387     -0.023669889      0.024288148      0.016301583    -0.0075389352    -0.0013186641
              -15               45            -22.4      -0.12755919     -0.052646391       0.17623934       0.03709757     -0.016041085    -0.0060558328
               15               45            -22.4       -0.3481786      -0.16045316       0.39913023       0.11668786     -0.025262447     -0.017010843
               45               45            -22.4      -0.82837367       -0.4192543       0.46686485        0.1945221     -0.023603028     -0.024234381
               75               45            -22.4       -1.1706853      -0.62529695     -0.063969485      0.014747584      0.049803879      0.024902917
              105               45            -22.4      -0.53083235      -0.31504416      -0.56635022      -0.17160419       0.17304394       0.12770984
             -105               75            -22.4     -0.022114797     -0.017785601     -0.078546561       0.01175008    -0.0038536221    0.00071998901
              -75               75            -22.4     -0.058544908     -0.028877318     -0.037899449      0.019938998    -0.0097476104    -0.0020469022
              -45               75            -22.4     -0.083330445     -0.045522206       0.04442082      0.026447315     -0.020797933     -0.008166411
              -15               75            -22.4      -0.10802224      -0.08596956       0.24465384      0.085010514     -0.050758544     -0.029839968
               15               75            -22.4      -0.26269689      -0.23827328       0.73527473       0.32582963       -0.1114121     -0.097196616
               45               75            -22.4       -1.2062815       -0.8549341        1.5925834        0.8486343      -0.14134853       -0.2273076
               75               75            -22.4        -2.899292       -1.7098181      -0.11091313     0.0023903493       0.04598435      0.036640115
              105               75            -22.4      -0.95751697      -0.66833013       -2.0047762       -0.9980799       0.31591001       0.37934732
             -105              105            -22.4     -0.037198268     -0.034636497     -0.031306434      0.015688932    -0.0091809696    -0.0016176244
              -75              105            -22.4     -0.095077962     -0.057328239     -0.014049793      0.018628486     -0.020395936    -0.0098594129
              -45              105            -22.4      -0.12636828     -0.085125439       0.02243053      0.026568791     -0.052090347     -0.033657208
              -15              105            -22.4     -0.084010646      -0.11792427       0.12840024      0.073332585      -0.14748706      -0.11383735
               15              105            -22.4       0.17195138      -0.09688808       0.51919925       0.30720988      -0.38213655      -0.37900132
               45              105            -22.4         1.457015       0.72633791        2.0649083         1.236006      -0.87176746       -1.4203341
               75              105            -22.4        3.4998288        4.3167872      -0.10103531     -0.011657744       0.11069961     0.0023306981
              105              105            -22.4       0.91311163       0.52790314       -2.3715384       -1.4227588        1.2013537        1.7098445
