           x [mm]           y [mm]           z [mm]       ExRe [V/m]       ExIm [V/m]       EyRe [V/m]       EyIm [V/m]       EzRe [V/m]       EzIm [V/m]
---------------------------------------------------------------------------------------------------------------------------------------------------------
             -105             -105            -22.4     -0.010613956      0.036690928      0.011689053     -0.037219819    0.00049387885    0.00012526738
              -75             -105            -22.4     -0.045767929       0.12171458      0.027727211     -0.042321492     0.0025675911     0.0021138329
              -45             -105            -22.4      -0.11112834       0.20743853      0.043337379     -0.035944246      0.002818072      0.002932162
              -15             -105            -22.4      -0.19783263       0.27250275      0.046690024     -0.019282516     0.0020323379     0.0026079644
               15             -105            -22.4      -0.27243236       0.29329818      0.027574763     0.0090861619     0.0014970624    0.00030773974
               45             -105            -22.4      -0.28253755       0.25352499    -0.0096516656      0.040585253    0.00050095812     -0.002460737
               75             -105            -22.4      -0.21148959       0.16168815     -0.048834547       0.06547799    0.00075897411    -0.0027603523
              105             -105            -22.4      -0.07841111       0.04145522     -0.052306682      0.072037682     0.0070284717     0.0029079327
             -105              -75            -22.4     -0.027312923       0.04132311      0.047395617      -0.12176763    -0.0015637408    -0.0015673548
              -75              -75            -22.4     -0.097555451       0.13280927      0.096921645      -0.13496651    0.00017297217    6.5930741e-05
              -45              -75            -22.4      -0.21010596       0.22090425       0.15065855      -0.11764131    0.00089409604   -0.00069060328
              -15              -75            -22.4      -0.36779374       0.27925006       0.17166924      -0.06081738    0.00088512094   -0.00081932871
               15              -75            -22.4      -0.51667637       0.29148874       0.10649882      0.022900142    0.00069061219   -0.00056786963
               45              -75            -22.4      -0.55399954       0.24004047     -0.047487035       0.11384651   -0.00088598498   -0.00088445115
               75              -75            -22.4      -0.42036793       0.15047556      -0.19677068       0.18315546     0.0047890428   -0.00024134829
              105              -75            -22.4      -0.15408234      0.042963371      -0.24276094       0.20162643      0.015829595     0.0094174817
             -105              -45            -22.4     -0.042901896      0.034623161       0.11351334      -0.20645818    -0.0021548306    -0.0031718658
              -75              -45            -22.4       -0.1540425       0.11041108       0.21090408      -0.22494505   -0.00099481177    -0.0023255802
              -45              -45            -22.4      -0.34273607       0.17210278       0.34084135      -0.18116364    0.00015769014    -0.0013742016
              -15              -45            -22.4      -0.65356964        0.1826345       0.42127445     -0.073832102    -0.0020547444   -0.00068302394
               15              -45            -22.4       -1.0055716       0.11563195       0.29708377      0.073191829    -0.0044848961    -0.0022360354
               45              -45            -22.4       -1.1428828      0.030653555      -0.10074271       0.18433027    0.00027199386    -0.0022906978
               75              -45            -22.4      -0.85693729      0.004366803      -0.51018852       0.26120418      0.009371697     0.0040833983
              105              -45            -22.4      -0.30946571    -0.0076754047      -0.64096206       0.29057404      0.026876759      0.019615375
             -105              -15            -22.4     -0.045998059      0.015453354       0.20309785       -0.2668047    -0.0013309362    -0.0011453393
              -75              -15            -22.4      -0.17405525      0.051016528       0.37095654      -0.27682558    -0.0020429171     0.0017521176
              -45              -15            -22.4      -0.43198088       0.05012865       0.65117872      -0.18968718     0.0012732643    -0.0028936064
              -15              -15            -22.4      -0.93442905     -0.063659377        0.9395923      0.038493276    -0.0054106698    -0.0049504559
               15              -15            -22.4       -1.7946451      -0.42131755       0.84283698       0.29355314     -0.006853031     -0.017459169
               45              -15            -22.4       -2.3008935      -0.69951135       -0.1805473       0.22642408     0.0041523902     -0.005546472
               75              -15            -22.4       -1.6252807      -0.47640875        -1.242992        0.1228522       0.01734883      0.019945849
              105              -15            -22.4      -0.51200294      -0.14005286       -1.4125473       0.20810302      0.035619214      0.039283276
             -105               15            -22.4     -0.027803181     -0.012277172       0.27735466      -0.28262025   -0.00029978284   -0.00041311843
              -75               15            -22.4      -0.10823369     -0.037104655       0.52407509      -0.27449572    -0.0015491794   -0.00035539002
              -45               15            -22.4      -0.30437052      -0.10679488        1.0149245      -0.10308426   -3.6635793e-05    -0.0078438735
              -15               15            -22.4      -0.84788448      -0.37715012        1.7876513       0.40400338    0.00053942227     -0.026078867
               15               15            -22.4       -2.4890845       -1.3400084        2.4396486        1.1542231    0.00085405819       -0.1247462
               45               15            -22.4         -4.49786       -2.4414191      -0.24115416       0.24967557     0.0030957405     0.0041362494
               75               15            -22.4       -2.4026399       -1.3626328       -3.0412319      -0.75887448    -0.0014403276       0.11390845
              105               15            -22.4      -0.53049511      -0.28612205       -2.5370605      -0.21817712       0.02736059      0.059226867
             -105               45            -22.4      0.012389191     -0.042256642       0.29184604      -0.24037062    0.00072753802     0.0019498323
              -75               45            -22.4      0.045652729      -0.12174742       0.56406391      -0.21893515   -0.00098545605   -0.00076257659
              -45               45            -22.4       0.10033461      -0.20592418         1.137271     0.0042374679    -0.0026721046    -0.0066463677
              -15               45            -22.4       0.17153805      -0.32422271        2.2969785       0.78828198     -0.005246059     -0.061024521
               15               45            -22.4       0.19380952      -0.45871177        4.6125345        2.7798827      0.020251263      -0.58142442
               45               45            -22.4      0.046953872       0.72953647     -0.094967991       0.35083807       0.01715285      -0.21808454
               75               45            -22.4       0.18884742      -0.32300353        -5.116992       -2.3504353     -0.022415161       0.51441896
              105               45            -22.4      0.065003715      -0.13156979       -3.2253911       -0.7402935      0.015831325      0.079406627
             -105               75            -22.4      0.049398638     -0.064404614       0.21473916      -0.14675209   -0.00015911271     0.0011558218
              -75               75            -22.4       0.19808692      -0.17946537        0.4270089      -0.13190088    -0.0053866939    -0.0036709639
              -45               75            -22.4        0.5173136      -0.24845529       0.85759342      0.039613802    -0.0092981197    -0.0096050948
              -15               75            -22.4        1.2277193      -0.10530797        1.6180235       0.58739221     -0.010978706     -0.047117043
               15               75            -22.4        3.0195718        0.9031806        2.4307308        1.6271117     -0.010084869      -0.23004587
               45               75            -22.4        4.9757628        2.7901647      -0.17137407       0.18658561     -0.011894202      -0.01673929
               75               75            -22.4        2.8450325        1.1408503       -2.8726282       -1.4031284    0.00094417855       0.18646245
              105               75            -22.4       0.69750255       0.15544794       -2.2398338      -0.54488117    -0.0072692065       0.02341412
             -105              105            -22.4      0.053892069     -0.067413211      0.078825504     -0.036810387    -0.0056131254    -0.0023811825
              -75              105            -22.4       0.24948245      -0.18369655       0.15946415     -0.033427678      -0.01532012     -0.010366948
              -45              105            -22.4       0.64697933      -0.25386241       0.30725133      0.025683437     -0.025840873     -0.024363812
              -15              105            -22.4        1.4145317      -0.12283259       0.50837302       0.17571984     -0.040079121     -0.043269083
               15              105            -22.4        2.5467024       0.39640045       0.52782983       0.30928442     -0.038247935     -0.045318056
               45              105            -22.4        3.1999698       0.90459472     -0.065056279       0.06119274    -0.0095143234    -0.0046395534
               75              105            -22.4        2.2534945       0.57569259      -0.70782083      -0.23778874      0.025675194      0.048190765
              105              105            -22.4       0.71333432       0.14929855      -0.71826905      -0.16667743     0.0040551238      0.023711821
