           x [mm]           y [mm]           z [mm]       ExRe [V/m]       ExIm [V/m]       EyRe [V/m]       EyIm [V/m]       EzRe [V/m]       EzIm [V/m]
---------------------------------------------------------------------------------------------------------------------------------------------------------
             -105             -105            -22.4     -0.031192932      0.030456573       0.14654726       0.13799664       0.16166832      0.086315572
              -75             -105            -22.4       -0.3619411      -0.19598202       0.56755364       0.46695274       0.42007533       0.19092754
              -45             -105            -22.4       -1.7022114       -1.1663489        2.2853808        1.8385307       0.92811018      0.047778644
              -15             -105            -22.4       -3.9708683       -1.0932316      -0.13537405      -0.05706409        0.0253883      -0.12524188
               15             -105            -22.4       -1.5950861       -1.0557282       -2.1941056       -1.7606391      -0.96566784     -0.082473561
               45             -105            -22.4      -0.33691505      -0.17255062      -0.60748631      -0.49203092       -0.4207522      -0.19168395
               75             -105            -22.4     -0.021157974      0.047459517      -0.14946873      -0.12374475      -0.14528671     -0.078295089
              105             -105            -22.4      0.022682015      0.053306498     -0.020618033     -0.047022607     -0.058296293     -0.030559398
             -105              -75            -22.4      0.016629241      0.052357517       0.28647125       0.17611931       0.06789849      0.017530778
              -75              -75            -22.4       0.16808604       0.20805387       0.80714685       0.56045198       0.11922603    -0.0011078311
              -45              -75            -22.4        1.0938494        1.0361791        1.6571982        1.3968524       0.14104018      -0.13838869
              -15              -75            -22.4        2.7437191        2.8594832     -0.028353263      -0.03619438     0.0030596482     0.0040518055
               15              -75            -22.4        1.0325089       0.97294986       -1.6599123       -1.3799721      -0.10742147       0.15823086
               45              -75            -22.4       0.16494802       0.20410331      -0.82333207      -0.57444143      -0.10503237     0.0037209198
               75              -75            -22.4      0.031899668       0.07395722      -0.28382123      -0.17413896     -0.049260084    -0.0078255441
              105              -75            -22.4     0.0092300577      0.033541966      -0.04731546     -0.046840496     -0.025950983    -0.0058880397
             -105              -45            -22.4      0.072437294      0.062170573       0.21450782      0.096302547      0.033174451     0.0057861237
              -75              -45            -22.4       0.33087733       0.23830901       0.45169595        0.2368862      0.038097903    -0.0012391105
              -45              -45            -22.4       0.85672224        0.6500805       0.53960556       0.36491099       0.03118684     -0.018130295
              -15              -45            -22.4        1.2571762       0.98654109       0.00486839     0.0081927413     0.0016090887    -0.0021745311
               15              -45            -22.4       0.85156667        0.6371789      -0.55043226      -0.36227769      -0.02228733      0.017573163
               45              -45            -22.4       0.33500254        0.2363513      -0.45777255      -0.25099105     -0.024422366      0.006075806
               75              -45            -22.4       0.10705003      0.083718672      -0.20774943      -0.10037159     -0.015677091     0.0017542299
              105              -45            -22.4      0.024533099      0.029433325     -0.028855432      -0.02438616     -0.012969223    -0.0012622732
             -105              -15            -22.4      0.067206979       0.04147502      0.078071252      0.023169249      0.017119735     0.0040279087
              -75              -15            -22.4       0.24011287       0.12265737       0.17557725      0.068319239      0.010470584    -0.0013093572
              -45              -15            -22.4       0.45644635       0.24234736       0.16734195      0.078277484     0.0048625418    -0.0019451483
              -15              -15            -22.4       0.57898599       0.31611073    -0.0063915523     0.0002125912     0.0036691793     0.0014306931
               15              -15            -22.4        0.4638156       0.24378797      -0.18113464     -0.079172447    -0.0038301179     0.0021166988
               45              -15            -22.4       0.25657961       0.12601553      -0.19012584     -0.076350361    -0.0092906822     0.0010477537
               75              -15            -22.4       0.10486264      0.054479212     -0.089988068     -0.039090559    -0.0049196398     0.0016301207
              105              -15            -22.4      0.025482107      0.021120828      0.016195953    -0.0047182231    -0.0086251348   -0.00074532721
             -105               15            -22.4      0.039240133      0.022274349     -0.015415286    -0.0065481807      0.011138834     0.0024022528
              -75               15            -22.4       0.12575878      0.049946077      0.038659643      0.014341986     0.0042586345    -0.0010811101
              -45               15            -22.4       0.21530356      0.080878086      0.041482981      0.016349504     0.0020995468   -0.00067593146
              -15               15            -22.4       0.25598237      0.095762126    -0.0065959846      0.002274899   -5.4462114e-05   -0.00095416582
               15               15            -22.4       0.22097123      0.082417093     -0.060373817     -0.016945964   -0.00091391907    0.00062022783
               45               15            -22.4        0.1364938      0.051920421     -0.057392959     -0.018809794    -0.0012976486    0.00051568868
               75               15            -22.4      0.060915172      0.028642319    -0.0087391147     -0.012249166    -0.0024131662     0.0011236444
              105               15            -22.4      0.016347263      0.014434638      0.053259958     0.0044930009    -0.0056583136   -0.00031232447
             -105               45            -22.4      0.013675994      0.013507196     -0.055983976     -0.013409004     0.0069349348    0.00071270234
              -75               45            -22.4      0.043425713      0.023615405     -0.018606311    0.00036063569     0.0020536524   -0.00075310661
              -45               45            -22.4      0.073008843      0.031841617    -0.0024912427     0.0036068822    0.00028906611   -0.00082589069
              -15               45            -22.4      0.085783862        0.0359478    -0.0082722101    0.00089105364   -0.00016392818   -0.00026462378
               15               45            -22.4      0.072616838      0.033350661     -0.015100654    -0.0030325192   -0.00036252459    0.00022283463
               45               45            -22.4      0.042512916      0.026575422    -0.0039972584    -0.0053875176    0.00010487364    0.00061635306
               75               45            -22.4      0.015955122      0.018732823      0.027376272    -0.0041898862    -0.0013468909    0.00079601043
              105               45            -22.4     0.0036024756      0.010993319      0.067536011     0.0070806351    -0.0042343428    0.00019095231
             -105               75            -22.4    -0.0053666444      0.010846888     -0.054601729     -0.014209573      0.003938321   -0.00047637452
              -75               75            -22.4      -0.01131242      0.017523808     -0.028956287    -0.0030704811     0.0013833113   -0.00061937212
              -45               75            -22.4     -0.012729788      0.022081796     -0.013364444    2.0194379e-05     0.0001844334   -0.00055008626
              -15               75            -22.4     -0.013589215      0.024860924    -0.0064050145    0.00030763986    7.1984556e-05   -0.00022121699
               15               75            -22.4     -0.017911205      0.025138894    -0.0012998325     -0.000684787   -0.00014017076    0.00011686713
               45               75            -22.4      -0.02299732      0.022594383      0.010610326    -0.0016125598    5.1780142e-05    0.00046789655
               75               75            -22.4     -0.021718886      0.017240738       0.03116497   -0.00033681566   -0.00060159381    0.00074211275
              105               75            -22.4    -0.0089650089      0.009948629      0.056673724     0.0089055207     -0.002625101    0.00098711206
             -105              105            -22.4     -0.019270014       0.00823176     -0.025023418     -0.011859011     0.0015619746      -0.00169846
              -75              105            -22.4     -0.049561527      0.010284149     -0.013958748    -0.0041978764   -0.00010156022    -0.0011173707
              -45              105            -22.4     -0.065698877      0.013735488    -0.0067300461    -0.0016500509    -0.0003695848    -0.0006439542
              -15              105            -22.4     -0.073116675       0.01610446    -0.0026204423   -0.00067730277   -5.6606637e-05   -0.00027828576
               15              105            -22.4      -0.07464356      0.016545571     0.0010244155    9.6065505e-06    0.00039494649    8.6061249e-05
               45              105            -22.4     -0.069146961      0.014632131      0.006093299    0.00058643171    0.00077112968    0.00050301611
               75              105            -22.4     -0.052266501      0.010904463      0.013781709     0.0022355018    0.00054887298    0.00094394729
              105              105            -22.4     -0.020222289     0.0073838448      0.024231009     0.0087320553   -0.00071764126     0.0011756599
