           x [mm]           y [mm]           z [mm]       HxRe [A/m]       HxIm [A/m]       HyRe [A/m]       HyIm [A/m]       HzRe [A/m]       HzIm [A/m]
---------------------------------------------------------------------------------------------------------------------------------------------------------
             -105            -22.4              300      0.043830875     -0.079374835      0.045716271     -0.078616902   -0.00042144093   -8.2197894e-06
       -104.53125            -22.4              300      0.043816566     -0.079440996      0.045665637     -0.078724846   -0.00042286504   -1.0908963e-05
        -104.0625            -22.4              300      0.043801606     -0.079508305      0.045614474     -0.078833967    -0.0004242573   -1.3529252e-05
       -103.59375            -22.4              300      0.043786019     -0.079576753      0.045562781     -0.078944266   -0.00042561779   -1.6080689e-05
         -103.125            -22.4              300      0.043769795     -0.079646349      0.045510564     -0.079055727   -0.00042694638   -1.8563254e-05
       -102.65625            -22.4              300      0.043758478     -0.079705223      0.045467854     -0.079146922   -0.00042413536   -1.1123237e-05
        -102.1875            -22.4              300       0.04374937     -0.079759218      0.045428231     -0.079231709   -0.00042188153   -4.4328908e-06
       -101.71875            -22.4              300      0.043735262     -0.079822302      0.045390829     -0.079311594   -0.00042091409   -2.3867208e-06
          -101.25            -22.4              300      0.043726504      -0.07987462      0.045355923     -0.079386488   -0.00041913951    1.2689629e-06
       -100.78125            -22.4              300      0.043720558     -0.079921275      0.045322236     -0.079458982   -0.00041682442    6.0704256e-06
        -100.3125            -22.4              300      0.043714028     -0.079968907      0.045287952     -0.079532713   -0.00041440412    1.1187592e-05
        -99.84375            -22.4              300      0.043710187     -0.080011234      0.045256644     -0.079600327   -0.00041397897    1.2211683e-05
          -99.375            -22.4              300      0.043707281     -0.080051608      0.045226425     -0.079665735   -0.00041455423    1.1228105e-05
        -98.90625            -22.4              300      0.043703705      -0.08009316      0.045195565      -0.07973256   -0.00041512281    1.0350697e-05
         -98.4375            -22.4              300      0.043699462     -0.080135874      0.045164052     -0.079800792   -0.00041568451    9.5794403e-06
        -97.96875            -22.4              300      0.043694548     -0.080179766      0.045131892     -0.079870425   -0.00041623943    8.9143405e-06
            -97.5            -22.4              300      0.043685958     -0.080229551       0.04510472      -0.07993003   -0.00041751997     5.267183e-06
        -97.03125            -22.4              300      0.043676544     -0.080280721      0.045077249     -0.079990253   -0.00041891081    1.2577101e-06
         -96.5625            -22.4              300      0.043671675     -0.080322891      0.045055222     -0.080039665   -0.00042162131   -5.1073539e-06
        -96.09375            -22.4              300      0.043668836     -0.080360897       0.04503591     -0.080083713   -0.00042501974   -1.2766595e-05
          -95.625            -22.4              300       0.04366501     -0.080400676      0.045015465     -0.080130108   -0.00042831458   -2.0284037e-05
        -95.15625            -22.4              300      0.043659966      -0.08044228      0.044995666     -0.080175042   -0.00042919867   -2.2235616e-05
         -94.6875            -22.4              300       0.04365414     -0.080484994      0.044976771     -0.080218077   -0.00042813687   -1.9613439e-05
        -94.21875            -22.4              300      0.043647833     -0.080528557      0.044957474     -0.080262065   -0.00042707848   -1.6970449e-05
           -93.75            -22.4              300      0.043641049     -0.080572963       0.04493776     -0.080306999   -0.00042602344   -1.4306654e-05
        -93.28125            -22.4              300      0.043633781      -0.08061824      0.044917647     -0.080352888   -0.00042497177   -1.1622052e-05
         -92.8125            -22.4              300       0.04362604     -0.080664344       0.04489712     -0.080399722    -0.0004239234   -8.9166497e-06
        -92.34375            -22.4              300      0.043619607     -0.080707483      0.044878315     -0.080443271   -0.00042252752   -5.8251458e-06
          -91.875            -22.4              300      0.043612815     -0.080750503      0.044860356     -0.080485024   -0.00042252094   -7.0002802e-06
        -91.40625            -22.4              300      0.043607391     -0.080790736      0.044841018     -0.080529526   -0.00042172716   -6.4240398e-06
         -90.9375            -22.4              300      0.043600757     -0.080833152      0.044820156     -0.080577157   -0.00042071816   -5.2776963e-06
        -90.46875            -22.4              300      0.043592922     -0.080877736      0.044797774     -0.080627896   -0.00041949379   -3.5612411e-06
              -90            -22.4              300      0.043583877     -0.080924511      0.044773869     -0.080681756   -0.00041805417   -1.2746673e-06
        -89.53125            -22.4              300      0.043573637     -0.080973461       0.04474844     -0.080738738   -0.00041639921    1.5820088e-06
         -89.0625            -22.4              300      0.043567039     -0.081015386      0.044727892     -0.080785781   -0.00041983766   -6.3653574e-06
        -88.59375            -22.4              300      0.043560807     -0.081056148      0.044712462     -0.080822431   -0.00041947351   -5.4477523e-06
          -88.125            -22.4              300       0.04355498     -0.081095502      0.044699173     -0.080855049   -0.00041910703   -4.5850747e-06
        -87.65625            -22.4              300      0.043549635      -0.08113344      0.044687223     -0.080885209   -0.00041893954   -4.4277135e-06
         -87.1875            -22.4              300      0.043544248     -0.081171378      0.044674769     -0.080916442    -0.0004182767   -3.3675478e-06
        -86.71875            -22.4              300      0.043544341     -0.081198633      0.044669092     -0.080934279   -0.00041817699   -3.4813584e-06
           -86.25            -22.4              300      0.043544218      -0.08122623       0.04466268      -0.08095365   -0.00041758179   -2.6535549e-06
        -85.78125            -22.4              300      0.043543883     -0.081254177      0.044655543     -0.080974549   -0.00041649106   -8.8413913e-07
         -85.3125            -22.4              300      0.043543331     -0.081282459      0.044647668      -0.08099699   -0.00041490493    1.8268933e-06
        -84.84375            -22.4              300      0.043542571     -0.081311084      0.044639062     -0.081020959    -0.0004128234    5.4795391e-06
          -84.375            -22.4              300      0.043539427     -0.081343397      0.044632178     -0.081041135   -0.00041607724   -2.2252482e-06
        -83.90625            -22.4              300      0.043539934     -0.081368446      0.044627137      -0.08105801   -0.00041673321   -4.8849506e-06
         -83.4375            -22.4              300      0.043540217     -0.081393756      0.044621214     -0.081076764   -0.00041693056   -6.5568879e-06
        -82.96875            -22.4              300      0.043539539     -0.081420854      0.044613894     -0.081098355   -0.00041707224   -8.0236168e-06
            -82.5            -22.4              300      0.043537889     -0.081449732      0.044605177     -0.081122786   -0.00041715824    -9.285136e-06
        -82.03125            -22.4              300      0.043535274     -0.081480369       0.04459507     -0.081150055   -0.00041718851   -1.0341448e-05
         -81.5625            -22.4              300      0.043531686     -0.081512786      0.044583566      -0.08118017   -0.00041716307   -1.1192551e-05
        -81.09375            -22.4              300      0.043527137     -0.081546977      0.044570677     -0.081213124   -0.00041708196   -1.1838447e-05
          -80.625            -22.4              300      0.043523178     -0.081579313      0.044563867     -0.081233874   -0.00041425979   -5.7411862e-06
        -80.15625            -22.4              300      0.043518808     -0.081612349      0.044556405     -0.081255972   -0.00041136006    5.5735404e-07
         -79.6875            -22.4              300       0.04351398     -0.081646189      0.044548102     -0.081279814   -0.00040845532    6.8801155e-06
        -79.21875            -22.4              300      0.043509271      -0.08167962      0.044540159     -0.081302933    -0.0004062223    1.1625724e-05
           -78.75            -22.4              300        0.0435078     -0.081706077       0.04453861     -0.081313118    -0.0004075178    7.7619152e-06
        -78.28125            -22.4              300      0.043507416     -0.081730217      0.044537619     -0.081322357   -0.00040746696    6.2319668e-06
         -77.8125            -22.4              300      0.043506674     -0.081755005      0.044534702     -0.081335485   -0.00040750063    4.6303094e-06
        -77.34375            -22.4              300      0.043505579     -0.081780456       0.04452984      -0.08135251    -0.0004076187    2.9569569e-06
          -76.875            -22.4              300      0.043504126      -0.08180657      0.044523064     -0.081373431   -0.00040782124    1.2119224e-06
        -76.40625            -22.4              300      0.043502323     -0.081833333      0.044514343     -0.081398249   -0.00040810826   -6.0481995e-07
         -75.9375            -22.4              300      0.043495338     -0.081869468      0.044502668     -0.081428684   -0.00040815625   -1.3319398e-06
        -75.46875            -22.4              300       0.04349139     -0.081899591      0.044495586     -0.081450105   -0.00040812424   -1.8003108e-06
              -75            -22.4              300      0.043490566     -0.081923649      0.044491649     -0.081465431    -0.0004082541   -2.5959621e-06
        -74.53125            -22.4              300      0.043495402     -0.081936769      0.044493198     -0.081470102    -0.0004086323    -4.188475e-06
         -74.0625            -22.4              300      0.043502927       -0.0819446      0.044497497     -0.081469454    -0.0004091796   -6.3126176e-06
        -73.59375            -22.4              300      0.043509346     -0.081954427      0.044500481     -0.081471413   -0.00040987582    -8.742285e-06
          -73.125            -22.4              300      0.043514658     -0.081966229       0.04450215     -0.081475951   -0.00041072088   -1.1477468e-05
        -72.65625            -22.4              300      0.043513406     -0.081989758      0.044504818     -0.081478536   -0.00041039614    -1.270949e-05
         -72.1875            -22.4              300       0.04350936     -0.082018383      0.044507388     -0.081481531   -0.00041066678   -1.4828014e-05
        -71.71875            -22.4              300      0.043507013     -0.082043596      0.044503368     -0.081497207   -0.00040982134   -1.3782756e-05
           -71.25            -22.4              300      0.043503944     -0.082070082      0.044496901     -0.081517614   -0.00040956534   -1.3854907e-05
        -70.78125            -22.4              300      0.043499917     -0.082098298      0.044488393     -0.081542045   -0.00041004264   -1.5380345e-05
         -70.3125            -22.4              300      0.043494936     -0.082128204      0.044477839     -0.081570476   -0.00041125319   -1.8359064e-05
        -69.84375            -22.4              300      0.043494679     -0.082149163      0.044474125     -0.081585526   -0.00040845823   -1.3298632e-05
          -69.375            -22.4              300      0.043495663     -0.082167707      0.044471949     -0.081597552   -0.00040455052   -5.9764629e-06
        -68.90625            -22.4              300      0.043493509     -0.082191929      0.044467073      -0.08161474   -0.00040358785     -5.34623e-06
         -68.4375            -22.4              300      0.043490741     -0.082217224      0.044461191     -0.081633873   -0.00040285551   -5.2739133e-06
        -67.96875            -22.4              300      0.043487687     -0.082243033      0.044454534     -0.081654593   -0.00040202509   -5.0089498e-06
            -67.5            -22.4              300      0.043485202     -0.082267202      0.044450838     -0.081669427   -0.00039866212    1.2741133e-06
        -67.03125            -22.4              300      0.043485045     -0.082286619      0.044451628     -0.081675492   -0.00039714956    3.5049552e-06
         -66.5625            -22.4              300      0.043487485     -0.082300745      0.044458192     -0.081670284    -0.0003980925    2.5092868e-07
        -66.09375            -22.4              300      0.043489844     -0.082314961      0.044463973     -0.081666633   -0.00039867105   -2.2702407e-06
          -65.625            -22.4              300      0.043492127     -0.082329243      0.044468969     -0.081664525   -0.00039888525   -4.0585342e-06
        -65.15625            -22.4              300      0.043494329     -0.082343623      0.044473194     -0.081663989   -0.00039873511   -5.1139677e-06
         -64.6875            -22.4              300      0.043496456     -0.082358062      0.044476636     -0.081664987   -0.00039822055   -5.4365373e-06
        -64.21875            -22.4              300      0.043498501     -0.082372591      0.044479296      -0.08166755   -0.00039734168   -5.0262297e-06
           -63.75            -22.4              300      0.043498464     -0.082390875      0.044477779     -0.081678189   -0.00039471695   -6.4922847e-07
        -63.28125            -22.4              300      0.043496374     -0.082412943      0.044472579     -0.081696004   -0.00039091913    6.4383944e-06
         -62.8125            -22.4              300      0.043495696     -0.082431898      0.044470921     -0.081706792   -0.00038942235    9.3809949e-06
        -62.34375            -22.4              300      0.043494362     -0.082452029      0.044468153     -0.081719756   -0.00038779352    1.2596797e-05
          -61.875            -22.4              300      0.043492176     -0.082473755      0.044463824      -0.08173576   -0.00038580637    1.6497408e-05
        -61.40625            -22.4              300      0.043492272     -0.082490757      0.044463206     -0.081744112   -0.00038790764    1.1176327e-05
         -60.9375            -22.4              300      0.043493208     -0.082505867      0.044464882     -0.081747733   -0.00039286999   -7.0376745e-07
        -60.46875            -22.4              300      0.043493319     -0.082522459       0.04446565     -0.081753314   -0.00039629088   -9.5644264e-06
              -60            -22.4              300      0.043496493     -0.082532994      0.044468317     -0.081755541   -0.00039661108   -1.2342333e-05
        -59.53125            -22.4              300      0.043498784     -0.082545191      0.044468284     -0.081763074   -0.00039731822    -1.583148e-05
         -59.0625            -22.4              300      0.043500192     -0.082559034      0.044465527     -0.081775904   -0.00039841229   -2.0031886e-05
        -58.59375            -22.4              300      0.043496236     -0.082582653      0.044457816     -0.081798017   -0.00039337034   -1.0230016e-05
          -58.125            -22.4              300      0.043492001     -0.082606792      0.044450171     -0.081820145   -0.00038838625   -5.0547396e-07
        -57.65625            -22.4              300      0.043496542     -0.082614109      0.044455372     -0.081817135   -0.00038643437    2.8342704e-06
         -57.1875            -22.4              300      0.043500461     -0.082622543      0.044458408     -0.081818379     -0.000384635    5.9764566e-06
        -56.71875            -22.4              300      0.043502521     -0.082634121      0.044462129     -0.081818074   -0.00038443797    5.3447352e-06
           -56.25            -22.4              300      0.043501053     -0.082651876      0.044467438     -0.081814431   -0.00038664581   -9.1074122e-07
        -55.78125            -22.4              300      0.043502994      -0.08266338      0.044470455     -0.081815451   -0.00038994121   -9.3901908e-06
         -55.3125            -22.4              300      0.043508749     -0.082667828       0.04447126     -0.081820957   -0.00039445618   -2.0464573e-05
        -54.84375            -22.4              300      0.043510612     -0.082679532      0.044469476     -0.081831656   -0.00039932149   -3.2142707e-05
          -54.375            -22.4              300      0.043509252      -0.08269687      0.044469353     -0.081839159   -0.00039967833   -3.3898577e-05
        -53.90625            -22.4              300      0.043504663     -0.082719997      0.044468187     -0.081848651    -0.0003975436   -3.0355059e-05
         -53.4375            -22.4              300      0.043496683     -0.082749337      0.044464458     -0.081863075   -0.00039448912   -2.4955576e-05
        -52.96875            -22.4              300      0.043492962      -0.08277069      0.044457123     -0.081884064   -0.00038934237   -1.5491049e-05
            -52.5            -22.4              300       0.04348946     -0.082791612      0.044447187     -0.081910029   -0.00038352233   -4.7828858e-06
        -52.03125            -22.4              300      0.043486875     -0.082810596      0.044440154     -0.081930302   -0.00037924081    3.0709414e-06
         -51.5625            -22.4              300      0.043487303     -0.082823724      0.044438675     -0.081939742   -0.00037745622    6.3428133e-06
        -51.09375            -22.4              300      0.043487251     -0.082836911      0.044446114     -0.081931628   -0.00037846999    2.7460137e-06
          -50.625            -22.4              300      0.043487534     -0.082849473      0.044452306     -0.081925973   -0.00037925199   -4.3004184e-07
        -50.15625            -22.4              300      0.043488167     -0.082861423      0.044457041     -0.081923202   -0.00037974294   -3.0412939e-06
         -49.6875            -22.4              300      0.043489151     -0.082872756      0.044460326     -0.081923299   -0.00037994288    -5.087777e-06
        -49.21875            -22.4              300      0.043490477      -0.08288347      0.044462144     -0.081926256   -0.00037985179   -6.5694649e-06
           -48.75            -22.4              300      0.043492146     -0.082893573      0.044462513     -0.081932075   -0.00037946968   -7.4863929e-06
        -48.28125            -22.4              300      0.043491546     -0.082907766      0.044461202     -0.081940994   -0.00037858816   -6.8786212e-06
         -47.8125            -22.4              300      0.043492299     -0.082919158      0.044459891     -0.081949756   -0.00037770384   -5.9328204e-06
        -47.34375            -22.4              300      0.043495364     -0.082926005      0.044458516     -0.081958562   -0.00037704807   -5.4271686e-06
          -46.875            -22.4              300      0.043497626     -0.082934298      0.044455845     -0.081969835   -0.00037636166   -4.8890693e-06
        -46.40625            -22.4              300      0.043499336     -0.082943492      0.044452973     -0.081981473   -0.00037580851   -4.7427343e-06
         -45.9375            -22.4              300      0.043502659     -0.082948916      0.044458561     -0.081976496   -0.00037674879   -8.4737039e-06
        -45.46875            -22.4              300      0.043505337     -0.082955562      0.044462375     -0.081975006   -0.00037766507   -1.2125502e-05
              -45            -22.4              300      0.043507367     -0.082963444      0.044464409     -0.081976995   -0.00037855734   -1.5698151e-05
        -44.53125            -22.4              300      0.043508746     -0.082972541      0.044464663     -0.081982464   -0.00037942559   -1.9191633e-05
         -44.0625            -22.4              300      0.043509472     -0.082982868      0.044463135     -0.081991404   -0.00038026983   -2.2605964e-05
        -43.59375            -22.4              300      0.043510344     -0.082992397      0.044466909     -0.081989773   -0.00037908668   -2.1375656e-05
          -43.125            -22.4              300      0.043511156     -0.083001934      0.044470262     -0.081988931   -0.00037795329   -2.0094174e-05
        -42.65625            -22.4              300      0.043511827     -0.083011717      0.044472251     -0.081990756    -0.0003771667   -1.9429312e-05
         -42.1875            -22.4              300       0.04351189      -0.08302252      0.044472612     -0.081995592   -0.00037585414   -1.7605336e-05
        -41.71875            -22.4              300      0.043510497     -0.083035983      0.044470944     -0.082004227   -0.00037395227   -1.4529272e-05
           -41.25            -22.4              300      0.043509658     -0.083048284       0.04447047     -0.082010597   -0.00037252481   -1.2648403e-05
        -40.78125            -22.4              300       0.04351262     -0.083053157      0.044475261      -0.08200676   -0.00037142821    -1.203822e-05
         -40.3125            -22.4              300      0.043515779      -0.08305759      0.044478297     -0.082006328   -0.00037009935   -1.0943904e-05
        -39.84375            -22.4              300      0.043519128     -0.083061598      0.044479579     -0.082009256   -0.00036853831   -9.3654689e-06
          -39.375            -22.4              300      0.043522671     -0.083065197      0.044479109     -0.082015574   -0.00036674505   -7.3028996e-06
        -38.90625            -22.4              300      0.043519575     -0.083080865      0.044477388     -0.082023911   -0.00036579842   -7.1036015e-06
         -38.4375            -22.4              300      0.043515854     -0.083097607      0.044474471     -0.082034543   -0.00036541146   -7.9521642e-06
        -37.96875            -22.4              300      0.043511808     -0.083114877      0.044470362      -0.08204753   -0.00036555273   -9.7761877e-06
            -37.5            -22.4              300      0.043507434     -0.083132684       0.04446505     -0.082062863   -0.00036622229   -1.2575681e-05
        -37.03125            -22.4              300      0.043502726     -0.083151028      0.044458535     -0.082080543   -0.00036742009    -1.635065e-05
         -36.5625            -22.4              300       0.04349833       -0.0831687      0.044451978     -0.082098305   -0.00036872097   -2.0233379e-05
        -36.09375            -22.4              300      0.043499701     -0.083175279      0.044455566     -0.082096308    -0.0003663614   -1.6557642e-05
          -35.625            -22.4              300      0.043500829     -0.083182201      0.044457566     -0.082097314   -0.00036460586   -1.4048007e-05
        -35.15625            -22.4              300      0.043502372     -0.083188213      0.044456005     -0.082104892   -0.00036358985   -1.3162544e-05
         -34.6875            -22.4              300      0.043498516     -0.083204307      0.044454094     -0.082112856   -0.00036198244   -1.1515075e-05
        -34.21875            -22.4              300        0.0434983     -0.083213344      0.044452816       -0.0821198   -0.00035946543   -7.8280736e-06
           -33.75            -22.4              300      0.043497995     -0.083222486      0.044449963     -0.082129836   -0.00035680592   -3.8379862e-06
        -33.28125            -22.4              300      0.043496706     -0.083233431      0.044445019     -0.082143903   -0.00035421387   -5.9867489e-09
         -32.8125            -22.4              300      0.043503288     -0.083229221      0.044452053     -0.082134627   -0.00035570018   -4.5616994e-06
        -32.34375            -22.4              300      0.043511949     -0.083220899      0.044462357     -0.082118973   -0.00035844161   -1.1701441e-05
          -31.875            -22.4              300       0.04351937     -0.083214879      0.044470683     -0.082107194   -0.00036088953   -1.8245833e-05
        -31.40625            -22.4              300      0.043525521     -0.083211161      0.044477038     -0.082099281   -0.00036304386   -2.4194849e-05
         -30.9375            -22.4              300      0.043530427     -0.083209738      0.044481412     -0.082095228   -0.00036490464   -2.9548506e-05
        -30.46875            -22.4              300      0.043532319     -0.083213925      0.044480234     -0.082101718   -0.00036486401   -3.1170835e-05
              -30            -22.4              300      0.043531761     -0.083222568       0.04447424     -0.082117334    -0.0003640129   -3.1178271e-05
        -29.53125            -22.4              300      0.043530092     -0.083233215      0.044466026     -0.082137302   -0.00036370743   -3.2212432e-05
         -29.0625            -22.4              300      0.043531559     -0.083237484      0.044469923     -0.082133584   -0.00036274031    -3.127948e-05
        -28.59375            -22.4              300      0.043532852     -0.083242044      0.044473879     -0.082129739   -0.00036140525   -2.9539779e-05
          -28.125            -22.4              300       0.04353331     -0.083248138      0.044475652     -0.082130127   -0.00035983833   -2.7362586e-05
        -27.65625            -22.4              300      0.043532945     -0.083255805       0.04447525     -0.082134761   -0.00035803954   -2.4747895e-05
         -27.1875            -22.4              300      0.043532945     -0.083262667      0.044473138      -0.08214239    -0.0003590307   -2.8287153e-05
        -26.71875            -22.4              300       0.04353255     -0.083270222      0.044469543     -0.082152851   -0.00036038889   -3.2751581e-05
           -26.25            -22.4              300      0.043531429     -0.083279081      0.044464409     -0.082166344   -0.00036122664   -3.6211895e-05
        -25.78125            -22.4              300      0.043530352     -0.083287433      0.044463247     -0.082172014    -0.0003614352   -3.8710303e-05
         -25.3125            -22.4              300      0.043528724     -0.083296642      0.044462107     -0.082177632   -0.00036159621    -4.112548e-05
        -24.84375            -22.4              300      0.043526284     -0.083307378      0.044459045     -0.082187042   -0.00036182234   -4.3576249e-05
          -24.375            -22.4              300      0.043524276     -0.083317146      0.044457171     -0.082193971   -0.00035895937   -3.9432922e-05
        -23.90625            -22.4              300      0.043521892     -0.083327547      0.044455733     -0.082199991   -0.00035410229   -3.0975032e-05
         -23.4375            -22.4              300      0.043519177     -0.083338477      0.044453889      -0.08220683   -0.00034983785   -2.3581977e-05
        -22.96875            -22.4              300      0.043522745     -0.083337143      0.044459641     -0.082198739   -0.00034875295   -2.2418033e-05
            -22.5            -22.4              300      0.043525267     -0.083337754      0.044463959     -0.082193457    -0.0003476807    -2.125581e-05
        -22.03125            -22.4              300       0.04352675      -0.08334031      0.044466838     -0.082190961   -0.00034662112   -2.0095233e-05
         -21.5625            -22.4              300      0.043527193     -0.083344817      0.044468287     -0.082191281   -0.00034557431   -1.8936398e-05
        -21.09375            -22.4              300      0.043526944     -0.083350368      0.044469662     -0.082191512   -0.00034461528   -1.8539884e-05
          -20.625            -22.4              300      0.043526456     -0.083356112      0.044471271      -0.08219108   -0.00034386391   -1.9153282e-05
        -20.15625            -22.4              300      0.043526299     -0.083361253      0.044471763     -0.082192846   -0.00034322235    -1.995178e-05
         -19.6875            -22.4              300      0.043526471     -0.083365753      0.044471122     -0.082196832    -0.0003426905   -2.0935357e-05
        -19.21875            -22.4              300      0.043526974     -0.083369635      0.044469357     -0.082203016   -0.00034226838   -2.2103977e-05
           -18.75            -22.4              300      0.043527815     -0.083372906      0.044466473      -0.08221142   -0.00034195613   -2.3457691e-05
        -18.28125            -22.4              300      0.043528982     -0.083375543      0.044462465      -0.08222203   -0.00034175365   -2.4996531e-05
         -17.8125            -22.4              300      0.043527924     -0.083381765      0.044461437     -0.082226403   -0.00034073688   -2.3966999e-05
        -17.34375            -22.4              300      0.043528117     -0.083385698      0.044458006     -0.082235321   -0.00033929554    -2.205784e-05
          -16.875            -22.4              300       0.04352697     -0.083392121       0.04445225     -0.082248755   -0.00033763074   -1.9731073e-05
        -16.40625            -22.4              300      0.043524489     -0.083401039      0.044444166     -0.082266711   -0.00033574254    -1.698668e-05
         -15.9375            -22.4              300        0.0435207     -0.083412208      0.044438649     -0.082279302   -0.00033777271   -2.3045875e-05
        -15.46875            -22.4              300      0.043521307     -0.083414853      0.044438567     -0.082281463   -0.00033916274   -2.7951734e-05
              -15            -22.4              300      0.043525081     -0.083411343      0.044441838     -0.082277194   -0.00033967686   -3.1161337e-05
        -14.53125            -22.4              300      0.043527994     -0.083409436      0.044443507     -0.082276046   -0.00033994237   -3.3855467e-05
         -14.0625            -22.4              300      0.043530036     -0.083409145      0.044443585     -0.082278021   -0.00033995928   -3.6034049e-05
        -13.59375            -22.4              300      0.043529514     -0.083413273       0.04444268     -0.082281478   -0.00034066197   -3.8736103e-05
          -13.125            -22.4              300      0.043528073      -0.08341907      0.044440307     -0.082287788    -0.0003407725   -4.0236107e-05
        -12.65625            -22.4              300       0.04352586     -0.083426274      0.044436403     -0.082297064   -0.00034019371   -4.0413619e-05
         -12.1875            -22.4              300      0.043522879     -0.083434902      0.044430982     -0.082309313   -0.00033892569   -3.9268685e-05
        -11.71875            -22.4              300      0.043519124      -0.08344496      0.044424035     -0.082324542   -0.00033696843   -3.6801266e-05
           -11.25            -22.4              300      0.043514594     -0.083456419      0.044415567     -0.082342736   -0.00033432181   -3.3011376e-05
        -10.78125            -22.4              300      0.043509293     -0.083469316      0.044405576     -0.082363918   -0.00033098599    -2.789901e-05
         -10.3125            -22.4              300      0.043504506     -0.083481058      0.044396944     -0.082382277   -0.00032814979   -2.3952438e-05
         -9.84375            -22.4              300      0.043500893     -0.083490275      0.044392131     -0.082392745   -0.00032851327   -2.6691976e-05
           -9.375            -22.4              300        0.0435072     -0.083480582      0.044401333       -0.0823761   -0.00032724944   -2.6154848e-05
         -8.90625            -22.4              300      0.043515388     -0.083467282      0.044411603     -0.082357436   -0.00032581604   -2.5167024e-05
          -8.4375            -22.4              300      0.043522831     -0.083455324      0.044419914     -0.082342558   -0.00032517349   -2.5642988e-05
         -7.96875            -22.4              300      0.043529522     -0.083444737       0.04442627     -0.082331441   -0.00032532186   -2.7582728e-05
             -7.5            -22.4              300       0.04353546     -0.083435491      0.044430666     -0.082324125   -0.00032626107   -3.0986179e-05
         -7.03125            -22.4              300      0.043540645     -0.083427593      0.044433106     -0.082320578   -0.00032799118   -3.5853402e-05
          -6.5625            -22.4              300      0.043541968     -0.083426803      0.044432193     -0.082323372   -0.00033001005   -4.1485182e-05
         -6.09375            -22.4              300      0.043537889      -0.08343596      0.044427186     -0.082333893   -0.00033178524   -4.6951922e-05
           -5.625            -22.4              300      0.043532405     -0.083447754      0.044419885     -0.082348913   -0.00033384209   -5.2909632e-05
         -5.15625            -22.4              300      0.043526992      -0.08345937      0.044412069     -0.082364909   -0.00033485313   -5.6647863e-05
          -4.6875            -22.4              300      0.043528758     -0.083457172       0.04441363     -0.082362615   -0.00033134702   -5.1236359e-05
         -4.21875            -22.4              300      0.043532893     -0.083450399       0.04441734     -0.082356177   -0.00032820195   -4.6613521e-05
            -3.75            -22.4              300      0.043537006     -0.083443627       0.04441895     -0.082353786   -0.00032541942   -4.2685391e-05
         -3.28125            -22.4              300      0.043541092     -0.083436877       0.04441845     -0.082355469   -0.00032299946   -3.9451916e-05
          -2.8125            -22.4              300      0.043545157     -0.083430134       0.04441585     -0.082361199   -0.00032094205   -3.6913163e-05
         -2.34375            -22.4              300      0.043542922     -0.083435126      0.044411477     -0.082370073   -0.00031969545   -3.6230573e-05
           -1.875            -22.4              300      0.043536119     -0.083448574      0.044405159     -0.082382604   -0.00031834561    -3.547801e-05
         -1.40625            -22.4              300      0.043528073     -0.083464295       0.04439668     -0.082399346   -0.00031648253   -3.3690114e-05
          -0.9375            -22.4              300      0.043518778      -0.08348228      0.044386044     -0.082420282    -0.0003141062    -3.086689e-05
         -0.46875            -22.4              300      0.043508239     -0.083502539      0.044373259      -0.08244542    -0.0003112166   -2.7008326e-05
                0            -22.4              300      0.043497697     -0.083522744      0.044359181      -0.08247304   -0.00030884292   -2.4160607e-05
          0.46875            -22.4              300       0.04349488     -0.083528236      0.044353735       -0.0824835   -0.00030799434   -2.4080873e-05
           0.9375            -22.4              300        0.0434957     -0.083526172      0.044358961     -0.082473166   -0.00030725432   -2.4411251e-05
          1.40625            -22.4              300      0.043496277     -0.083524533      0.044362769     -0.082465604    -0.0003066409   -2.4965386e-05
            1.875            -22.4              300      0.043496605     -0.083523318      0.044365123     -0.082460843   -0.00030614753   -2.5729245e-05
          2.34375            -22.4              300      0.043497134     -0.083521724       0.04436633     -0.082458295   -0.00030554063   -2.6237351e-05
           2.8125            -22.4              300      0.043499019     -0.083517581      0.044367392     -0.082456067   -0.00030428829   -2.5426245e-05
          3.28125            -22.4              300       0.04350071     -0.083513819      0.044367295     -0.082456075   -0.00030327402   -2.5054891e-05
             3.75            -22.4              300      0.043502185     -0.083510406      0.044366043     -0.082458362   -0.00030249785   -2.5123263e-05
          4.21875            -22.4              300      0.043503676     -0.083506927       0.04436361     -0.082462892   -0.00030194546    -2.561112e-05
           4.6875            -22.4              300      0.043506533     -0.083500929      0.044359766     -0.082470149   -0.00030153248    -2.640079e-05
          5.15625            -22.4              300      0.043507852     -0.083497375      0.044357546     -0.082473986   -0.00030199139   -2.9405563e-05
            5.625            -22.4              300      0.043508101     -0.083495639      0.044354189     -0.082479768   -0.00030324497   -3.4201759e-05
          6.09375            -22.4              300      0.043514647     -0.083481893      0.044362016     -0.082463846   -0.00030331864   -3.6401027e-05
           6.5625            -22.4              300      0.043521203      -0.08346805      0.044370353      -0.08244694   -0.00030295388   -3.7716178e-05
          7.03125            -22.4              300      0.043527592     -0.083454557      0.044376895     -0.082433552   -0.00030218152   -3.8282036e-05
              7.5            -22.4              300      0.043533642     -0.083441697       0.04438141     -0.082424104   -0.00030109435   -3.8286038e-05
          7.96875            -22.4              300      0.043538272      -0.08343146      0.044383716     -0.082418971   -0.00029987315   -3.8067032e-05
           8.4375            -22.4              300      0.043541495     -0.083423868      0.044383809     -0.082418121   -0.00029851799   -3.7624999e-05
          8.90625            -22.4              300      0.043537706     -0.083429098      0.044381306     -0.082422033    -0.0002965226   -3.5046374e-05
            9.375            -22.4              300      0.043537032     -0.083428346      0.044378705     -0.082426012   -0.00029531351   -3.4013316e-05
          9.84375            -22.4              300      0.043537822     -0.083424769      0.044375639     -0.082430862   -0.00029426621   -3.3383072e-05
          10.3125            -22.4              300       0.04353857      -0.08342123      0.044371851     -0.082437113   -0.00029297994   -3.2321132e-05
         10.78125            -22.4              300      0.043539286     -0.083417714      0.044367332     -0.082444765   -0.00029145461   -3.0827436e-05
            11.25            -22.4              300      0.043536901     -0.083419561      0.044364728     -0.082448468   -0.00029074252   -3.1509975e-05
         11.71875            -22.4              300      0.043533463     -0.083423309      0.044360954     -0.082454391   -0.00029010681    -3.236151e-05
          12.1875            -22.4              300      0.043529205     -0.083428562      0.044355758     -0.082463063   -0.00028946451   -3.3168595e-05
         12.65625            -22.4              300      0.043524131     -0.083435319      0.044349127     -0.082474485   -0.00028881559   -3.3931276e-05
           13.125            -22.4              300      0.043518238     -0.083443575      0.044341076     -0.082488649   -0.00028816008   -3.4649514e-05
         13.59375            -22.4              300      0.043511532      -0.08345332      0.044331599     -0.082505576   -0.00028749797    -3.532333e-05
          14.0625            -22.4              300         0.043504     -0.083464563      0.044320699     -0.082525246   -0.00028682925   -3.5952733e-05
         14.53125            -22.4              300      0.043495655     -0.083477318      0.044308364     -0.082547665   -0.00028615395   -3.6537709e-05
               15            -22.4              300      0.043488886     -0.083487131      0.044295687     -0.082570769    -0.0002852031   -3.6518468e-05
         15.46875            -22.4              300      0.043490931     -0.083479576      0.044299114      -0.08256235    -0.0002845219   -3.6951024e-05
          15.9375            -22.4              300      0.043496765     -0.083464876      0.044304155     -0.082550593   -0.00028312847   -3.6178797e-05
         16.40625            -22.4              300      0.043502055     -0.083451137      0.044308145       -0.0825409   -0.00028152979    -3.500166e-05
           16.875            -22.4              300      0.043506727     -0.083438493      0.044311054     -0.082533278   -0.00027975178   -3.3462682e-05
         17.34375            -22.4              300      0.043510795     -0.083426937      0.044312879     -0.082527757   -0.00027779443   -3.1561882e-05
          17.8125            -22.4              300      0.043514252     -0.083416477      0.044313628     -0.082524337    -0.0002756578   -2.9299274e-05
         18.28125            -22.4              300       0.04351709     -0.083407111        0.0443133     -0.082523018   -0.00027334184   -2.6674832e-05
            18.75            -22.4              300      0.043519318     -0.083398841      0.044311889     -0.082523786   -0.00027084653   -2.3688564e-05
         19.21875            -22.4              300      0.043520942     -0.083391666      0.044309396     -0.082526669   -0.00026817195   -2.0340478e-05
          19.6875            -22.4              300      0.043521535     -0.083386295      0.044306148     -0.082530916    -0.0002655414   -1.7096778e-05
         20.15625            -22.4              300       0.04351965     -0.083385281      0.044303417     -0.082533747   -0.00026396126   -1.6030603e-05
           20.625            -22.4              300      0.043517187     -0.083385251      0.044299819     -0.082538255   -0.00026255223   -1.5288013e-05
         21.09375            -22.4              300       0.04351414     -0.083386235      0.044295337     -0.082544439   -0.00026131418   -1.4868918e-05
          21.5625            -22.4              300      0.043510519     -0.083388224      0.044289984     -0.082552291   -0.00026024721   -1.4773399e-05
         22.03125            -22.4              300      0.043506321     -0.083391212      0.044283759     -0.082561821   -0.00025935133   -1.5001408e-05
             22.5            -22.4              300      0.043501541     -0.083395205      0.044276655     -0.082573026   -0.00025862642   -1.5552923e-05
         22.96875            -22.4              300      0.043497432     -0.083397835       0.04426923     -0.082584739   -0.00025955396   -1.9436982e-05
          23.4375            -22.4              300      0.043492839     -0.083401278      0.044260874     -0.082598239    -0.0002608478   -2.4024106e-05
         23.90625            -22.4              300      0.043487608      -0.08340586      0.044251513     -0.082613677     -0.000262327   -2.8945709e-05
           24.375            -22.4              300      0.043481741     -0.083411545      0.044241134     -0.082631052   -0.00026399153   -3.4201792e-05
         24.84375            -22.4              300      0.043477621     -0.083413817      0.044232782      -0.08264447   -0.00026350407   -3.5016106e-05
          25.3125            -22.4              300      0.043474544     -0.083413601      0.044228967     -0.082648613   -0.00026220945    -3.487317e-05
         25.78125            -22.4              300      0.043473762     -0.083409123      0.044228986     -0.082645267   -0.00026071575   -3.4380919e-05
            26.25            -22.4              300      0.043479729      -0.08339183      0.044235535     -0.082629479   -0.00025782862   -3.1102732e-05
         26.71875            -22.4              300      0.043485165     -0.083375514      0.044240456     -0.082616895   -0.00025570623   -2.9205135e-05
          27.1875            -22.4              300      0.043489937     -0.083360389      0.044243596     -0.082607791   -0.00025438631   -2.8761191e-05
         27.65625            -22.4              300      0.043494042     -0.083346471      0.044244949     -0.082602143   -0.00025386893   -2.9770923e-05
           28.125            -22.4              300      0.043497484     -0.083333768      0.044244532     -0.082599998   -0.00025415409   -3.2234311e-05
         28.59375            -22.4              300      0.043500256     -0.083322257      0.044242322     -0.082601301   -0.00025524179   -3.6151374e-05
          29.0625            -22.4              300      0.043500219     -0.083315894       0.04423831     -0.082605973   -0.00025652759   -4.0824118e-05
         29.53125            -22.4              300      0.043495942     -0.083317272      0.044232521     -0.082613833   -0.00025740164   -4.5381144e-05
               30            -22.4              300      0.043490831     -0.083320193      0.044225015     -0.082625046   -0.00025872202   -5.0739298e-05
         30.46875            -22.4              300      0.043492619      -0.08330968      0.044227131     -0.082617477   -0.00025701776   -4.9597835e-05
          30.9375            -22.4              300      0.043496743     -0.083294548      0.044232275     -0.082603931   -0.00025491155    -4.747893e-05
         31.40625            -22.4              300      0.043499772     -0.083281443      0.044235259     -0.082594559   -0.00025288499   -4.5491699e-05
           31.875            -22.4              300      0.043501724     -0.083270364      0.044236075     -0.082589351   -0.00025093809   -4.3636122e-05
         32.34375            -22.4              300      0.043502592     -0.083261326      0.044234727     -0.082588308   -0.00024907084   -4.1912226e-05
          32.8125            -22.4              300      0.043502379     -0.083254322      0.044231221     -0.082591422   -0.00024728323   -4.0319967e-05
         33.28125            -22.4              300      0.043501079     -0.083249338      0.044225544     -0.082598701   -0.00024557524   -3.8859354e-05
            33.75            -22.4              300      0.043498695     -0.083246395      0.044217706     -0.082610168   -0.00024394695   -3.7530408e-05
         34.21875            -22.4              300      0.043494619     -0.083246469      0.044208359     -0.082624398   -0.00024338118   -3.8507926e-05
          34.6875            -22.4              300      0.043492563     -0.083242297      0.044202805     -0.082631111   -0.00024372793   -4.1892294e-05
         35.15625            -22.4              300      0.043495893      -0.08322794      0.044200871     -0.082630962   -0.00024197044   -4.1168609e-05
           35.625            -22.4              300      0.043498375     -0.083215132      0.044197351     -0.082633823   -0.00024046443   -4.0906976e-05
         36.09375            -22.4              300      0.043496057     -0.083210953      0.044193201     -0.082637742    -0.0002407647   -4.3691274e-05
          36.5625            -22.4              300      0.043492027     -0.083209865      0.044187739     -0.082644135   -0.00024122547   -4.6694615e-05
         37.03125            -22.4              300       0.04348699      -0.08321061       0.04418081     -0.082653366   -0.00024152934   -4.9381943e-05
             37.5            -22.4              300      0.043480963     -0.083213173      0.044172402     -0.082665429   -0.00024167639    -5.175329e-05
         37.96875            -22.4              300      0.043477669      -0.08321052      0.044165984     -0.082673617   -0.00023890428   -4.8302019e-05
          38.4375            -22.4              300      0.043476757     -0.083203338      0.044161003     -0.082679048   -0.00023314414   -3.8927708e-05
         38.90625            -22.4              300      0.043474637     -0.083198443      0.044154037     -0.082688347   -0.00022695985   -2.8753379e-05
           39.375            -22.4              300      0.043474194     -0.083190307      0.044148732     -0.082694404    -0.0002222247   -2.1507461e-05
         39.84375            -22.4              300      0.043473519     -0.083182268      0.044146616     -0.082693994   -0.00021981056   -1.8837443e-05
          40.3125            -22.4              300      0.043474507     -0.083170809      0.044147439     -0.082687706   -0.00022162565   -2.4749523e-05
         40.78125            -22.4              300       0.04347454     -0.083161086      0.044146307     -0.082685217   -0.00022340125   -3.0603562e-05
            41.25            -22.4              300      0.043477673      -0.08314538      0.044149052     -0.082675382   -0.00022388133   -3.4085857e-05
         41.71875            -22.4              300      0.043481365     -0.083128549      0.044152409      -0.08266446   -0.00022411051   -3.7161062e-05
          42.1875            -22.4              300      0.043483619     -0.083114371       0.04415359     -0.082657732   -0.00022475017   -4.1055311e-05
         42.65625            -22.4              300      0.043484442     -0.083102852      0.044152588     -0.082655214   -0.00022580025   -4.5768575e-05
           43.125            -22.4              300      0.043483831     -0.083093978      0.044149406      -0.08265689   -0.00022726078   -5.1300842e-05
         43.59375            -22.4              300      0.043484416     -0.083082594      0.044147991     -0.082654856    -0.0002226552   -4.4255277e-05
          44.0625            -22.4              300      0.043486133     -0.083068892      0.044147957      -0.08265014   -0.00021681072   -3.4508477e-05
         44.53125            -22.4              300      0.043489102     -0.083052754      0.044147935     -0.082645439   -0.00021325753   -2.9344483e-05
               45            -22.4              300       0.04349139     -0.083037853      0.044145703     -0.082644969   -0.00020967738   -2.4109384e-05
         45.46875            -22.4              300      0.043491367     -0.083027117       0.04414041     -0.082650177    -0.0002086366   -2.4279532e-05
          45.9375            -22.4              300      0.043487035     -0.083024263      0.044131123     -0.082662769   -0.00021254095   -3.4871457e-05
         46.40625            -22.4              300      0.043482665     -0.083021447      0.044122122     -0.082674935    -0.0002160341   -4.4579494e-05
           46.875            -22.4              300      0.043485072     -0.083005682      0.044123691     -0.082667083   -0.00021554399   -4.6522233e-05
         47.34375            -22.4              300      0.043487176      -0.08299043      0.044123504     -0.082662597   -0.00021507411   -4.8531845e-05
          47.8125            -22.4              300      0.043488983     -0.082975723      0.044121571     -0.082661487   -0.00021462451   -5.0608323e-05
         48.28125            -22.4              300      0.043488868     -0.082964167      0.044121347     -0.082656786   -0.00021111773   -4.5866771e-05
            48.75            -22.4              300      0.043486342      -0.08295691      0.044121124     -0.082651995   -0.00020623767   -3.8032529e-05
         49.21875            -22.4              300      0.043484759      -0.08294794      0.044118609      -0.08265169   -0.00020253891   -3.2686075e-05
          49.6875            -22.4              300      0.043485016     -0.082935616      0.044113286     -0.082656756    -0.0001997339   -2.9230672e-05
         50.15625            -22.4              300      0.043483723     -0.082926184      0.044105448      -0.08266665   -0.00019662967   -2.5186582e-05
           50.625            -22.4              300      0.043480895     -0.082919672      0.044095103      -0.08268138   -0.00019322625   -2.0553805e-05
         51.09375            -22.4              300      0.043474916     -0.082918502      0.044087537     -0.082690544   -0.00019105778   -1.8872892e-05
          51.5625            -22.4              300      0.043467335     -0.082920119      0.044079933     -0.082699753   -0.00018970614   -1.8861776e-05
         52.03125            -22.4              300      0.043458603     -0.082923844      0.044071101     -0.082711324   -0.00018886988   -1.9789397e-05
             52.5            -22.4              300      0.043448705     -0.082929678      0.044061035     -0.082725279   -0.00018854895   -2.1655764e-05
         52.96875            -22.4              300      0.043437652     -0.082937613      0.044049747     -0.082741596    -0.0001887434   -2.4460925e-05
          53.4375            -22.4              300      0.043425545     -0.082947455      0.044037189     -0.082760364   -0.00018950517   -2.8313592e-05
         53.90625            -22.4              300      0.043417502     -0.082949705      0.044021606      -0.08278469   -0.00019317656   -3.8112456e-05
           54.375            -22.4              300      0.043419555     -0.082932539      0.044023674     -0.082775444   -0.00019420979   -4.2674477e-05
         54.84375            -22.4              300      0.043420073     -0.082918346      0.044017952      -0.08278098   -0.00019517003   -4.7708549e-05
          55.3125            -22.4              300      0.043419953     -0.082904682      0.044017032     -0.082777053   -0.00019094892   -4.1945692e-05
         55.78125            -22.4              300      0.043420874     -0.082888715      0.044020355     -0.082765102   -0.00018908145   -4.0611587e-05
            56.25            -22.4              300      0.043421067     -0.082874097      0.044021945      -0.08275649   -0.00018739366   -3.9666978e-05
         56.71875            -22.4              300      0.043420531     -0.082860857      0.044021804     -0.082751207   -0.00018588558   -3.9111914e-05
          57.1875            -22.4              300      0.043419261     -0.082848988      0.044019923     -0.082749255   -0.00018455723   -3.8946368e-05
         57.65625            -22.4              300      0.043417256     -0.082838483      0.044016317     -0.082750648    -0.0001834086   -3.9170369e-05
           58.125            -22.4              300      0.043414522     -0.082829341      0.044010974     -0.082755372   -0.00018243966   -3.9783881e-05
         58.59375            -22.4              300      0.043411508     -0.082820743      0.044004336     -0.082762577   -0.00018161659    -4.072201e-05
          59.0625            -22.4              300      0.043412015     -0.082805559      0.044000145     -0.082765058   -0.00018063142   -4.1400719e-05
         59.53125            -22.4              300      0.043411754     -0.082791813      0.043994144     -0.082771011   -0.00017979197   -4.2416395e-05
               60            -22.4              300       0.04340858     -0.082783088      0.043986414     -0.082780115   -0.00017716324   -3.9687686e-05
         60.46875            -22.4              300       0.04340262     -0.082778946       0.04397887     -0.082788639   -0.00017290896   -3.3548149e-05
          60.9375            -22.4              300      0.043400094     -0.082768008      0.043976888     -0.082786456   -0.00017209967   -3.4760207e-05
         61.40625            -22.4              300      0.043398254     -0.082755536      0.043976951       -0.0827806   -0.00017107547   -3.5406181e-05
           61.875            -22.4              300      0.043396175     -0.082743481      0.043976218     -0.082776278   -0.00016980554   -3.5580382e-05
         62.34375            -22.4              300      0.043393847     -0.082731836      0.043974683     -0.082773492   -0.00016828989   -3.5282814e-05
          62.8125            -22.4              300      0.043391552     -0.082720101      0.043972623     -0.082771719   -0.00016668452   -3.4821463e-05
         63.28125            -22.4              300       0.04339071     -0.082705602      0.043971434     -0.082768261   -0.00016579052   -3.5775774e-05
            63.75            -22.4              300      0.043389685     -0.082691401      0.043969449     -0.082766339   -0.00016467259    -3.629829e-05
         64.21875            -22.4              300       0.04338849     -0.082677498      0.043966677     -0.082765929   -0.00016333067   -3.6388996e-05
          64.6875            -22.4              300      0.043387115     -0.082663879      0.043963112      -0.08276704   -0.00016176479   -3.6047884e-05
         65.15625            -22.4              300      0.043385554     -0.082650572      0.043958757     -0.082769662   -0.00015997498   -3.5274978e-05
           65.625            -22.4              300      0.043382168     -0.082640447      0.043953218     -0.082774542    -0.0001574976   -3.2862692e-05
         66.09375            -22.4              300      0.043374389     -0.082638077      0.043945149     -0.082784228   -0.00015369974   -2.7200971e-05
          66.5625            -22.4              300      0.043373756     -0.082622088      0.043944061     -0.082780711   -0.00015052491   -2.3347422e-05
         67.03125            -22.4              300      0.043374546     -0.082602985      0.043945633     -0.082771845   -0.00015053814   -2.6271951e-05
             67.5            -22.4              300      0.043374594      -0.08258523      0.043945774     -0.082765743   -0.00015040564   -2.8894672e-05
         67.96875            -22.4              300      0.043373898     -0.082568809      0.043944471     -0.082762413   -0.00015012745   -3.1215583e-05
          68.4375            -22.4              300      0.043372445     -0.082553744      0.043941732     -0.082761854   -0.00014970358   -3.3234701e-05
         68.90625            -22.4              300      0.043374564     -0.082531914      0.043943066     -0.082753569   -0.00014930518   -3.5360998e-05
           69.375            -22.4              300      0.043377239     -0.082508989      0.043944459      -0.08274518    -0.0001488734    -3.742773e-05
         69.84375            -22.4              300      0.043379318     -0.082487136      0.043944448     -0.082739525   -0.00014836989   -3.9340295e-05
          70.3125            -22.4              300      0.043380804     -0.082466349      0.043943018     -0.082736567   -0.00014779464   -4.1098614e-05
         70.78125            -22.4              300      0.043382529     -0.082444966      0.043942247     -0.082732394   -0.00014691126   -4.2190313e-05
            71.25            -22.4              300      0.043388318     -0.082415327      0.043952331     -0.082707644   -0.00014470896   -4.0404142e-05
         71.71875            -22.4              300      0.043392003     -0.082389653      0.043958835     -0.082689732   -0.00014295368   -3.9552586e-05
          72.1875            -22.4              300      0.043392133      -0.08237052      0.043961372     -0.082679451   -0.00014150962   -3.9354614e-05
         72.65625            -22.4              300      0.043384876     -0.082364671      0.043959744     -0.082677178   -0.00013936829   -3.7729398e-05
           73.125            -22.4              300      0.043375243     -0.082363255      0.043955918       -0.0826791    -0.0001365775   -3.4780132e-05
         73.59375            -22.4              300      0.043369778     -0.082354225      0.043950919     -0.082683265   -0.00013210796   -2.8468308e-05
          74.0625            -22.4              300      0.043366019     -0.082342148      0.043943923     -0.082691275   -0.00012591566   -1.8705487e-05
         74.53125            -22.4              300      0.043365318     -0.082323901      0.043943841     -0.082685933   -0.00012547395     -2.06226e-05
               75            -22.4              300      0.043364499     -0.082305782      0.043943383     -0.082681291   -0.00012550855   -2.3526718e-05
         75.46875            -22.4              300      0.043364406     -0.082286179      0.043944068     -0.082674652   -0.00012497668   -2.5322937e-05
          75.9375            -22.4              300      0.043366604     -0.082262114       0.04394789     -0.082662292     -0.000123252   -2.4789828e-05
         76.40625            -22.4              300      0.043365203     -0.082244441      0.043948904     -0.082655296   -0.00012156158   -2.4682144e-05
           76.875            -22.4              300      0.043360155     -0.082233205      0.043948375     -0.082651295   -0.00012031745   -2.5753057e-05
         77.34375            -22.4              300      0.043354552     -0.082222953      0.043947104     -0.082648821   -0.00011917014   -2.6969505e-05
          77.8125            -22.4              300      0.043348387     -0.082213707      0.043945089     -0.082647882   -0.00011811968   -2.8331524e-05
         78.28125            -22.4              300      0.043341666     -0.082205437      0.043942336     -0.082648464   -0.00011716603   -2.9839077e-05
            78.75            -22.4              300      0.043334387     -0.082198165      0.043938842     -0.082650572   -0.00011630919   -3.1492127e-05
         79.21875            -22.4              300      0.043331519     -0.082182147      0.043939345     -0.082644753   -0.00011450398   -3.0852818e-05
          79.6875            -22.4              300      0.043334149     -0.082155347      0.043946002     -0.082626849   -0.00011224277   -2.8821603e-05
         80.15625            -22.4              300      0.043336328     -0.082129337      0.043951958     -0.082610376   -0.00011016334   -2.7143418e-05
           80.625            -22.4              300      0.043338053     -0.082104102      0.043957211     -0.082595289    -0.0001082657    -2.581839e-05
         81.09375            -22.4              300       0.04333932     -0.082079649      0.043961756     -0.082581602   -0.00010654982   -2.4846344e-05
          81.5625            -22.4              300      0.043340132     -0.082055964        0.0439656     -0.082569316   -0.00010501574   -2.4227462e-05
         82.03125            -22.4              300      0.043340489     -0.082033068      0.043968733     -0.082558431   -0.00010366341   -2.3961587e-05
             82.5            -22.4              300      0.043340139     -0.082011312      0.043970577     -0.082550168   -0.00010191536   -2.2978373e-05
         82.96875            -22.4              300      0.043338396     -0.081992023      0.043969143     -0.082548447   -9.9218087e-05   -2.0331952e-05
          83.4375            -22.4              300      0.043335333     -0.081975192       0.04396686     -0.082548536   -9.6886914e-05   -1.8570252e-05
         83.90625            -22.4              300      0.043330356       -0.0819612      0.043973144     -0.082532272   -9.6548261e-05   -2.0917607e-05
           84.375            -22.4              300      0.043324061     -0.081949651      0.043977365     -0.082520001   -9.6039308e-05   -2.2921351e-05
         84.84375            -22.4              300      0.043316446     -0.081940487      0.043979522     -0.082511753   -9.5360054e-05   -2.4581474e-05
          85.3125            -22.4              300      0.043307513     -0.081933737      0.043979615     -0.082507491   -9.4510484e-05   -2.5897947e-05
         85.78125            -22.4              300      0.043299869     -0.081924461      0.043980125     -0.082502499    -9.362329e-05   -2.7253167e-05
            86.25            -22.4              300      0.043304089     -0.081892468      0.043991297     -0.082477093   -9.3144561e-05   -3.0001172e-05
         86.71875            -22.4              300       0.04330761     -0.081861809      0.044001199     -0.082454197   -9.2364367e-05    -3.214434e-05
          87.1875            -22.4              300      0.043310426     -0.081832491      0.044009827     -0.082433827   -9.1282665e-05   -3.3682576e-05
         87.65625            -22.4              300      0.043310415     -0.081808493      0.044013087     -0.082424112   -8.9407666e-05    -3.281693e-05
           88.125            -22.4              300      0.043308083     -0.081788763      0.044012476      -0.08242204   -8.6735272e-05   -2.9894518e-05
         88.59375            -22.4              300      0.043304589     -0.081771187      0.044010319     -0.082422949      -8.3503e-05   -2.5865515e-05
          89.0625            -22.4              300      0.043302968     -0.081749409      0.044023752     -0.082393982    -8.267317e-05   -2.7840826e-05
         89.53125            -22.4              300      0.043301061     -0.081727915      0.044040151     -0.082359411   -8.2797123e-05   -3.1964584e-05
               90            -22.4              300      0.043298174     -0.081708185      0.044054884     -0.082328156   -8.3115126e-05   -3.6366779e-05
         90.46875            -22.4              300      0.043296378     -0.081685975      0.044069286     -0.082297407   -8.0622864e-05   -3.4500998e-05
          90.9375            -22.4              300      0.043295376     -0.081662007      0.044083133     -0.082267627   -7.6612552e-05   -2.9270419e-05
         91.40625            -22.4              300      0.043297742     -0.081631571      0.044094071     -0.082243226   -7.2231465e-05   -2.3340097e-05
           91.875            -22.4              300      0.043298788     -0.081603602        0.0441029     -0.082222939   -6.8488967e-05   -1.8647006e-05
         92.34375            -22.4              300      0.043298505     -0.081578061      0.044109624     -0.082206778   -6.5385044e-05   -1.5191159e-05
          92.8125            -22.4              300      0.043298572     -0.081551448      0.044124443     -0.082175463    -6.376802e-05   -1.4768554e-05
         93.28125            -22.4              300      0.043300752     -0.081520371      0.044142351     -0.082137942   -6.5219218e-05   -2.1013602e-05
            93.75            -22.4              300       0.04330191     -0.081491143      0.044159256      -0.08210247    -6.656113e-05   -2.7077229e-05
         94.21875            -22.4              300      0.043302041     -0.081463754      0.044175163     -0.082069039   -6.7793713e-05   -3.2959208e-05
          94.6875            -22.4              300      0.043304101     -0.081432685       0.04419256     -0.082032956   -6.8323774e-05   -3.7555801e-05
         95.15625            -22.4              300      0.043311894     -0.081390835      0.044214115     -0.081989184   -6.7520334e-05   -3.9716062e-05
           95.625            -22.4              300      0.043319017     -0.081350222      0.044234149     -0.081948414    -6.673926e-05   -4.1975105e-05
         96.09375            -22.4              300      0.043325476     -0.081310838       0.04425266      -0.08191067   -6.5980552e-05   -4.4332952e-05
          96.5625            -22.4              300      0.043330375     -0.081274189      0.044270672     -0.081873924    -6.437533e-05    -4.467379e-05
         97.03125            -22.4              300       0.04333096     -0.081244923      0.044292148      -0.08183039   -5.8832647e-05   -3.5407516e-05
             97.5            -22.4              300      0.043331649     -0.081215516      0.044312641      -0.08178895   -5.3385618e-05   -2.6310467e-05
         97.96875            -22.4              300      0.043332566     -0.081185602      0.044332836      -0.08174818   -4.8518155e-05   -1.8605389e-05
          98.4375            -22.4              300      0.043334682     -0.081152327      0.044358302      -0.08169654   -4.8100275e-05   -2.2229793e-05
         98.90625            -22.4              300       0.04333679     -0.081119068       0.04438233     -0.081647754   -4.7408332e-05   -2.5380044e-05
           99.375            -22.4              300      0.043339267     -0.081085101      0.044409595     -0.081593454   -4.7285652e-05   -2.8860091e-05
         99.84375            -22.4              300      0.043341152     -0.081052184       0.04443635     -0.081540249   -4.7118083e-05   -3.2174165e-05
         100.3125            -22.4              300      0.043342412     -0.081020392       0.04446236     -0.081488557   -4.6864101e-05   -3.5285066e-05
        100.78125            -22.4              300      0.043343045     -0.080989726      0.044487618     -0.081438377   -4.6523688e-05   -3.8192782e-05
           101.25            -22.4              300       0.04334306     -0.080960199      0.044512134     -0.081389725   -4.6096851e-05   -4.0897332e-05
        101.71875            -22.4              300      0.043342449     -0.080931798      0.044535901     -0.081342608   -4.5583602e-05   -4.3398719e-05
         102.1875            -22.4              300      0.043341212     -0.080904514      0.044558924     -0.081296995   -4.4983914e-05   -4.5696903e-05
        102.65625            -22.4              300      0.043339349     -0.080878362      0.044581197     -0.081252895   -4.4297813e-05   -4.7791931e-05
          103.125            -22.4              300      0.043339655     -0.080847465      0.044602677     -0.081210017   -3.9172734e-05   -4.0134793e-05
        103.59375            -22.4              300      0.043339759     -0.080816567      0.044626284     -0.081162557   -3.4643308e-05   -3.3941942e-05
         104.0625            -22.4              300      0.043340795     -0.080783345      0.044657048     -0.081100367   -3.3206215e-05    -3.458231e-05
        104.53125            -22.4              300      0.043355968     -0.080722198      0.044710163     -0.080994673   -3.1090534e-05   -3.3828768e-05
              105            -22.4              300      0.043371323     -0.080660567      0.044763252     -0.080889121   -2.9085968e-05   -3.3404416e-05
