           x [mm]           y [mm]           z [mm]       HxRe [A/m]       HxIm [A/m]       HyRe [A/m]       HyIm [A/m]       HzRe [A/m]       HzIm [A/m]
---------------------------------------------------------------------------------------------------------------------------------------------------------
             -105            -22.4              300       0.04318874      -0.08146742     -0.045693628      0.079969451   -0.00032587038    5.7301295e-06
       -104.53125            -22.4              300      0.043177713     -0.081517801      -0.04564964      0.080058426   -0.00032614081    4.7977228e-06
        -104.0625            -22.4              300        0.0431659     -0.081569582     -0.045604754      0.080149211   -0.00032643665    3.7702557e-06
       -103.59375            -22.4              300      0.043153301     -0.081622802      -0.04555897      0.080241822    -0.0003267579    2.6476646e-06
         -103.125            -22.4              300      0.043139916     -0.081677414     -0.045512289      0.080336235   -0.00032710464    1.4299743e-06
       -102.65625            -22.4              300      0.043134809     -0.081715651     -0.045477375      0.080406889   -0.00032607626    3.8893477e-06
        -102.1875            -22.4              300      0.043128975     -0.081755035     -0.045442678      0.080476567   -0.00032396667    9.5850228e-06
       -101.71875            -22.4              300      0.043123804     -0.081792317     -0.045415036      0.080532439   -0.00032145486    1.4642944e-05
          -101.25            -22.4              300      0.043121539     -0.081823952     -0.045387149      0.080588274   -0.00032066775      1.56277e-05
       -100.78125            -22.4              300      0.043120526     -0.081853151     -0.045358673       0.08064504   -0.00032104063    1.3970945e-05
        -100.3125            -22.4              300      0.043118682      -0.08188384     -0.045329198      0.080703802   -0.00032165539    1.1865556e-05
        -99.84375            -22.4              300      0.043119639      -0.08190918     -0.045302793      0.080756441   -0.00032251843    9.4652132e-06
          -99.375            -22.4              300      0.043121673     -0.081932373     -0.045277476      0.080806889   -0.00032343567     7.051467e-06
        -98.90625            -22.4              300      0.043123037     -0.081956722      -0.04525131      0.080859117   -0.00032436682     4.620113e-06
         -98.4375            -22.4              300      0.043123733     -0.081982225     -0.045224302      0.080913104   -0.00032531182    2.1710111e-06
        -97.96875            -22.4              300      0.043123759     -0.082008876     -0.045196444      0.080968849   -0.00032627076    -2.957911e-07
            -97.5            -22.4              300      0.043120559     -0.082040802     -0.045173258      0.081015527   -0.00032749574   -4.3025993e-06
        -97.03125            -22.4              300      0.043116763     -0.082073718     -0.045149766      0.081062883   -0.00032895629   -8.8846937e-06
         -96.5625            -22.4              300      0.043115575     -0.082101353     -0.045129586      0.081103064   -0.00032768887   -7.0499264e-06
        -96.09375            -22.4              300      0.043115404     -0.082126722     -0.045111034      0.081139721   -0.00032480294   -1.4668076e-06
          -95.625            -22.4              300      0.043114498      -0.08215335     -0.045091584      0.081178315   -0.00032200746     3.886742e-06
        -95.15625            -22.4              300      0.043114565     -0.082177803     -0.045074664       0.08121226    -0.0003197373    8.3022933e-06
         -94.6875            -22.4              300      0.043115389     -0.082200594      -0.04505983      0.081242315   -0.00031799474    1.1810967e-05
        -94.21875            -22.4              300      0.043115553     -0.082224563     -0.045044262      0.081273861   -0.00031643873    1.4978425e-05
           -93.75            -22.4              300      0.043115065     -0.082249731     -0.045027956      0.081306919   -0.00031506925    1.7804665e-05
        -93.28125            -22.4              300      0.043113902     -0.082276076     -0.045010913      0.081341483   -0.00031388632    2.0289635e-05
         -92.8125            -22.4              300      0.043112095     -0.082303591     -0.044993125      0.081377536   -0.00031289001    2.2433356e-05
        -92.34375            -22.4              300      0.043109771     -0.082331732     -0.044975601      0.081412919   -0.00031288603    2.1888289e-05
          -91.875            -22.4              300      0.043107878     -0.082358398     -0.044960056      0.081444643    -0.0003116772    2.2656333e-05
        -91.40625            -22.4              300      0.043106578     -0.082383975     -0.044942927       0.08147949   -0.00031157071    2.1074693e-05
         -90.9375            -22.4              300      0.043103676     -0.082412526      -0.04492398      0.081518002   -0.00031178226    1.8980241e-05
        -90.46875            -22.4              300      0.043099176     -0.082443997     -0.044903204      0.081560165   -0.00031231178    1.6373073e-05
              -90            -22.4              300      0.043093078     -0.082478434     -0.044880603      0.081605978   -0.00031315925    1.3253215e-05
        -89.53125            -22.4              300      0.043085385     -0.082515821      -0.04485618      0.081655465    -0.0003143248    9.6205331e-06
         -89.0625            -22.4              300      0.043083552     -0.082542144     -0.044837739      0.081693307   -0.00031293408     1.132329e-05
        -88.59375            -22.4              300      0.043088298     -0.082555875      -0.04482837      0.081713758   -0.00031188288    1.3016288e-05
          -88.125            -22.4              300      0.043091502      -0.08257179      -0.04482035      0.081731491   -0.00031324819    9.5682553e-06
        -87.65625            -22.4              300      0.043092679     -0.082590938      -0.04481227      0.081749164   -0.00031638271    2.1353062e-06
         -87.1875            -22.4              300      0.043093499     -0.082610682     -0.044803295      0.081768587   -0.00031929114   -4.9141636e-06
        -86.71875            -22.4              300      0.043097813     -0.082623549     -0.044799305      0.081777856   -0.00031846165   -4.0352097e-06
           -86.25            -22.4              300      0.043101639     -0.082637295      -0.04479406      0.081789613    -0.0003173399   -2.6314065e-06
        -85.78125            -22.4              300      0.043104976     -0.082651921     -0.044787548      0.081803866   -0.00031592586   -7.0278111e-07
         -85.3125            -22.4              300      0.043107834     -0.082667418     -0.044779785      0.081820592   -0.00031421959    1.7506864e-06
        -84.84375            -22.4              300      0.043110196     -0.082683802     -0.044770762      0.081839822     -0.000312221    4.7290159e-06
          -84.375            -22.4              300      0.043116365     -0.082692556     -0.044769019      0.081845447    -0.0003072542    1.4341468e-05
        -83.90625            -22.4              300      0.043120146     -0.082705587     -0.044764642      0.081855997   -0.00030631677    1.4832771e-05
         -83.4375            -22.4              300       0.04312288     -0.082720444     -0.044758659      0.081869692   -0.00030613024    1.3658555e-05
        -82.96875            -22.4              300      0.043124776     -0.082736753     -0.044751298      0.081886157   -0.00030607459    1.2222647e-05
            -82.5            -22.4              300      0.043125845     -0.082754523     -0.044742543      0.081905417      -0.00030615    1.0525013e-05
        -82.03125            -22.4              300      0.043126084      -0.08277373     -0.044732403      0.081927456   -0.00030635635    8.5656648e-06
         -81.5625            -22.4              300      0.043125495     -0.082794398     -0.044720881      0.081952289   -0.00030669363    6.3446132e-06
        -81.09375            -22.4              300      0.043124076     -0.082816519     -0.044707969      0.081979901   -0.00030716188    3.8618782e-06
          -80.625            -22.4              300      0.043125249     -0.082833126     -0.044702731      0.081992388   -0.00030716008    3.1456329e-06
        -80.15625            -22.4              300      0.043125857      -0.08285071     -0.044696704      0.082006447    -0.0003071783    2.4713663e-06
         -79.6875            -22.4              300      0.043125805     -0.082869463     -0.044689659      0.082022548   -0.00030723136    1.7880957e-06
        -79.21875            -22.4              300      0.043126296     -0.082887046     -0.044683412      0.082037196   -0.00030732795    9.2589181e-07
           -78.75            -22.4              300      0.043133046     -0.082892492     -0.044686373      0.082034193   -0.00030683514    3.1033778e-07
        -78.28125            -22.4              300      0.043136194     -0.082904287      -0.04468637      0.082036711   -0.00030448521    3.2770404e-06
         -77.8125            -22.4              300      0.043138571     -0.082917519     -0.044684086      0.082043722   -0.00030252698    5.5403798e-06
        -77.34375            -22.4              300      0.043140173     -0.082932197     -0.044679508      0.082055196   -0.00030096053    7.1002942e-06
          -76.875            -22.4              300      0.043141011     -0.082948305     -0.044672646      0.082071163   -0.00029978584    7.9567453e-06
        -76.40625            -22.4              300      0.043141071     -0.082965858       -0.0446635      0.082091585   -0.00029900289    8.1098106e-06
         -75.9375            -22.4              300      0.043141503     -0.082982443     -0.044655517      0.082110144   -0.00029972036    5.5592554e-06
        -75.46875            -22.4              300      0.043143641     -0.082995497     -0.044650968      0.082121812   -0.00029742057    9.3237768e-06
              -75            -22.4              300      0.043146972     -0.083006091     -0.044647906       0.08213038   -0.00029253445    1.8463314e-05
        -74.53125            -22.4              300      0.043154471     -0.083008707      -0.04464848      0.082131736   -0.00029153292    1.9406758e-05
         -74.0625            -22.4              300       0.04316343     -0.083008438     -0.044650853       0.08212956   -0.00029267377    1.5768368e-05
        -73.59375            -22.4              300      0.043170996     -0.083010718     -0.044652212      0.082129493   -0.00029368838    1.2365891e-05
          -73.125            -22.4              300      0.043177169     -0.083015531     -0.044652559      0.082131498   -0.00029457657    9.1993152e-06
        -72.65625            -22.4              300      0.043179139     -0.083027199      -0.04465523      0.082129098    -0.0002933933    9.5242085e-06
         -72.1875            -22.4              300      0.043177381      -0.08304555     -0.044655688      0.082130894    -0.0002923992    9.7160764e-06
        -71.71875            -22.4              300      0.043174751     -0.083065718     -0.044649877      0.082144633   -0.00029192021    9.4931438e-06
           -71.25            -22.4              300      0.043170895     -0.083088152     -0.044641979      0.082162507   -0.00029143269    9.2778137e-06
        -70.78125            -22.4              300      0.043165699     -0.083113059     -0.044632278      0.082183994    -0.0002909227    9.0671474e-06
         -70.3125            -22.4              300      0.043159164     -0.083140433     -0.044620775      0.082209095   -0.00029039022    8.8611196e-06
        -69.84375            -22.4              300       0.04315941      -0.08315511     -0.044617023      0.082219191   -0.00029031938    7.6726783e-06
          -69.375            -22.4              300      0.043161228     -0.083166741     -0.044614699        0.0822265   -0.00029024543    6.5322465e-06
        -68.90625            -22.4              300      0.043165725     -0.083173081     -0.044611108      0.082236439   -0.00028940936    6.6344091e-06
         -68.4375            -22.4              300      0.043170001      -0.08317972      -0.04460625      0.082248859    -0.0002883792    7.0883434e-06
        -67.96875            -22.4              300      0.043173697     -0.083187431     -0.044600129       0.08226376   -0.00028722582     7.788316e-06
            -67.5            -22.4              300      0.043175757     -0.083197601     -0.044598062      0.082270563    -0.0002857252     1.012957e-05
        -67.03125            -22.4              300      0.043179218     -0.083204761     -0.044600405       0.08226876   -0.00028528622    9.8887758e-06
         -66.5625            -22.4              300      0.043184478     -0.083208106     -0.044608146      0.082256466   -0.00028597974    6.7007095e-06
        -66.09375            -22.4              300      0.043189004     -0.083212793     -0.044614475      0.082246892   -0.00028639875    4.0510713e-06
          -65.625            -22.4              300      0.043192785     -0.083218828     -0.044619385      0.082240038   -0.00028654319    1.9397867e-06
        -65.15625            -22.4              300      0.043195821     -0.083226234     -0.044622879      0.082235925   -0.00028641312    3.6691563e-07
         -64.6875            -22.4              300      0.043198112     -0.083234981     -0.044624958      0.082234517   -0.00028600846   -6.6753637e-07
        -64.21875            -22.4              300      0.043199658     -0.083245069     -0.044625621      0.082235843   -0.00028532933   -1.1636439e-06
           -63.75            -22.4              300      0.043202333     -0.083253004     -0.044624873      0.082240127   -0.00028586964   -4.1946078e-06
        -63.28125            -22.4              300       0.04320547     -0.083260022     -0.044622868      0.082247041   -0.00028774099   -9.9225181e-06
         -62.8125            -22.4              300      0.043205414     -0.083272383     -0.044619448      0.082256153   -0.00028682934   -8.8025035e-06
        -62.34375            -22.4              300      0.043204643     -0.083286002     -0.044614796      0.082267657   -0.00028553657   -6.8390518e-06
          -61.875            -22.4              300      0.043203361     -0.083300531     -0.044608928       0.08228159   -0.00028412548   -4.6723499e-06
        -61.40625            -22.4              300      0.043207079     -0.083305448       -0.0446092      0.082283586   -0.00028024203     2.242336e-06
         -60.9375            -22.4              300      0.043213766     -0.083304569     -0.044613961      0.082276933   -0.00027478184    1.2143471e-05
        -60.46875            -22.4              300      0.043218311     -0.083307609      -0.04461715      0.082273372   -0.00027075861    1.8852812e-05
              -60            -22.4              300      0.043220118     -0.083315477     -0.044618014      0.082274057    -0.0002708945    1.6135726e-05
        -59.53125            -22.4              300       0.04322163     -0.083323881     -0.044616789      0.082278892   -0.00027094129    1.3636089e-05
         -59.0625            -22.4              300      0.043222833     -0.083332822     -0.044613458      0.082287885   -0.00027089901    1.1353944e-05
        -58.59375            -22.4              300      0.043223877     -0.083341837     -0.044608653      0.082299873   -0.00027640664    -1.616293e-06
          -58.125            -22.4              300      0.043224595     -0.083351389     -0.044604007       0.08231163   -0.00028201018   -1.4451742e-05
        -57.65625            -22.4              300      0.043230791     -0.083350323     -0.044609752      0.082302779   -0.00027904107   -9.5577616e-06
         -57.1875            -22.4              300      0.043235831     -0.083351374     -0.044613265      0.082298264    -0.0002764322   -5.2950463e-06
        -56.71875            -22.4              300      0.043239046     -0.083355576     -0.044618525      0.082290389    -0.0002727909    7.4130037e-07
           -56.25            -22.4              300      0.043239415     -0.083364718     -0.044626333      0.082277656   -0.00026746426    9.8052396e-06
        -55.78125            -22.4              300      0.043242037     -0.083369821     -0.044628438      0.082275778   -0.00026293335    1.7292325e-05
         -55.3125            -22.4              300      0.043246906     -0.083370909     -0.044624336      0.082285687    -0.0002584827    2.4376604e-05
        -54.84375            -22.4              300        0.0432478     -0.083379194     -0.044616885      0.082302153   -0.00025309884     3.330085e-05
          -54.375            -22.4              300      0.043243665     -0.083396301     -0.044610299      0.082316592   -0.00025305213     3.166074e-05
        -53.90625            -22.4              300        0.0432363     -0.083419144      -0.04460362      0.082331225   -0.00025619916    2.3742021e-05
         -53.4375            -22.4              300      0.043226264     -0.083446808     -0.044595603        0.0823486   -0.00026058123    1.3426194e-05
        -52.96875            -22.4              300      0.043224603     -0.083459161      -0.04458946      0.082362652   -0.00026465577    3.5288172e-06
            -52.5            -22.4              300       0.04322454     -0.083468609     -0.044582475      0.082378514   -0.00026893476   -6.7535775e-06
        -52.03125            -22.4              300      0.043224495     -0.083477713     -0.044577766      0.082389846   -0.00027030666   -1.0812917e-05
         -51.5625            -22.4              300      0.043226022     -0.083483517     -0.044577438      0.082392447   -0.00026699269   -5.0148028e-06
        -51.09375            -22.4              300       0.04322654     -0.083490513     -0.044586077      0.082377478   -0.00026659254   -6.0093898e-06
          -50.625            -22.4              300      0.043227278      -0.08349707     -0.044592876      0.082366034   -0.00026583381   -6.3538373e-06
        -50.15625            -22.4              300      0.043228276     -0.083503172     -0.044597622      0.082358539   -0.00026465638   -5.9084941e-06
         -49.6875            -22.4              300      0.043229509     -0.083508804     -0.044600315      0.082354978   -0.00026306024   -4.6733021e-06
        -49.21875            -22.4              300      0.043230996     -0.083513975     -0.044600945      0.082355365   -0.00026104541   -2.6482958e-06
           -48.75            -22.4              300      0.043232728     -0.083518684     -0.044599526      0.082359701   -0.00025861175    1.6658487e-07
        -48.28125            -22.4              300      0.043234941     -0.083522402     -0.044598307      0.082363665    -0.0002570549    1.5607725e-06
         -47.8125            -22.4              300      0.043237567     -0.083525181     -0.044596612      0.082368448   -0.00025585052    2.5917052e-06
        -47.34375            -22.4              300      0.043240074     -0.083528094     -0.044593282      0.082376242   -0.00025418823    4.6558289e-06
          -46.875            -22.4              300      0.043241881     -0.083532229     -0.044589054      0.082385778   -0.00025231583    7.1150898e-06
        -46.40625            -22.4              300      0.043243267     -0.083537027     -0.044585101      0.082394809   -0.00025037205     9.613952e-06
         -45.9375            -22.4              300      0.043246485     -0.083537646     -0.044590428      0.082385682    -0.0002495636     9.110986e-06
        -45.46875            -22.4              300      0.043249059     -0.083539464     -0.044593863       0.08238022   -0.00024865236    8.8216211e-06
              -45            -22.4              300      0.043250989     -0.083542466     -0.044595413      0.082378425   -0.00024763824    8.7458857e-06
        -44.53125            -22.4              300      0.043252274     -0.083546638      -0.04459507      0.082380287   -0.00024652126     8.883756e-06
         -44.0625            -22.4              300      0.043252908     -0.083551995     -0.044592828      0.082385823    -0.0002453014    9.2352575e-06
        -43.59375            -22.4              300      0.043252721     -0.083558343     -0.044595066      0.082382396   -0.00024387061    1.0618281e-05
          -43.125            -22.4              300      0.043251831     -0.083565928     -0.044596389      0.082380667   -0.00024246291    1.2113662e-05
        -42.65625            -22.4              300      0.043250255     -0.083574794     -0.044595938      0.082382366   -0.00024110213    1.3595578e-05
         -42.1875            -22.4              300      0.043250632     -0.083579913     -0.044595748      0.082383662   -0.00023999438    1.4476335e-05
        -41.71875            -22.4              300      0.043252766     -0.083581656     -0.044595838      0.082384564   -0.00023888504    1.5224421e-05
           -41.25            -22.4              300      0.043254629     -0.083583765     -0.044596203      0.082384802   -0.00023853875     1.427804e-05
        -40.78125            -22.4              300      0.043258183      -0.08358229     -0.044600077      0.082377881   -0.00024016097     8.916275e-06
         -40.3125            -22.4              300      0.043262005     -0.083580323     -0.044602826      0.082373165    -0.0002412093    4.6666009e-06
        -39.84375            -22.4              300      0.043266088     -0.083577871      -0.04460445      0.082370684   -0.00024168374    1.5290816e-06
          -39.375            -22.4              300      0.043270428     -0.083574921     -0.044604957      0.082370423   -0.00024158429   -4.9635673e-07
        -38.90625            -22.4              300       0.04326864      -0.08358302     -0.044603266      0.082374156   -0.00024046816   -2.9879084e-07
         -38.4375            -22.4              300      0.043265752     -0.083593026     -0.044600032      0.082380846   -0.00023961524   -5.4872726e-07
        -37.96875            -22.4              300      0.043262038     -0.083604507     -0.044595305      0.082390413   -0.00023906337   -1.3294866e-06
            -37.5            -22.4              300       0.04325749     -0.083617464     -0.044589072      0.082402863    -0.0002388126   -2.6410635e-06
        -37.03125            -22.4              300      0.043252107     -0.083631866     -0.044581339      0.082418188   -0.00023886291   -4.4834414e-06
         -36.5625            -22.4              300      0.043246523     -0.083646551     -0.044573262      0.082434148   -0.00023893986   -6.2991967e-06
        -36.09375            -22.4              300      0.043246161     -0.083651245     -0.044574812      0.082431167   -0.00023655096   -3.0304473e-06
          -35.625            -22.4              300      0.043246061     -0.083655395     -0.044575263      0.082430385   -0.00023412891    3.8908433e-07
        -35.15625            -22.4              300      0.043250095     -0.083651885     -0.044575889      0.082429588    -0.0002310908    5.0991207e-06
         -34.6875            -22.4              300      0.043252029     -0.083651707     -0.044576973      0.082427382   -0.00022871068    7.8558605e-06
        -34.21875            -22.4              300      0.043251418     -0.083656356     -0.044574264      0.082432255   -0.00022658355    1.0265152e-05
           -33.75            -22.4              300       0.04324992     -0.083662622     -0.044569436      0.082441255   -0.00022416202    1.3287689e-05
        -33.28125            -22.4              300      0.043247938     -0.083669782     -0.044562928      0.082453549   -0.00022129979    1.7184553e-05
         -32.8125            -22.4              300      0.043253072     -0.083663389     -0.044568464      0.082442433   -0.00021980263     1.834397e-05
        -32.34375            -22.4              300      0.043260042     -0.083653435     -0.044577248      0.082424983   -0.00021893576    1.8261919e-05
          -31.875            -22.4              300       0.04326592     -0.083645456     -0.044584144      0.082411259   -0.00021808647    1.8168239e-05
        -31.40625            -22.4              300      0.043270703     -0.083639473     -0.044589143      0.082401276    -0.0002172547    1.8062892e-05
         -30.9375            -22.4              300      0.043274395     -0.083635472     -0.044592254      0.082395025   -0.00021644053    1.7945878e-05
        -30.46875            -22.4              300      0.043274246     -0.083638549     -0.044589438      0.082399897   -0.00021675785    1.5069094e-05
              -30            -22.4              300      0.043271139     -0.083647028      -0.04458214      0.082413241   -0.00021855856    8.9353016e-06
        -29.53125            -22.4              300      0.043267146     -0.083657131     -0.044573419      0.082429461   -0.00022120023    1.2286509e-06
         -29.0625            -22.4              300       0.04326601     -0.083661243     -0.044574846      0.082425617   -0.00022043349    1.1449374e-06
        -28.59375            -22.4              300      0.043265186     -0.083664685     -0.044576306      0.082421698   -0.00021902508    2.4483379e-06
          -28.125            -22.4              300      0.043264125      -0.08366856     -0.044575956       0.08242131   -0.00021758027    3.8108938e-06
        -27.65625            -22.4              300      0.043262824     -0.083672889     -0.044573803      0.082424477   -0.00021609908    5.2325731e-06
         -27.1875            -22.4              300      0.043264948     -0.083670743     -0.044573281      0.082424663   -0.00021293618    9.8977107e-06
        -26.71875            -22.4              300      0.043267164     -0.083668426     -0.044571996      0.082426406    -0.0002089755    1.6080467e-05
           -26.25            -22.4              300       0.04326833     -0.083668038     -0.044568978       0.08243151   -0.00020464636    2.2948112e-05
        -25.78125            -22.4              300      0.043266848     -0.083672106      -0.04456725      0.082433663   -0.00020329938     2.329058e-05
         -25.3125            -22.4              300       0.04326392     -0.083678707     -0.044564541      0.082437567   -0.00020318045    2.1016038e-05
        -24.84375            -22.4              300      0.043260116     -0.083686925     -0.044559754      0.082445525   -0.00020319804    1.8492852e-05
          -24.375            -22.4              300      0.043260023     -0.083688021     -0.044558708       0.08244627   -0.00020509135    1.2453138e-05
        -23.90625            -22.4              300      0.043261744     -0.083685614     -0.044559885      0.082442775   -0.00020828149    4.0092864e-06
         -23.4375            -22.4              300       0.04326218     -0.083685547     -0.044560004        0.0824413   -0.00021083349    -3.047061e-06
        -22.96875            -22.4              300      0.043262836     -0.083684914     -0.044563085      0.082433552   -0.00020814712    8.6980936e-07
            -22.5            -22.4              300      0.043262981      -0.08368516     -0.044565007       0.08242806   -0.00020587527      4.01637e-06
        -22.03125            -22.4              300       0.04326262      -0.08368627     -0.044565767      0.082424827   -0.00020401795    6.3925477e-06
         -21.5625            -22.4              300      0.043261759     -0.083688281     -0.044565372      0.082423858    -0.0002025751    7.9984657e-06
        -21.09375            -22.4              300       0.04326072     -0.083690368     -0.044565149      0.082422383   -0.00020161718    8.1437756e-06
          -20.625            -22.4              300      0.043259531     -0.083692506     -0.044565305      0.082420006   -0.00020071055    7.6444612e-06
        -20.15625            -22.4              300      0.043258496     -0.083694361      -0.04456424      0.082419999   -0.00019968333     7.372053e-06
         -19.6875            -22.4              300      0.043257616     -0.083695889     -0.044561949      0.082422376    -0.0001985355    7.3265601e-06
        -19.21875            -22.4              300      0.043256886     -0.083697103     -0.044558436      0.082427099   -0.00019726713     7.507886e-06
           -18.75            -22.4              300      0.043256313     -0.083698019     -0.044553697      0.082434207   -0.00019587818    7.9161291e-06
        -18.28125            -22.4              300      0.043255895     -0.083698615     -0.044547744      0.082443684   -0.00019436861    8.5513238e-06
         -17.8125            -22.4              300      0.043252848      -0.08370363     -0.044544231      0.082447901    -0.0001926751    1.0497631e-05
        -17.34375            -22.4              300        0.0432522     -0.083704188     -0.044539157      0.082455158   -0.00019090738    1.2465402e-05
          -16.875            -22.4              300      0.043250646     -0.083706401     -0.044532102      0.082466289   -0.00018869422      1.52462e-05
        -16.40625            -22.4              300      0.043248165     -0.083710283     -0.044523068      0.082481302   -0.00018603561    1.8840012e-05
         -15.9375            -22.4              300      0.043248259     -0.083709128     -0.044520065      0.082484774   -0.00018126956    2.6305452e-05
        -15.46875            -22.4              300      0.043250017      -0.08370471     -0.044520851      0.082480766   -0.00017966317     2.723857e-05
              -15            -22.4              300       0.04325309     -0.083697699     -0.044523638      0.082472757   -0.00018051405    2.3095581e-05
        -14.53125            -22.4              300      0.043255448     -0.083691977     -0.044524767      0.082467981   -0.00018133056     1.897917e-05
         -14.0625            -22.4              300      0.043257091     -0.083687544     -0.044524241      0.082466424   -0.00018211275    1.4889247e-05
        -13.59375            -22.4              300      0.043255281     -0.083689138      -0.04452287      0.082465999   -0.00018247597    1.2354398e-05
          -13.125            -22.4              300      0.043252368     -0.083692729     -0.044519741      0.082468942   -0.00018249551    1.0509719e-05
        -12.65625            -22.4              300      0.043248568     -0.083697945     -0.044514779      0.082475394   -0.00018219292    9.2465552e-06
         -12.1875            -22.4              300      0.043243892      -0.08370477     -0.044507988      0.082485385   -0.00018156816     8.564939e-06
        -11.71875            -22.4              300      0.043238334     -0.083713196      -0.04449936      0.082498915   -0.00018062131      8.46482e-06
           -11.25            -22.4              300      0.043231901     -0.083723247     -0.044488899       0.08251597    -0.0001793523    8.9462355e-06
        -10.78125            -22.4              300      0.043224588       -0.0837349     -0.044476606      0.082536548   -0.00017776116    1.0009172e-05
         -10.3125            -22.4              300      0.043220192     -0.083740957     -0.044467367      0.082551286   -0.00017589911    1.1490215e-05
         -9.84375            -22.4              300      0.043222722     -0.083733849     -0.044466536      0.082549937   -0.00017343383    1.3932712e-05
           -9.375            -22.4              300      0.043227799      -0.08372169     -0.044473469      0.082532696    -0.0001686262    2.1290434e-05
         -8.90625            -22.4              300      0.043234501     -0.083706424     -0.044481486      0.082513385   -0.00016624578    2.3942481e-05
          -8.4375            -22.4              300       0.04324054     -0.083692327     -0.044488024      0.082496986   -0.00016473662    2.4993855e-05
         -7.96875            -22.4              300      0.043245934     -0.083679408      -0.04449309        0.0824835    -0.0001640987    2.4444535e-05
             -7.5            -22.4              300      0.043250665     -0.083667643     -0.044496682      0.082472906   -0.00016433204    2.2294478e-05
         -7.03125            -22.4              300      0.043254748     -0.083657056     -0.044498801      0.082465239   -0.00016543669    1.8543738e-05
          -6.5625            -22.4              300      0.043254592     -0.083654255     -0.044497266      0.082464479   -0.00016634137    1.4852099e-05
         -6.09375            -22.4              300      0.043248627     -0.083662108      -0.04449087      0.082472824    -0.0001659917    1.3039156e-05
           -5.625            -22.4              300      0.043241534     -0.083672054     -0.044482358      0.082485281   -0.00016554094    1.1392485e-05
         -5.15625            -22.4              300      0.043235753     -0.083679467     -0.044474285      0.082496978   -0.00016558275    8.7544477e-06
          -4.6875            -22.4              300      0.043238781     -0.083669998      -0.04447557      0.082490303   -0.00016556945    6.5887407e-06
         -4.21875            -22.4              300      0.043241967     -0.083660141     -0.044476721      0.082483649    -0.0001637269    8.3637124e-06
            -3.75            -22.4              300      0.043244496     -0.083651528      -0.04447607       0.08248049   -0.00016181858    1.0312272e-05
         -3.28125            -22.4              300      0.043246366     -0.083644137     -0.044473615      0.082480825   -0.00015984454    1.2434382e-05
          -2.8125            -22.4              300      0.043247584      -0.08363799     -0.044469357      0.082484655   -0.00015780472    1.4730109e-05
         -2.34375            -22.4              300      0.043245554     -0.083637491     -0.044464286       0.08248993   -0.00015584743    1.6297621e-05
           -1.875            -22.4              300       0.04324035     -0.083642714     -0.044457465      0.082498521   -0.00015457728    1.6269365e-05
         -1.40625            -22.4              300      0.043233208     -0.083651595     -0.044448216      0.082511805   -0.00015405772    1.4875907e-05
          -0.9375            -22.4              300      0.043224126     -0.083664119     -0.044436548      0.082529768   -0.00015428878    1.2117229e-05
         -0.46875            -22.4              300      0.043213099     -0.083680317     -0.044422463      0.082552426   -0.00015527045    7.9933361e-06
                0            -22.4              300      0.043201625     -0.083697401     -0.044407222       0.08257734   -0.00015661784    3.2657858e-06
          0.46875            -22.4              300      0.043201558     -0.083693027     -0.044404943      0.082577355   -0.00015507078    4.4366657e-06
           0.9375            -22.4              300      0.043203242     -0.083684579      -0.04440942      0.082563512   -0.00015488926    2.5871968e-06
          1.40625            -22.4              300      0.043204233     -0.083677411     -0.044412322      0.082552686   -0.00015433985    1.4891975e-06
            1.875            -22.4              300      0.043204516      -0.08367154     -0.044413641      0.082544908   -0.00015341779     1.153172e-06
          2.34375            -22.4              300      0.043204501     -0.083666228     -0.044413686      0.082539566   -0.00015250528    8.0540934e-07
           2.8125            -22.4              300      0.043205313     -0.083659381     -0.044413462      0.082534745    -0.0001526152   -1.5984742e-06
          3.28125            -22.4              300        0.0432056      -0.08365348     -0.044411942      0.082532391   -0.00015239275   -3.3121271e-06
             3.75            -22.4              300      0.043205354     -0.083648548     -0.044409141      0.082532503   -0.00015183797   -4.3355808e-06
          4.21875            -22.4              300      0.043204773     -0.083644196     -0.044405028      0.082535103   -0.00015087929   -4.5239526e-06
           4.6875            -22.4              300      0.043204956     -0.083638467     -0.044399444      0.082540512   -0.00014902775   -2.8946779e-06
          5.15625            -22.4              300      0.043203346     -0.083635658     -0.044394519       0.08254426   -0.00014863141   -4.4107464e-06
            5.625            -22.4              300      0.043201853     -0.083632551     -0.044389673      0.082547814   -0.00014838316   -6.3239231e-06
          6.09375            -22.4              300      0.043207858     -0.083615109     -0.044396348      0.082528979   -0.00014538714   -2.6385096e-06
           6.5625            -22.4              300      0.043214217     -0.083596908     -0.044403788      0.082508661   -0.00014228969    1.2165929e-06
          7.03125            -22.4              300      0.043220527     -0.083578758      -0.04440961      0.082491517   -0.00013959824    4.1910935e-06
              7.5            -22.4              300       0.04322657     -0.083561078     -0.044413619      0.082477927   -0.00013732805    6.2554063e-06
          7.96875            -22.4              300      0.043231253     -0.083545893      -0.04441566      0.082468182   -0.00013554568    7.2851672e-06
           8.4375            -22.4              300      0.043234579     -0.083533175     -0.044415735      0.082462281    -0.0001342511    7.2803505e-06
          8.90625            -22.4              300      0.043233078     -0.083529159     -0.044414036      0.082459539   -0.00013458575    4.3143286e-06
            9.375            -22.4              300      0.043232128     -0.083524078     -0.044410311      0.082460463   -0.00013376359    4.1176299e-06
          9.84375            -22.4              300      0.043231525     -0.083518326     -0.044405494      0.082463421   -0.00013217574     5.555466e-06
          10.3125            -22.4              300      0.043230668     -0.083513051     -0.044399939      0.082467824   -0.00013026764    7.6042488e-06
         10.78125            -22.4              300      0.043229531     -0.083508253     -0.044393629       0.08247368    -0.0001280393    1.0263933e-05
            11.25            -22.4              300      0.043226011     -0.083507448     -0.044388801      0.082476333   -0.00012683848    1.0300799e-05
         11.71875            -22.4              300      0.043221597     -0.083508223     -0.044382997      0.082480825   -0.00012577932    1.0008998e-05
          12.1875            -22.4              300      0.043216459     -0.083510295     -0.044376016      0.082487598   -0.00012475793    9.6449257e-06
         12.65625            -22.4              300      0.043210603      -0.08351367     -0.044367854      0.082496665   -0.00012377428    9.2086393e-06
           13.125            -22.4              300      0.043204028     -0.083518349     -0.044358507      0.082508013   -0.00012282839    8.7000881e-06
         13.59375            -22.4              300      0.043196727     -0.083524339     -0.044347987      0.082521647   -0.00012192027    8.1193029e-06
          14.0625            -22.4              300      0.043188702     -0.083531611     -0.044336278      0.082537554   -0.00012104987    7.4662858e-06
         14.53125            -22.4              300      0.043179955     -0.083540194     -0.044323396      0.082555756   -0.00012021724    6.7410242e-06
               15            -22.4              300      0.043171845     -0.083547696     -0.044309512      0.082575805   -0.00011975108     5.316313e-06
         15.46875            -22.4              300      0.043172553     -0.083537929     -0.044310864      0.082565822   -0.00011868692    5.4627549e-06
          15.9375            -22.4              300      0.043178253     -0.083518811     -0.044314757      0.082550876   -0.00011915356    2.2666022e-06
         16.40625            -22.4              300      0.043183327     -0.083500773     -0.044317611      0.082537919   -0.00011949226   -7.1812428e-07
           16.875            -22.4              300      0.043187708     -0.083483972     -0.044319399      0.082527027   -0.00011968607   -3.4650629e-06
         17.34375            -22.4              300      0.043191388     -0.083468415     -0.044320121      0.082518205   -0.00011973498   -5.9742069e-06
          17.8125            -22.4              300      0.043194387     -0.083454087     -0.044319771       0.08251144   -0.00011963898    -8.245539e-06
         18.28125            -22.4              300      0.043196686     -0.083440989     -0.044318363      0.082506739   -0.00011939809   -1.0279088e-05
            18.75            -22.4              300      0.043198284     -0.083429128     -0.044315882      0.082504101   -0.00011901231   -1.2074836e-05
         19.21875            -22.4              300      0.043199204     -0.083418511     -0.044312336      0.082503535   -0.00011848161   -1.3632784e-05
          19.6875            -22.4              300      0.043199036     -0.083409771     -0.044307895       0.08250457   -0.00011754577   -1.4359499e-05
         20.15625            -22.4              300      0.043196488      -0.08340513     -0.044303324      0.082505293   -0.00011541579   -1.2380598e-05
           20.625            -22.4              300      0.043193337     -0.083401531      -0.04429793      0.082507566   -0.00011338304   -1.0588303e-05
         21.09375            -22.4              300      0.043189585     -0.083398968     -0.044291712      0.082511418   -0.00011144757   -8.9826863e-06
          21.5625            -22.4              300      0.043185242     -0.083397448     -0.044284675      0.082516849   -0.00010960934   -7.5636708e-06
         22.03125            -22.4              300      0.043180298     -0.083396979     -0.044276815      0.082523853   -0.00010786839   -6.3313091e-06
             22.5            -22.4              300      0.043174751     -0.083397545     -0.044268135      0.082532421   -0.00010622469   -5.2856049e-06
         22.96875            -22.4              300      0.043170176     -0.083396234     -0.044259656      0.082540609    -0.0001038511   -2.7805963e-06
          23.4375            -22.4              300      0.043165132     -0.083395734      -0.04425038       0.08255031   -0.00010147397   -2.5985082e-07
         23.90625            -22.4              300      0.043159425      -0.08339642     -0.044240188      0.082561806   -9.9194818e-05    2.0747157e-06
           24.375            -22.4              300       0.04315304     -0.083398275      -0.04422906      0.082575068   -9.7013617e-05    4.2231222e-06
         24.84375            -22.4              300      0.043149475     -0.083394848       -0.0442206      0.082583301   -9.5479496e-05    5.1897186e-06
          25.3125            -22.4              300      0.043150127     -0.083383061     -0.044219244      0.082577631   -9.2911097e-05    7.3691917e-06
         25.78125            -22.4              300      0.043150339     -0.083371997      -0.04422022      0.082567029   -8.7279346e-05    1.5865688e-05
            26.25            -22.4              300      0.043155707     -0.083351262     -0.044225615      0.082547791   -8.5308027e-05    1.7189494e-05
         26.71875            -22.4              300      0.043160208     -0.083332069     -0.044228878      0.082532614   -8.3820167e-05    1.7682138e-05
          27.1875            -22.4              300      0.043163747      -0.08331462     -0.044229899      0.082521737   -8.2758437e-05    1.7457864e-05
         27.65625            -22.4              300      0.043166324     -0.083298907     -0.044228669      0.082515165   -8.2122846e-05    1.6516675e-05
           28.125            -22.4              300       0.04316793     -0.083284944     -0.044225208      0.082512885   -8.1913378e-05    1.4858573e-05
         28.59375            -22.4              300      0.043168571     -0.083272718     -0.044219494      0.082514904   -8.2130064e-05    1.2483564e-05
          29.0625            -22.4              300      0.043167096     -0.083264261      -0.04421255      0.082519196   -8.2441882e-05    9.5227306e-06
         29.53125            -22.4              300       0.04316292     -0.083260626     -0.044205286      0.082524002   -8.2414997e-05    6.4362403e-06
               30            -22.4              300      0.043157957     -0.083258405     -0.044196237      0.082532302   -8.2475039e-05    3.1837922e-06
         30.46875            -22.4              300      0.043159842     -0.083243035     -0.044197161      0.082521155   -8.1772087e-05    1.9662857e-06
          30.9375            -22.4              300      0.043163244     -0.083224587     -0.044200666      0.082504816   -7.9810743e-05    3.5357621e-06
         31.40625            -22.4              300      0.043165881      -0.08320757     -0.044202182      0.082492329   -7.7860743e-05    5.1144239e-06
           31.875            -22.4              300      0.043167751     -0.083191954     -0.044201698      0.082483672   -7.5922064e-05    6.7022943e-06
         32.34375            -22.4              300       0.04316885      -0.08317776     -0.044199232      0.082478844   -7.3994721e-05    8.2993593e-06
          32.8125            -22.4              300      0.043169182     -0.083164968     -0.044194758       0.08247786   -7.2078707e-05    9.9056106e-06
         33.28125            -22.4              300      0.043168746     -0.083153591     -0.044188291      0.082480714   -7.0174021e-05    1.1521057e-05
            33.75            -22.4              300       0.04316755     -0.083143622     -0.044179834      0.082487404   -6.8280671e-05    1.3145689e-05
         34.21875            -22.4              300      0.043165486     -0.083135121     -0.044170566        0.0824956   -6.5900524e-05    1.5648717e-05
          34.6875            -22.4              300      0.043165207     -0.083122864     -0.044164959      0.082496546   -6.4473425e-05    1.5672553e-05
         35.15625            -22.4              300      0.043168377     -0.083104134     -0.044161376      0.082493424   -6.5883105e-05    9.6470203e-06
           35.625            -22.4              300      0.043171085     -0.083086222     -0.044156924      0.082492039   -6.6880442e-05    4.4377721e-06
         36.09375            -22.4              300      0.043167315     -0.083080009     -0.044150334      0.082494363   -6.6570225e-05    2.6084754e-06
          36.5625            -22.4              300      0.043161619     -0.083077259     -0.044142164      0.082499646   -6.5997512e-05    1.4149164e-06
         37.03125            -22.4              300      0.043155063      -0.08307606      -0.04413259      0.082507618   -6.5353219e-05    3.3130436e-07
             37.5            -22.4              300      0.043147657     -0.083076403     -0.044121623      0.082518265   -6.4637345e-05   -6.4233882e-07
         37.96875            -22.4              300      0.043143738     -0.083070196     -0.044113487      0.082523525   -6.5245011e-05   -4.3109694e-06
          38.4375            -22.4              300      0.043142892     -0.083058268     -0.044107564      0.082524605   -6.7027526e-05   -1.0400005e-05
         38.90625            -22.4              300      0.043140896     -0.083048485     -0.044099707      0.082529455   -6.8630819e-05   -1.6194876e-05
           39.375            -22.4              300      0.043140251      -0.08303608     -0.044093132      0.082531743   -6.7420726e-05   -1.6403321e-05
         39.84375            -22.4              300      0.043139797      -0.08302293     -0.044088952      0.082528993   -6.3344734e-05   -1.0584391e-05
          40.3125            -22.4              300      0.043142714     -0.083003305     -0.044089131       0.08251787    -5.713891e-05   -4.6950211e-07
         40.78125            -22.4              300      0.043144602     -0.082985587     -0.044087742      0.082509845   -5.1064555e-05    9.4000607e-06
            41.25            -22.4              300      0.043147977     -0.082964852     -0.044088993      0.082496539   -4.9429626e-05    1.0094661e-05
         41.71875            -22.4              300      0.043151133     -0.082944416     -0.044089958      0.082483679    -4.960188e-05     6.989575e-06
          42.1875            -22.4              300      0.043152809     -0.082926683      -0.04408852      0.082475446    -4.949333e-05    4.3974496e-06
         42.65625            -22.4              300      0.043153018     -0.082911663     -0.044084679      0.082471848   -4.9103986e-05    2.3182515e-06
           43.125            -22.4              300       0.04315174     -0.082899347     -0.044078439      0.082472861   -4.8433845e-05    7.5199739e-07
         43.59375            -22.4              300      0.043155938     -0.082876563     -0.044078227      0.082462333   -5.1318006e-05   -7.9823703e-06
          44.0625            -22.4              300       0.04316045     -0.082852975     -0.044079226      0.082449302   -5.2932672e-05   -1.3847188e-05
         44.53125            -22.4              300      0.043162819     -0.082833216     -0.044077437       0.08244136   -5.0761329e-05   -1.1578903e-05
               45            -22.4              300      0.043164667      -0.08281444     -0.044073991      0.082436681    -4.857812e-05   -9.2585578e-06
         45.46875            -22.4              300      0.043165199     -0.082798034     -0.044068351      0.082436182   -4.4464006e-05    -3.061765e-06
          45.9375            -22.4              300      0.043163177     -0.082786232     -0.044059705      0.082441367   -3.6464808e-05    1.0843581e-05
         46.40625            -22.4              300      0.043160755     -0.082775131     -0.044050865      0.082446955   -2.9579327e-05    2.2272801e-05
           46.875            -22.4              300      0.043162029     -0.082756802     -0.044049338      0.082438178   -3.0032988e-05    1.8151723e-05
         47.34375            -22.4              300       0.04316289     -0.082739174     -0.044046115      0.082432628   -3.0008572e-05    1.4917377e-05
          47.8125            -22.4              300      0.043163359     -0.082722262     -0.044041216      0.082430296   -2.9506082e-05    1.2569772e-05
         48.28125            -22.4              300      0.043164596     -0.082703628     -0.044040486      0.082420036    -3.090284e-05    6.6999892e-06
            48.75            -22.4              300      0.043164905     -0.082686633     -0.044040926      0.082407638   -3.3099299e-05   -6.8565896e-07
         49.21875            -22.4              300      0.043164343     -0.082671165     -0.044036917      0.082403533   -3.3778553e-05   -4.7329836e-06
          49.6875            -22.4              300       0.04316359     -0.082655907     -0.044027917      0.082408592    -3.328298e-05   -5.9302561e-06
         50.15625            -22.4              300      0.043161616     -0.082642928     -0.044016883      0.082417592    -3.310751e-05    -7.761937e-06
           50.625            -22.4              300      0.043158419     -0.082632229     -0.044003807      0.082430542   -3.3252127e-05   -1.0228026e-05
         51.09375            -22.4              300      0.043153971     -0.082623452     -0.043994151      0.082436904   -3.1193566e-05   -8.7664357e-06
          51.5625            -22.4              300      0.043148141     -0.082617126     -0.043984901      0.082442515   -2.8226548e-05   -5.5983037e-06
         52.03125            -22.4              300      0.043140937     -0.082613349     -0.043974791      0.082449794   -2.4914361e-05   -1.7287807e-06
             52.5            -22.4              300      0.043132346     -0.082612135     -0.043963827      0.082458742   -2.1256992e-05    2.8421462e-06
         52.96875            -22.4              300      0.043122385     -0.082613476     -0.043952018      0.082469344    -1.725441e-05    8.1144999e-06
          53.4375            -22.4              300      0.043111179     -0.082617097     -0.043939348      0.082481608   -1.2908515e-05    1.4088247e-05
         53.90625            -22.4              300      0.043105546     -0.082610331     -0.043925464      0.082496122   -8.3642135e-06    2.0635147e-05
           54.375            -22.4              300      0.043106485     -0.082590804     -0.043923426      0.082487583   -1.1127722e-05    1.2531529e-05
         54.84375            -22.4              300       0.04310764     -0.082570843     -0.043914828      0.082491517   -1.4928218e-05    1.7667137e-06
          55.3125            -22.4              300      0.043114681     -0.082539424     -0.043916393      0.082476296   -1.8328963e-05   -7.9787487e-06
         55.78125            -22.4              300      0.043115336     -0.082519189      -0.04391703      0.082462184    -1.724713e-05   -8.2433253e-06
            56.25            -22.4              300      0.043115437     -0.082499988     -0.043916039      0.082451157   -1.5986003e-05   -8.1884355e-06
         56.71875            -22.4              300      0.043114979     -0.082481831     -0.043913435      0.082443245   -1.4545566e-05   -7.8140738e-06
          57.1875            -22.4              300      0.043113966     -0.082464725     -0.043909222      0.082438439   -1.2925833e-05   -7.1202476e-06
         57.65625            -22.4              300      0.043112397     -0.082448639     -0.043903384       0.08243674   -1.1126789e-05   -6.1069486e-06
           58.125            -22.4              300      0.043110266     -0.082433604     -0.043895926      0.082438134   -9.1484499e-06    -4.774186e-06
         58.59375            -22.4              300      0.043108076     -0.082418695      -0.04388734       0.08244171   -6.9555954e-06   -3.0539318e-06
          59.0625            -22.4              300      0.043109961     -0.082396284     -0.043881722      0.082439646   -4.2648085e-06   -4.0728992e-07
         59.53125            -22.4              300      0.043111175     -0.082375109     -0.043874409      0.082440875   -1.4270837e-06     2.480509e-06
               60            -22.4              300      0.043110926     -0.082356445     -0.043866076      0.082444131   -2.0700847e-07    2.2706563e-06
         60.46875            -22.4              300      0.043109991     -0.082338735     -0.043858826      0.082445435   -8.6766067e-07   -1.5418433e-06
          60.9375            -22.4              300       0.04311293     -0.082313515     -0.043857485      0.082435444    7.9729438e-07   -1.1847993e-06
         61.40625            -22.4              300      0.043112278     -0.082294405      -0.04385573      0.082425766    4.9278867e-07   -4.5352185e-06
           61.875            -22.4              300      0.043111384     -0.082275696     -0.043853156      0.082417637    2.9474154e-07   -7.6880524e-06
         62.34375            -22.4              300      0.043110248      -0.08225739      -0.04384977      0.082411066    2.0313996e-07   -1.0643306e-05
          62.8125            -22.4              300      0.043109141     -0.082238957     -0.043845862       0.08240547    4.3598993e-07   -1.2961666e-05
         63.28125            -22.4              300      0.043109488     -0.082217723     -0.043842938      0.082397908    2.0801317e-06   -1.2457676e-05
            63.75            -22.4              300       0.04310964     -0.082196809     -0.043839205      0.082391895    3.8047965e-06   -1.1816552e-05
         64.21875            -22.4              300      0.043109588     -0.082176201     -0.043834664      0.082387403    5.6099852e-06   -1.1038292e-05
          64.6875            -22.4              300      0.043109335     -0.082155913     -0.043829311      0.082384452    7.4956865e-06   -1.0122889e-05
         65.15625            -22.4              300      0.043108888     -0.082135931     -0.043823149      0.082383014    9.4618999e-06   -9.0703543e-06
           65.625            -22.4              300      0.043108262     -0.082116149     -0.043817054      0.082381576    1.1068333e-05   -8.5564088e-06
         66.09375            -22.4              300      0.043107189     -0.082097106     -0.043811474      0.082379483    1.1685385e-05   -9.5537989e-06
          66.5625            -22.4              300      0.043108467     -0.082072869     -0.043807708      0.082373299    1.3630776e-05   -8.2013066e-06
         67.03125            -22.4              300      0.043113086     -0.082042262     -0.043808278       0.08235883    1.6818169e-05   -4.6536506e-06
             67.5            -22.4              300      0.043117084     -0.082012758     -0.043807704      0.082346581    1.9963187e-05     -1.17849e-06
         67.96875            -22.4              300      0.043120459     -0.081984356     -0.043805964      0.082336567    2.3065826e-05    2.2241704e-06
          68.4375            -22.4              300      0.043123215      -0.08195705     -0.043803073      0.082328789    2.6126094e-05    5.5543528e-06
         68.90625            -22.4              300       0.04312804     -0.081925608     -0.043803204      0.082315117    2.7467842e-05    5.3896783e-06
           69.375            -22.4              300      0.043133024     -0.081893742     -0.043803174      0.082301699    2.8167398e-05    3.9357865e-06
         69.84375            -22.4              300      0.043137461     -0.081862889     -0.043801848      0.082290813     2.865932e-05    2.0809125e-06
          70.3125            -22.4              300      0.043141339     -0.081833012     -0.043799225      0.082282424    2.8943587e-05   -1.7495142e-07
         70.78125            -22.4              300      0.043145359     -0.081802726     -0.043797135      0.082273021    2.9463266e-05   -1.9043741e-06
            71.25            -22.4              300      0.043152645     -0.081765659     -0.043805037      0.082244426    3.2683321e-05    2.0225175e-06
         71.71875            -22.4              300      0.043158077     -0.081732042     -0.043810438      0.082220681    3.5730725e-05    5.5688206e-06
          72.1875            -22.4              300      0.043160632      -0.08170376     -0.043812592      0.082203217    3.8369093e-05    8.2614624e-06
         72.65625            -22.4              300      0.043157909       -0.0816852     -0.043810233      0.082194477    4.0170984e-05    9.3468061e-06
           73.125            -22.4              300      0.043153577     -0.081669651     -0.043806322      0.082188725    4.2064217e-05    1.0746574e-05
         73.59375            -22.4              300      0.043151893     -0.081648998     -0.043798961      0.082189344    4.2060758e-05    8.0573336e-06
          74.0625            -22.4              300      0.043151107     -0.081626602     -0.043788675       0.08219555    4.0329131e-05    1.7772627e-06
         74.53125            -22.4              300      0.043154743     -0.081595778     -0.043787975       0.08218357    4.0132614e-05   -1.4524151e-06
               75            -22.4              300      0.043158289     -0.081565037     -0.043787044      0.082172111     4.005084e-05   -4.5070465e-06
         75.46875            -22.4              300      0.043160714     -0.081536137     -0.043785691      0.082161382    3.9629918e-05   -8.2273682e-06
          75.9375            -22.4              300      0.043161884     -0.081509046     -0.043784842      0.082149424    3.8892154e-05   -1.2552275e-05
         76.40625            -22.4              300      0.043162324     -0.081483118     -0.043783717      0.082138211    3.8752569e-05   -1.6024831e-05
           76.875            -22.4              300      0.043161497     -0.081459284     -0.043782681       0.08212696    3.8857746e-05   -1.9245639e-05
         77.34375            -22.4              300      0.043159828     -0.081436947     -0.043780565      0.082117818    3.8910279e-05   -2.2552023e-05
          77.8125            -22.4              300      0.043157328     -0.081416108     -0.043777362      0.082110763     3.891017e-05   -2.5943986e-05
         78.28125            -22.4              300      0.043153979     -0.081396759     -0.043773081      0.082105815    3.8857434e-05   -2.9421522e-05
            78.75            -22.4              300      0.043149792     -0.081378892     -0.043767709      0.082102977    3.8752019e-05   -3.2984644e-05
         79.21875            -22.4              300      0.043151885     -0.081348978     -0.043767862      0.082089648    3.9425227e-05   -3.4633242e-05
          79.6875            -22.4              300      0.043160677     -0.081306174       -0.0437751      0.082062766    4.1683375e-05   -3.2645163e-05
         80.15625            -22.4              300       0.04316894     -0.081264287     -0.043781564      0.082037397    4.3827717e-05   -3.0866595e-05
           80.625            -22.4              300      0.043176666     -0.081223324     -0.043787263      0.082013533    4.5858305e-05   -2.9297546e-05
         81.09375            -22.4              300      0.043183863      -0.08118327     -0.043792196      0.081991166    4.7775065e-05   -2.7938015e-05
          81.5625            -22.4              300      0.043190517     -0.081144124     -0.043796353      0.081970289    4.9578084e-05   -2.6787995e-05
         82.03125            -22.4              300      0.043196648     -0.081105895     -0.043799739      0.081950918     5.126727e-05    -2.584749e-05
             82.5            -22.4              300      0.043201245       -0.0810702     -0.043801721      0.081934184    5.4134311e-05   -2.2433074e-05
         82.96875            -22.4              300      0.043202743      -0.08104001      -0.04380019      0.081924163    5.9292557e-05   -1.4273301e-05
          83.4375            -22.4              300      0.043202959     -0.081012301     -0.043797761      0.081916057    6.4155618e-05   -6.7991223e-06
         83.90625            -22.4              300      0.043204814     -0.080980957     -0.043805059      0.081889629    6.6558314e-05   -4.6574642e-06
           84.375            -22.4              300       0.04320595     -0.080950916     -0.043810949      0.081866011    6.9050519e-05   -2.3461612e-06
         84.84375            -22.4              300      0.043206364     -0.080922209     -0.043815423      0.081845202    7.1632254e-05     1.347924e-07
          85.3125            -22.4              300      0.043206044     -0.080894805     -0.043818485      0.081827201    7.4303476e-05     2.785381e-06
         85.78125            -22.4              300      0.043206464     -0.080865875      -0.04382164      0.081809022     7.629778e-05     3.943946e-06
            86.25            -22.4              300      0.043213598     -0.080823563     -0.043830886      0.081778653     7.475556e-05   -2.6470511e-06
         86.71875            -22.4              300      0.043220516     -0.080781594     -0.043838881      0.081750721    7.3580472e-05   -8.5666834e-06
          87.1875            -22.4              300      0.043227226      -0.08073999     -0.043845624       0.08172521    7.2772498e-05   -1.3814939e-05
         87.65625            -22.4              300      0.043230087     -0.080705337     -0.043846495      0.081711113    7.2755516e-05   -1.6613028e-05
           88.125            -22.4              300      0.043229681     -0.080676682     -0.043843504      0.081704579    7.2565497e-05   -1.9194636e-05
         88.59375            -22.4              300      0.043227874     -0.080650605     -0.043839343      0.081700362     7.178048e-05   -2.2923836e-05
          89.0625            -22.4              300      0.043229844     -0.080616854     -0.043848637      0.081670441    7.3180199e-05   -2.3039225e-05
         89.53125            -22.4              300      0.043231692     -0.080583096     -0.043860812      0.081635021      7.52751e-05   -2.1950375e-05
               90            -22.4              300      0.043232106     -0.080551989     -0.043871935      0.081601657    7.7454679e-05   -2.0649102e-05
         90.46875            -22.4              300      0.043234821     -0.080516174     -0.043884903      0.081564836     7.940155e-05   -1.9441535e-05
          90.9375            -22.4              300      0.043239694     -0.080476075     -0.043899182      0.081525624     8.113651e-05   -1.8518091e-05
         91.40625            -22.4              300      0.043252356     -0.080421105     -0.043915834      0.081481934    8.1386584e-05   -2.0930574e-05
           91.875            -22.4              300      0.043263637     -0.080368772     -0.043930441      0.081442356    8.1896636e-05   -2.2896293e-05
         92.34375            -22.4              300      0.043273516     -0.080319062     -0.043942995      0.081406891    8.2666666e-05   -2.4415238e-05
          92.8125            -22.4              300      0.043280311     -0.080274552     -0.043960109      0.081362486    8.6577274e-05   -1.8621762e-05
         93.28125            -22.4              300      0.043290824     -0.080222584     -0.043982074      0.081308633    9.2322764e-05   -9.1908178e-06
            93.75            -22.4              300      0.043300353     -0.080172375     -0.044003107      0.081256732    9.8075703e-05    2.7043802e-07
         94.21875            -22.4              300      0.043308903     -0.080123939     -0.044023193      0.081206791    0.00010383598     9.762005e-06
          94.6875            -22.4              300      0.043317899     -0.080074415     -0.044043031      0.081157342    0.00010769327    1.5116124e-05
         95.15625            -22.4              300      0.043329224     -0.080020048     -0.044063263      0.081106924    0.00010746608    1.1501952e-05
           95.625            -22.4              300      0.043339834      -0.07996697     -0.044082243      0.081058994    0.00010744177    8.2355182e-06
         96.09375            -22.4              300      0.043349728     -0.079915188     -0.044099964      0.081013545     0.0001076204    5.3168214e-06
          96.5625            -22.4              300      0.043358885     -0.079864562     -0.044118509      0.080966637    0.00010793161    2.8012037e-06
         97.03125            -22.4              300      0.043367263     -0.079814777     -0.044144489      0.080905631    0.00010793163    5.4035991e-07
             97.5            -22.4              300      0.043374918     -0.079766415     -0.044167794      0.080849931    0.00010781176   -1.9632462e-06
         97.96875            -22.4              300      0.043382481     -0.079718165     -0.044189747       0.08079692    0.00010761875    -4.719408e-06
          98.4375            -22.4              300      0.043395519     -0.079658352     -0.044222251       0.08072304    0.00010799745   -7.3294436e-06
         98.90625            -22.4              300      0.043408308     -0.079598926     -0.044253334      0.080651969    0.00010871587   -9.3044782e-06
           99.375            -22.4              300      0.043414261       -0.0795523     -0.044281162      0.080587372    0.00011018509   -8.7832132e-06
         99.84375            -22.4              300      0.043419477     -0.079506919     -0.044308547      0.080523714    0.00011167136   -8.1871422e-06
         100.3125            -22.4              300      0.043424342     -0.079462111     -0.044335615       0.08046072     0.0001131428   -7.6365204e-06
        100.78125            -22.4              300      0.043428842     -0.079417884     -0.044362374      0.080398403    0.00011459938   -7.1313457e-06
           101.25            -22.4              300      0.043432981     -0.079374239     -0.044388816      0.080336757    0.00011604115   -6.6716207e-06
        101.71875            -22.4              300      0.043436762     -0.079331174     -0.044414956      0.080275789    0.00011746808   -6.2573449e-06
         102.1875            -22.4              300      0.043440182     -0.079288684     -0.044440776      0.080215499    0.00011888015   -5.8885162e-06
        102.65625            -22.4              300       0.04344324     -0.079246767     -0.044466283      0.080155879    0.00012027741   -5.5651399e-06
          103.125            -22.4              300      0.043452058     -0.079193108     -0.044495881      0.080088429    0.00012161269   -5.2899909e-06
        103.59375            -22.4              300      0.043463685     -0.079133645     -0.044530056      0.080012009    0.00012270635   -5.5320761e-06
         104.0625            -22.4              300      0.043480489     -0.079063594     -0.044573911      0.079916358    0.00012458897   -3.9684073e-06
        104.53125            -22.4              300       0.04350061     -0.078985929     -0.044634037      0.079787441    0.00012644233   -2.5381503e-06
              105            -22.4              300      0.043519907     -0.078909718     -0.044693604      0.079659648    0.00012758918   -2.6947478e-06
