           x [mm]           y [mm]           z [mm]       ExRe [V/m]       ExIm [V/m]       EyRe [V/m]       EyIm [V/m]       EzRe [V/m]       EzIm [V/m]
---------------------------------------------------------------------------------------------------------------------------------------------------------
             -105            -22.4              300     0.0021477211    -0.0015342655     0.0011445228    -0.0020347331      0.040527709      0.017694738
       -104.53125            -22.4              300     0.0025716107    -0.0013465211     0.0011114683    -0.0020039985      0.031668536      0.012822254
        -104.0625            -22.4              300     0.0029854532    -0.0011655102     0.0010750154    -0.0019780714      0.022861978       0.00800703
       -103.59375            -22.4              300     0.0033892328   -0.00099124992     0.0010351436     -0.001956963      0.014108032     0.0032490732
         -103.125            -22.4              300     0.0037829534   -0.00082373252     0.0009918554    -0.0019406689     0.0054066977    -0.0014516235
       -102.65625            -22.4              300     0.0029970801    -0.0012854098     0.0011293013    -0.0018193813    -0.0023347121    -0.0055931099
        -102.1875            -22.4              300     0.0017601894    -0.0019625351     0.0011945553    -0.0017449567    -0.0099385995    -0.0096464418
       -101.71875            -22.4              300     0.0017193265    -0.0020232461     0.0012236774    -0.0017055782     -0.016680041     -0.013244274
          -101.25            -22.4              300     0.0017975194    -0.0020266848     0.0014480132    -0.0015469664     -0.023492033     -0.016862987
       -100.78125            -22.4              300      0.001909541    -0.0020140889      0.001770267     -0.001327358      -0.03034053      -0.02048617
        -100.3125            -22.4              300     0.0019677323    -0.0020286145     0.0020612846     -0.001125092      -0.03716138     -0.024078513
        -99.84375            -22.4              300       0.00200467    -0.0020510727     0.0021697371    -0.0010219614     -0.044038318     -0.027677845
          -99.375            -22.4              300     0.0020360248     -0.002075437     0.0021810383   -0.00097085116     -0.050879128     -0.031240074
        -98.90625            -22.4              300     0.0020522941    -0.0021079276     0.0021704827   -0.00093087787     -0.057633411     -0.034741942
         -98.4375            -22.4              300      0.002053407    -0.0021485817     0.0021380084    -0.0009020702      -0.06430117     -0.038183451
        -97.96875            -22.4              300     0.0020394009     -0.002197383      0.002083655   -0.00088441605     -0.070882395     -0.041564599
            -97.5            -22.4              300     0.0026020715    -0.0019407179     0.0021795244   -0.00080499356     -0.076566242     -0.044443127
        -97.03125            -22.4              300     0.0032191314    -0.0016611814     0.0022924533   -0.00071815727     -0.082113683     -0.047237843
         -96.5625            -22.4              300     0.0035142694    -0.0015388411     0.0022038389   -0.00073694903     -0.087472849      -0.04993118
        -96.09375            -22.4              300     0.0036660731     -0.001484938     0.0019666227   -0.00083660847     -0.092652105     -0.052527256
          -95.625            -22.4              300     0.0038611246    -0.0014117099     0.0016899523    -0.0009601831     -0.097735852     -0.055066831
        -95.15625            -22.4              300     0.0038106889     -0.001467146      0.001418516    -0.0010860683      -0.10258625     -0.057475381
         -94.6875            -22.4              300       0.00352709     -0.001640467     0.0011583436    -0.0012071701      -0.10724056       -0.0597702
        -94.21875            -22.4              300     0.0032407343    -0.0018122504    0.00087608676    -0.0013383762      -0.11181798     -0.062014889
           -93.75            -22.4              300      0.002951608    -0.0019824975    0.00057174172    -0.0014796942      -0.11631849     -0.064209431
        -93.28125            -22.4              300     0.0026596927    -0.0021512224    0.00024529686    -0.0016311281      -0.12074215     -0.066353843
         -92.8125            -22.4              300     0.0023649982    -0.0023184184    -0.0001032541    -0.0017926774      -0.12508886     -0.068448104
        -92.34375            -22.4              300      0.002209947    -0.0024246569    -0.0001984369     -0.001806021      -0.12932239     -0.070487373
          -91.875            -22.4              300     0.0025013196    -0.0023153776   -0.00037473158    -0.0018618896      -0.13329956     -0.072415538
        -91.40625            -22.4              300     0.0027692025    -0.0022217585   -0.00026204938    -0.0017613033      -0.13735658     -0.074376695
         -90.9375            -22.4              300     0.0030209282    -0.0021349217   -6.6652428e-05    -0.0016222559      -0.14135469      -0.07629443
        -90.46875            -22.4              300       0.00325653     -0.002054852    0.00021147449    -0.0014447303      -0.14529392     -0.078168735
              -90            -22.4              300     0.0034760293    -0.0019815327    0.00057234708    -0.0012287209      -0.14917421     -0.079999596
        -89.53125            -22.4              300     0.0036793612    -0.0019150041     0.0010159239   -0.00097425329      -0.15299562      -0.08178705
         -89.0625            -22.4              300     0.0039072307    -0.0018367689     0.0010185454   -0.00095982017       -0.1568471     -0.083559476
        -88.59375            -22.4              300     0.0036255051    -0.0019969265    0.00094486226   -0.00097997533      -0.16042012     -0.085189208
          -88.125            -22.4              300     0.0034131715    -0.0021316307    0.00095553836    -0.0009390132      -0.16372855     -0.086712278
        -87.65625            -22.4              300     0.0033783833    -0.0021890257     0.0010896752   -0.00082203292       -0.1668186     -0.088144764
         -87.1875            -22.4              300     0.0033909641    -0.0022222679     0.0012693126   -0.00068566389      -0.16987047     -0.089551322
        -86.71875            -22.4              300     0.0033834279    -0.0022537503      0.001239663   -0.00068327505      -0.17276752     -0.090868793
           -86.25            -22.4              300     0.0034463881    -0.0022463016     0.0012617959   -0.00065518636      -0.17561942     -0.092159927
        -85.78125            -22.4              300     0.0035798373    -0.0021999315     0.0013356903   -0.00060140109      -0.17842618     -0.093424723
         -85.3125            -22.4              300     0.0037837871    -0.0021146247     0.0014613667   -0.00052191701      -0.18118778     -0.094663173
        -84.84375            -22.4              300     0.0040582223    -0.0019903923     0.0016388176   -0.00041673571      -0.18390428     -0.095875286
          -84.375            -22.4              300     0.0041779443    -0.0019316041    0.00093964429   -0.00077533559      -0.18626757     -0.096890964
        -83.90625            -22.4              300     0.0042156763    -0.0019402696    0.00084595091   -0.00080461823      -0.18894096     -0.098090775
         -83.4375            -22.4              300     0.0042365524    -0.0019633402    0.00087728398   -0.00076656148      -0.19159766     -0.099284157
        -82.96875            -22.4              300     0.0042564301    -0.0019892296     0.0009308788    -0.0007173263      -0.19417545       -0.1004343
            -82.5            -22.4              300     0.0042752819    -0.0020179506     0.0010067197   -0.00065691723      -0.19667435       -0.1015412
        -82.03125            -22.4              300     0.0042931251    -0.0020494899     0.0011048177   -0.00058533112      -0.19909433      -0.10260486
         -81.5625            -22.4              300     0.0043099467    -0.0020838585     0.0012251632    -0.0005025696      -0.20143539      -0.10362528
        -81.09375            -22.4              300      0.004325781    -0.0021210443     0.0013677776   -0.00040862523      -0.20369752      -0.10460246
          -80.625            -22.4              300     0.0041086376    -0.0022593699     0.0016651172   -0.00023548771      -0.20568915      -0.10544194
        -80.15625            -22.4              300     0.0038893763    -0.0023953049     0.0019555474   -6.4822845e-05      -0.20764948      -0.10626037
         -79.6875            -22.4              300     0.0036742203    -0.0025261547     0.0022350526     0.0001013272      -0.20958433      -0.10706061
        -79.21875            -22.4              300     0.0035339284     -0.002618249     0.0024848608     0.0002532205      -0.21145177      -0.10782234
           -78.75            -22.4              300     0.0037720706    -0.0025314968     0.0025572302    0.00031297002      -0.21306455      -0.10846568
        -78.28125            -22.4              300     0.0038931407    -0.0024950178     0.0024249554    0.00026052399      -0.21475175      -0.10917661
         -77.8125            -22.4              300     0.0040057218    -0.0024615647     0.0022972506    0.00021022977      -0.21646641      -0.10989802
        -77.34375            -22.4              300     0.0041097812    -0.0024311547     0.0021740934    0.00016208086      -0.21820857       -0.1106299
          -76.875            -22.4              300     0.0042052832    -0.0024038067     0.0020554564    0.00011606119      -0.21997821      -0.11137226
        -76.40625            -22.4              300     0.0042922795    -0.0023794896     0.0019413796     7.218984e-05      -0.22177537      -0.11212511
         -75.9375            -22.4              300     0.0043646232    -0.0023876107     0.0018270533    2.4332228e-05      -0.22355521      -0.11284667
        -75.46875            -22.4              300     0.0044310521    -0.0023754954     0.0016393403   -8.4683765e-05      -0.22523127      -0.11352941
              -75            -22.4              300     0.0044517373    -0.0023626173      0.001396741   -0.00024304545      -0.22683346      -0.11418913
        -74.53125            -22.4              300     0.0044830544    -0.0023688129     0.0012636408   -0.00031957799      -0.22834158      -0.11481703
         -74.0625            -22.4              300     0.0044948636    -0.0023981733     0.0011867341   -0.00034949696      -0.22976977      -0.11541563
        -73.59375            -22.4              300     0.0044600293    -0.0024475651     0.0011014529    -0.0003822851       -0.2311559      -0.11599372
          -73.125            -22.4              300     0.0043785372    -0.0025170003     0.0010078022   -0.00041793892      -0.23249987      -0.11655125
        -72.65625            -22.4              300     0.0043917298    -0.0025540758    0.00096779037   -0.00041013863       -0.2332525      -0.11677215
         -72.1875            -22.4              300     0.0043254006    -0.0026407787     0.0010397437   -0.00035458326       -0.2338071      -0.11688937
        -71.71875            -22.4              300     0.0044879699    -0.0025605699     0.0011272158   -0.00029529876       -0.2352294      -0.11751646
           -71.25            -22.4              300     0.0046519106    -0.0024810457     0.0012216568   -0.00023106765      -0.23671123      -0.11816643
        -70.78125            -22.4              300      0.004795149    -0.0024175979     0.0013265889   -0.00016027503      -0.23818442      -0.11879933
         -70.3125            -22.4              300     0.0049176626    -0.0023702374     0.0014420012   -8.2922168e-05      -0.23964891      -0.11941513
        -69.84375            -22.4              300     0.0049843201     -0.002359475     0.0016028748    1.5082536e-05       -0.2408224      -0.11986416
          -69.375            -22.4              300     0.0050259754    -0.0023600068     0.0017642237    0.00011116482      -0.24188423      -0.12025142
        -68.90625            -22.4              300     0.0049687633    -0.0024230902     0.0017338614    0.00010236353        -0.243232      -0.12080653
         -68.4375            -22.4              300     0.0048892358    -0.0025002935      0.001684899    8.2293991e-05      -0.24460134      -0.12137669
        -67.96875            -22.4              300      0.004797155     -0.002585114     0.0016386234    6.2491279e-05      -0.24595678      -0.12194128
            -67.5            -22.4              300     0.0045018396    -0.0027550876     0.0016356104    5.3972006e-05      -0.24697956       -0.1223267
        -67.03125            -22.4              300     0.0043828022    -0.0028372034     0.0016823462     8.219335e-05      -0.24777415      -0.12259408
         -66.5625            -22.4              300     0.0045020087    -0.0028080437     0.0017426331     0.0001286543      -0.24831524      -0.12273344
        -66.09375            -22.4              300     0.0046079829    -0.0027846387     0.0017741681    0.00016128458      -0.24884865       -0.1228781
          -65.625            -22.4              300     0.0047006831     -0.002767005     0.0017769197    0.00018007075      -0.24937436      -0.12302805
        -65.15625            -22.4              300      0.004780136    -0.0027551316     0.0017509079     0.0001850198      -0.24989229      -0.12318331
         -64.6875            -22.4              300     0.0048463587    -0.0027490165     0.0016961424    0.00017613731      -0.25040257      -0.12334386
        -64.21875            -22.4              300     0.0048992876    -0.0027486794     0.0016125841    0.00015340373       -0.2509051      -0.12350971
           -63.75            -22.4              300     0.0049319314    -0.0027754651     0.0019289374     0.0003348467      -0.25149569      -0.12370972
        -63.28125            -22.4              300     0.0049060918    -0.0028500129     0.0025339627    0.00066497846       -0.2520996      -0.12390239
         -62.8125            -22.4              300     0.0051889201    -0.0027233346     0.0027318518    0.00075493148      -0.25287342      -0.12420748
        -62.34375            -22.4              300      0.005467976     -0.002591931     0.0028737476    0.00080897892      -0.25365394      -0.12450777
          -61.875            -22.4              300     0.0057110721    -0.0024763565     0.0029941578    0.00084755721      -0.25442195      -0.12479062
        -61.40625            -22.4              300     0.0058198641    -0.0024136859     0.0025528474    0.00059804809      -0.25528052      -0.12511954
         -60.9375            -22.4              300     0.0058180476    -0.0023914401     0.0016984774    0.00013232569      -0.25606996      -0.12540939
        -60.46875            -22.4              300     0.0057536932    -0.0024084034     0.0010725911   -0.00020940899       -0.2566995      -0.12561776
              -60            -22.4              300     0.0055436115    -0.0025556795     0.0011975504   -0.00010711854      -0.25734723      -0.12587811
        -59.53125            -22.4              300     0.0053210477    -0.0027157075      0.001232923   -5.1016745e-05      -0.25794536      -0.12610649
         -59.0625            -22.4              300     0.0050860625    -0.0028884718     0.0011787509   -4.1082443e-05      -0.25849378      -0.12630284
        -58.59375            -22.4              300     0.0052608955    -0.0028718156     0.0018853806    0.00035596464      -0.25940034      -0.12667096
          -58.125            -22.4              300     0.0053784624    -0.0028720372     0.0023960797    0.00064064446      -0.26010713      -0.12692887
        -57.65625            -22.4              300     0.0054753907    -0.0028256648      0.002270435    0.00055185752      -0.26056617      -0.12708865
         -57.1875            -22.4              300      0.005606994    -0.0027598757     0.0020938786    0.00043585245      -0.26101479      -0.12725097
        -56.71875            -22.4              300     0.0057575256    -0.0026729982     0.0018430999    0.00029252539      -0.26133856      -0.12734982
           -56.25            -22.4              300     0.0059130993    -0.0025725835     0.0014059723    6.5131695e-05      -0.26147431      -0.12734109
        -55.78125            -22.4              300     0.0060378239    -0.0025077909    0.00081438571   -0.00023819134      -0.26190257        -0.127496
         -55.3125            -22.4              300     0.0060785972    -0.0025210977    0.00019752979    -0.0005510468      -0.26272231      -0.12787372
        -54.84375            -22.4              300     0.0060912436    -0.0025690966   -0.00045153778   -0.00089137396      -0.26352254      -0.12824184
          -54.375            -22.4              300     0.0059742173    -0.0026687407   -0.00017616339   -0.00074795005      -0.26372418      -0.12826309
        -53.90625            -22.4              300     0.0058734734    -0.0027518831      0.000363186   -0.00044301338      -0.26382279       -0.1282213
         -53.4375            -22.4              300     0.0058376566    -0.0028037485    0.00081709027   -0.00015863962      -0.26404426      -0.12824738
        -52.96875            -22.4              300     0.0058912071    -0.0028289396     0.0012473925    8.3377148e-05      -0.26487944      -0.12861139
            -52.5            -22.4              300      0.005964152    -0.0028468701     0.0015519897    0.00024040512      -0.26588157      -0.12906732
        -52.03125            -22.4              300     0.0059961225    -0.0028707278     0.0016784137    0.00028142298      -0.26665226      -0.12940015
         -51.5625            -22.4              300     0.0059677791    -0.0029028831     0.0017221598    0.00025646342      -0.26709619      -0.12956284
        -51.09375            -22.4              300     0.0060465429    -0.0028520823     0.0016825153    0.00025052065        -0.267198      -0.12952954
          -50.625            -22.4              300     0.0061130654    -0.0028142966     0.0016300455    0.00023999438      -0.26730692       -0.1295107
        -50.15625            -22.4              300     0.0061650127    -0.0027912976     0.0015662694    0.00022447063      -0.26743022      -0.12951061
         -49.6875            -22.4              300     0.0062024184    -0.0027830582      0.001491203    0.00020394893      -0.26756787       -0.1295293
        -49.21875            -22.4              300     0.0062252656    -0.0027895914     0.0014048442    0.00017843628      -0.26771992      -0.12956673
           -48.75            -22.4              300     0.0062335953    -0.0028108759     0.0013072109    0.00014793873      -0.26788631      -0.12962291
        -48.28125            -22.4              300     0.0062766816    -0.0028330653     0.0012744553    0.00013969754      -0.26811993      -0.12968308
         -47.8125            -22.4              300     0.0063239355    -0.0028513307     0.0012161788    9.7872224e-05      -0.26852277      -0.12982562
        -47.34375            -22.4              300     0.0063416231    -0.0028740084     0.0010942761    1.1631753e-05      -0.26909685      -0.13007259
          -46.875            -22.4              300     0.0063433107    -0.0029014917    0.00096972985   -7.3852716e-05      -0.26968518      -0.13032679
        -46.40625            -22.4              300     0.0063440367    -0.0029246241    0.00085605006   -0.00014888549      -0.27024093      -0.13056384
         -45.9375            -22.4              300     0.0064798133    -0.0028660221    0.00086123287   -0.00013693218      -0.27037644      -0.13058478
        -45.46875            -22.4              300     0.0066196341    -0.0028098396     0.0008562142   -0.00013114989      -0.27052671      -0.13061865
              -45            -22.4              300     0.0067635295    -0.0027560731    0.00084100431   -0.00013153511      -0.27069169      -0.13066542
        -44.53125            -22.4              300     0.0069114696    -0.0027047307    0.00081559317   -0.00013809185      -0.27087143      -0.13072512
         -44.0625            -22.4              300     0.0070634815    -0.0026558009    0.00077999104   -0.00015081698      -0.27106589      -0.13079771
        -43.59375            -22.4              300     0.0070070876    -0.0027140018    0.00070443889    -0.0001894522      -0.27114552      -0.13079123
          -43.125            -22.4              300     0.0069119893    -0.0027870601    0.00060899463   -0.00023873989      -0.27123514       -0.1307897
        -42.65625            -22.4              300     0.0068064295    -0.0028604902    0.00049737096   -0.00029608887      -0.27135333      -0.13080601
         -42.1875            -22.4              300     0.0067614042    -0.0029072305    0.00059716427   -0.00024458941      -0.27146628      -0.13082673
        -41.71875            -22.4              300     0.0067816838    -0.0029290665    0.00097147864   -5.1612733e-05      -0.27159399      -0.13085663
           -41.25            -22.4              300     0.0067977393    -0.0029481654      0.001326408    0.00013601428      -0.27179566      -0.13092141
        -40.78125            -22.4              300     0.0068222894    -0.0029556528     0.0015422135    0.00026537801      -0.27203169      -0.13100518
         -40.3125            -22.4              300     0.0068506431    -0.0029677395     0.0017785239    0.00041090185       -0.2722306      -0.13106993
        -39.84375            -22.4              300     0.0068828408    -0.0029844032     0.0020353615    0.00057259511      -0.27239233      -0.13111563
          -39.375            -22.4              300     0.0069188355    -0.0030056736     0.0023126968    0.00075044192      -0.27251691      -0.13114229
        -38.90625            -22.4              300     0.0070197759     -0.002964983     0.0022051889    0.00070569012      -0.27277797        -0.131255
         -38.4375            -22.4              300     0.0071136355    -0.0029317122     0.0020982772    0.00065701758       -0.2730211      -0.13135964
        -37.96875            -22.4              300     0.0071974788    -0.0029088734     0.0020097485    0.00061471248       -0.2732389      -0.13145173
            -37.5            -22.4              300     0.0072712991    -0.0028964821     0.0019395901    0.00057877507      -0.27343133      -0.13153124
        -37.03125            -22.4              300     0.0073351227    -0.0028945217     0.0018878281    0.00054921536      -0.27359843       -0.1315982
         -36.5625            -22.4              300     0.0073890276    -0.0029014023     0.0018590493     0.0005280422      -0.27373487      -0.13164873
        -36.09375            -22.4              300     0.0074425172    -0.0028936528     0.0018746592    0.00052648876       -0.2737909      -0.13165298
          -35.625            -22.4              300     0.0074839899    -0.0028938032     0.0018162763    0.00048228947      -0.27388683      -0.13168037
        -35.15625            -22.4              300     0.0074782604    -0.0029304861     0.0014686177      0.000262591      -0.27421173      -0.13179845
         -34.6875            -22.4              300     0.0075881924    -0.0028810743     0.0012409794    0.00013951607       -0.2745043      -0.13195002
        -34.21875            -22.4              300     0.0075505851    -0.0029304279     0.0012618448    0.00013488368      -0.27482617      -0.13209751
           -33.75            -22.4              300     0.0074668294     -0.003001818     0.0013337224     0.0001544191      -0.27519414      -0.13225999
        -33.28125            -22.4              300     0.0073665679    -0.0030741589     0.0014072927    0.00017494871      -0.27560985      -0.13244161
         -32.8125            -22.4              300     0.0074002044    -0.0030822582     0.0013066465    0.00011618668      -0.27564904      -0.13244677
        -32.34375            -22.4              300      0.007505687    -0.0030520596       0.00111971    1.5348196e-05      -0.27553606      -0.13238294
          -31.875            -22.4              300     0.0076318835    -0.0030055735    0.00090876548   -9.9609257e-05      -0.27542299      -0.13232099
        -31.40625            -22.4              300     0.0077787461    -0.0029428173    0.00067379361   -0.00022869493      -0.27530989      -0.13226087
         -30.9375            -22.4              300     0.0079463031    -0.0028637906    0.00041479862   -0.00037190592      -0.27519676      -0.13220258
        -30.46875            -22.4              300     0.0080685727    -0.0028352365    0.00055904314   -0.00028931815      -0.27542055      -0.13231196
              -30            -22.4              300     0.0081439614    -0.0028545074    0.00096042827    -5.289726e-05      -0.27585492      -0.13251057
        -29.53125            -22.4              300     0.0082157627    -0.0028767344     0.0012972485    0.00015939958      -0.27624297      -0.13266778
         -29.0625            -22.4              300     0.0083060525    -0.0028555505     0.0015012342    0.00027701631      -0.27623647      -0.13266474
        -28.59375            -22.4              300     0.0084195696    -0.0028127646     0.0017045606    0.00038786512      -0.27619803      -0.13265242
          -28.125            -22.4              300     0.0085546002    -0.0027543632     0.0019233199    0.00050504785        -0.276187      -0.13265304
        -27.65625            -22.4              300     0.0087111238     -0.002680358     0.0021575056    0.00062855752      -0.27620348      -0.13266665
         -27.1875            -22.4              300     0.0085792299      -0.00276512     0.0017827717    0.00041730294      -0.27649635      -0.13282076
        -26.71875            -22.4              300      0.008370541    -0.0028890208     0.0012843416    0.00014098571      -0.27685624      -0.13300242
           -26.25            -22.4              300     0.0081715696    -0.0030033076    0.00084374833   -0.00010064077      -0.27720886       -0.1331728
        -25.78125            -22.4              300     0.0081282239    -0.0030341698    0.00064332085   -0.00019145501      -0.27729118      -0.13318717
         -25.3125            -22.4              300     0.0081223231    -0.0030553015    0.00053473283   -0.00023013819      -0.27725285      -0.13314107
        -24.84375            -22.4              300     0.0081001762    -0.0030959044    0.00045080855   -0.00026009232      -0.27718145      -0.13308455
          -24.375            -22.4              300     0.0080522094    -0.0031600192    0.00063285732   -0.00015341255      -0.27700764      -0.13297796
        -23.90625            -22.4              300     0.0079967603    -0.0032324491     0.0010377526    6.9843452e-05      -0.27672207      -0.13281059
         -23.4375            -22.4              300     0.0079679303    -0.0032915028     0.0014390973     0.0002898206      -0.27641353      -0.13263233
        -22.96875            -22.4              300     0.0081159975    -0.0032363276     0.0013296523    0.00023422355      -0.27642876      -0.13264371
            -22.5            -22.4              300     0.0082653975    -0.0031785108     0.0011916013    0.00016307028      -0.27642056        -0.132643
        -22.03125            -22.4              300     0.0084160771    -0.0031180817     0.0010249007    7.6341385e-05      -0.27638903      -0.13263017
         -21.5625            -22.4              300     0.0085681193    -0.0030549879    0.00082960946   -2.5932866e-05      -0.27633408      -0.13260525
        -21.09375            -22.4              300     0.0086517138    -0.0030153396    0.00073460373   -7.7091972e-05      -0.27638158      -0.13262339
          -20.625            -22.4              300     0.0086624511    -0.0030094367    0.00072067324   -8.6527783e-05      -0.27650979      -0.13267531
        -20.15625            -22.4              300     0.0086738113    -0.0030120704    0.00068345387   -0.00010909373      -0.27661407       -0.1327195
         -19.6875            -22.4              300     0.0086857937    -0.0030232398    0.00062296353     -0.000144789      -0.27669436      -0.13275596
        -19.21875            -22.4              300     0.0086983182    -0.0030429848    0.00053913519   -0.00019364059      -0.27675071      -0.13278469
           -18.75            -22.4              300     0.0087114759    -0.0030712616    0.00043202378   -0.00025562104      -0.27678317      -0.13280573
        -18.28125            -22.4              300     0.0087252855    -0.0031080544    0.00030165911    -0.0003307201      -0.27679166      -0.13281903
         -17.8125            -22.4              300     0.0088704312    -0.0030636014    0.00034433787   -0.00032448373      -0.27683952      -0.13285445
        -17.34375            -22.4              300     0.0090063848    -0.0030165797    0.00057030423   -0.00021954172      -0.27704418      -0.13296643
          -16.875            -22.4              300     0.0091309389    -0.0029698685    0.00080723315   -0.00010911562      -0.27725413      -0.13307352
        -16.40625            -22.4              300     0.0092440974     -0.002923457     0.0010551093    6.7828223e-06      -0.27746943      -0.13317572
         -15.9375            -22.4              300     0.0091146361    -0.0030065628    0.00064046221   -0.00022400259      -0.27790642      -0.13339384
        -15.46875            -22.4              300     0.0090599023    -0.0030549509    0.00045391941    -0.0003239431      -0.27809417       -0.1334753
              -15            -22.4              300       0.00907344    -0.0030729361    0.00045939535   -0.00031510904      -0.27812129      -0.13347808
        -14.53125            -22.4              300     0.0090867709    -0.0030939188    0.00051884167   -0.00027894834       -0.2781491      -0.13348639
         -14.0625            -22.4              300     0.0090998001     -0.003117945    0.00063218456   -0.00021549501      -0.27817771      -0.13350025
        -13.59375            -22.4              300     0.0091407495     -0.003133602    0.00070094399   -0.00016331731      -0.27828819      -0.13357109
          -13.125            -22.4              300     0.0091852406     -0.003144721    0.00076626823   -0.00011521147       -0.2784048      -0.13364205
        -12.65625            -22.4              300     0.0092309238    -0.0031519972    0.00083457306   -6.9030793e-05      -0.27852055      -0.13370833
         -12.1875            -22.4              300     0.0092778122    -0.0031554182    0.00090586627   -2.4767825e-05      -0.27863553      -0.13376994
        -11.71875            -22.4              300     0.0093258871    -0.0031550098    0.00098013924    1.7568469e-05      -0.27874961      -0.13382688
           -11.25            -22.4              300     0.0093751494    -0.0031507537     0.0010573925    5.7983212e-05      -0.27886289      -0.13387915
        -10.78125            -22.4              300     0.0094256084    -0.0031426502      0.001137631    9.6473843e-05      -0.27897531      -0.13392672
         -10.3125            -22.4              300     0.0094502745    -0.0031436947     0.0011863926    0.00012165913      -0.27903539      -0.13392872
         -9.84375            -22.4              300     0.0094190435    -0.0031719939     0.0011354827    0.00010422643      -0.27902409      -0.13385209
           -9.375            -22.4              300      0.009494273    -0.0031418409    0.00094382465   -2.6188791e-05      -0.27900732       -0.1338498
         -8.90625            -22.4              300     0.0095554516    -0.0031267796    0.00087903813   -7.4266922e-05      -0.27892011      -0.13382593
          -8.4375            -22.4              300     0.0096067227    -0.0031157071    0.00081135519   -0.00012025936      -0.27881485      -0.13379417
         -7.96875            -22.4              300      0.009648053    -0.0031086388     0.0007407628   -0.00016418146      -0.27869156      -0.13375454
             -7.5            -22.4              300     0.0096793929    -0.0031056008    0.00066722138   -0.00020605139      -0.27855018      -0.13370703
         -7.03125            -22.4              300     0.0097007947    -0.0031065685     0.0005907747    -0.0002458425      -0.27839077      -0.13365166
          -6.5625            -22.4              300     0.0097082928    -0.0031333696     0.0004856158     -0.000288954      -0.27825874      -0.13360263
         -6.09375            -22.4              300      0.009701157    -0.0031971796    0.00033389684   -0.00034629228      -0.27820694      -0.13357501
           -5.625            -22.4              300     0.0096848896    -0.0032704242     0.0001663859   -0.00041433959      -0.27818984        -0.133554
         -5.15625            -22.4              300     0.0096823648    -0.0033397991    0.00014311947   -0.00040953039      -0.27822015      -0.13355191
          -4.6875            -22.4              300     0.0097451201    -0.0033367188    0.00033707405   -0.00030437554      -0.27824882       -0.1335856
         -4.21875            -22.4              300     0.0098104626    -0.0032959324    0.00022610556   -0.00036755065      -0.27826318      -0.13362654
            -3.75            -22.4              300      0.009888025    -0.0032411662    0.00011761161   -0.00042860466      -0.27830404      -0.13367623
         -3.28125            -22.4              300     0.0099777523    -0.0031724516    1.1563301e-05   -0.00048755377      -0.27837142      -0.13373466
          -2.8125            -22.4              300      0.010079722    -0.0030897453   -9.1996044e-05   -0.00054437411      -0.27846536      -0.13380182
         -2.34375            -22.4              300      0.010299025    -0.0029882602    6.6230539e-05   -0.00047559571      -0.27857715      -0.13388081
           -1.875            -22.4              300      0.010513196    -0.0029146904    0.00033997931   -0.00034747599      -0.27875173      -0.13398829
         -1.40625            -22.4              300      0.010646293     -0.002881512    0.00057607144   -0.00023220852      -0.27900296      -0.13412648
          -0.9375            -22.4              300      0.010698326    -0.0028887242    0.00077450462    -0.0001297947      -0.27933091      -0.13429543
         -0.46875            -22.4              300      0.010669283    -0.0029363278    0.00093527511   -4.0233601e-05      -0.27973554      -0.13449509
                0            -22.4              300      0.010564791    -0.0030197916     0.0010270327    1.8593895e-05      -0.28021216      -0.13472025
          0.46875            -22.4              300      0.010182532    -0.0032324204    0.00091854663   -2.8016293e-05      -0.28025353      -0.13467492
           0.9375            -22.4              300      0.010279026    -0.0032069483    0.00086435908   -3.1086849e-05      -0.28004202      -0.13456444
          1.40625            -22.4              300      0.010363271    -0.0031866482    0.00081838039   -3.6056619e-05      -0.27985525      -0.13446787
            1.875            -22.4              300      0.010433569    -0.0031723692    0.00078054215   -4.3013424e-05      -0.27969339      -0.13438514
          2.34375            -22.4              300      0.010478338    -0.0031714039    0.00080373208   -2.2269931e-05      -0.27956912       -0.1343241
           2.8125            -22.4              300      0.010481664    -0.0031948283     0.0010164115     9.865922e-05      -0.27950498      -0.13430074
          3.28125            -22.4              300      0.010493962    -0.0032115402     0.0012235703    0.00021053833      -0.27944893      -0.13428411
             3.75            -22.4              300      0.010515207     -0.003221554     0.0014251939    0.00031336161        -0.279401      -0.13427421
          4.21875            -22.4              300      0.010544448    -0.0032249466     0.0016126711    0.00040215329      -0.27937034      -0.13427623
           4.6875            -22.4              300      0.010570477    -0.0032256003     0.0017399237    0.00044958395      -0.27941218      -0.13432141
          5.15625            -22.4              300      0.010777564    -0.0031386667     0.0017147006    0.00044614798      -0.27956074      -0.13440044
            5.625            -22.4              300      0.010991838    -0.0030508668     0.0016086558     0.0004143517      -0.27984917      -0.13453868
          6.09375            -22.4              300      0.011128852    -0.0029928358     0.0015087323    0.00035447814      -0.27977499      -0.13452813
           6.5625            -22.4              300      0.011177555    -0.0029805172     0.0014006402    0.00029044226      -0.27959913      -0.13447157
          7.03125            -22.4              300      0.011145718     -0.003013324       0.00128543    0.00022748113      -0.27943447      -0.13442191
              7.5            -22.4              300      0.011025287    -0.0030926671     0.0011612475    0.00016637892      -0.27928457      -0.13438173
          7.96875            -22.4              300      0.010813788    -0.0032184236     0.0010286476    0.00010930281      -0.27911448      -0.13433158
           8.4375            -22.4              300      0.010511191      -0.00339061    0.00088761188    5.6247576e-05      -0.27892423      -0.13427143
          8.90625            -22.4              300      0.010456964    -0.0034611966     0.0014478241    0.00036033767      -0.27879497      -0.13420525
            9.375            -22.4              300      0.010545936    -0.0034385435     0.0015491424    0.00039794552      -0.27887124      -0.13425443
          9.84375            -22.4              300      0.010650347    -0.0033964994     0.0014437125    0.00032033562      -0.27900726      -0.13433927
          10.3125            -22.4              300       0.01073727    -0.0033578335     0.0013331063     0.0002421001      -0.27913186      -0.13441703
         10.78125            -22.4              300      0.010806657     -0.003322575     0.0012173001    0.00016321382      -0.27924505      -0.13448766
            11.25            -22.4              300      0.010875691    -0.0033024922     0.0012032613    0.00015859865      -0.27925065      -0.13450494
         11.71875            -22.4              300      0.010940628    -0.0032866057     0.0011974201    0.00015987922      -0.27926284      -0.13452165
          12.1875            -22.4              300      0.011000408    -0.0032738838     0.0011905096    0.00016045989      -0.27929115      -0.13454233
         12.65625            -22.4              300      0.011055106     -0.003264321     0.0011825711    0.00016035838      -0.27933562      -0.13456696
           13.125            -22.4              300      0.011104652    -0.0032579168     0.0011735749     0.0001595607      -0.27939621      -0.13459554
         13.59375            -22.4              300      0.011149094    -0.0032546679     0.0011635362    0.00015807501      -0.27947295      -0.13462812
          14.0625            -22.4              300      0.011188425    -0.0032545752     0.0011524581    0.00015590154      -0.27956578      -0.13466461
         14.53125            -22.4              300      0.011222634    -0.0032576371     0.0011403327    0.00015303695       -0.2796748      -0.13470507
               15            -22.4              300      0.011251438    -0.0032581368     0.0012999328    0.00024601875       -0.2798681       -0.1347899
         15.46875            -22.4              300      0.011227952    -0.0032815603     0.0011300878    0.00015612994      -0.27982897      -0.13477936
          15.9375            -22.4              300      0.011281148    -0.0032670186     0.0012357314    0.00022365339      -0.27991584      -0.13483527
         16.40625            -22.4              300      0.011303477    -0.0032718759     0.0013573258    0.00029928284      -0.27999449      -0.13488662
           16.875            -22.4              300      0.011324608    -0.0032801628     0.0015117442    0.00039195362      -0.28005111      -0.13492654
         17.34375            -22.4              300      0.011344541    -0.0032918695      0.001698995    0.00050166948      -0.28008574      -0.13495503
          17.8125            -22.4              300      0.011363307     -0.003306984     0.0019190917    0.00062843785      -0.28009832      -0.13497213
         18.28125            -22.4              300      0.011380866    -0.0033255229     0.0021720165    0.00077224849       -0.2800889      -0.13497777
            18.75            -22.4              300      0.011397243     -0.003347483      0.002457778    0.00093310582      -0.28005749      -0.13497201
         19.21875            -22.4              300      0.011412432    -0.0033728571     0.0027763792     0.0011110133      -0.28000399      -0.13495483
          19.6875            -22.4              300      0.011440132    -0.0033884798     0.0030719007     0.0012726435      -0.27996054      -0.13494442
         20.15625            -22.4              300      0.011523774    -0.0033492469     0.0031107306     0.0012818307      -0.28004992       -0.1350085
           20.625            -22.4              300      0.011596654    -0.0033168914     0.0031256359     0.0012794468      -0.28013167      -0.13506535
         21.09375            -22.4              300      0.011658695    -0.0032914495     0.0031165779     0.0012654662       -0.2802057      -0.13511501
          21.5625            -22.4              300      0.011709969    -0.0032728901     0.0030836007     0.0012399135      -0.28027207      -0.13515744
         22.03125            -22.4              300      0.011750445    -0.0032612309     0.0030266736     0.0012027714      -0.28033078      -0.13519269
             22.5            -22.4              300      0.011780092    -0.0032564793     0.0029457882     0.0011540381      -0.28038183      -0.13522074
         22.96875            -22.4              300      0.011789463    -0.0032628535     0.0026218868    0.00096675195      -0.28052187      -0.13529499
          23.4375            -22.4              300      0.011788622    -0.0032765158     0.0022574565    0.00075781881      -0.28066027      -0.13536365
         23.90625            -22.4              300      0.011778879    -0.0032969159     0.0018800031    0.00054314779      -0.28078482      -0.13541988
           24.375            -22.4              300      0.011760241    -0.0033240514      0.001489535    0.00032274239      -0.28089544      -0.13546365
         24.84375            -22.4              300      0.011813679    -0.0033136543     0.0012583109    0.00018309137      -0.28097883      -0.13548282
          25.3125            -22.4              300      0.011966429    -0.0032649389     0.0012983193    0.00020280661      -0.28115603      -0.13552758
         25.78125            -22.4              300      0.012008398    -0.0032432566     0.0011175624    8.0222708e-05      -0.28132039      -0.13561334
            26.25            -22.4              300       0.01205934    -0.0032294132     0.0011336058    8.4744766e-05      -0.28129968      -0.13563672
         26.71875            -22.4              300      0.012103823     -0.003219882      0.001162265     9.814091e-05       -0.2812756      -0.13565777
          27.1875            -22.4              300      0.012141447     -0.003214635     0.0012001116    0.00011824095      -0.28125122      -0.13567747
         27.65625            -22.4              300      0.012172234    -0.0032136664     0.0012471606    0.00014504814      -0.28122661       -0.1356958
           28.125            -22.4              300      0.012196179    -0.0032169772     0.0013034069    0.00017856259      -0.28120169      -0.13571279
         28.59375            -22.4              300      0.012213286    -0.0032245584      0.001368857      0.000218787      -0.28117648       -0.1357284
          29.0625            -22.4              300      0.012170963    -0.0032594297     0.0012969612    0.00019656355      -0.28115883      -0.13572958
         29.53125            -22.4              300       0.01206412    -0.0033274873    0.00096244237    4.5558554e-05      -0.28115681      -0.13571051
               30            -22.4              300       0.01198878    -0.0033883841    0.00058340031   -0.00013452332      -0.28115931        -0.135693
         30.46875            -22.4              300      0.012003682    -0.0034039533    0.00047309126   -0.00019026786      -0.28121832      -0.13572086
          30.9375            -22.4              300      0.012073783    -0.0033812001    0.00036823348   -0.00025288216      -0.28126457      -0.13575718
         31.40625            -22.4              300      0.012157211    -0.0033496446    0.00029174099   -0.00029993197      -0.28130811      -0.13579272
           31.875            -22.4              300       0.01225399     -0.003309279    0.00024361885   -0.00033142045      -0.28134891      -0.13582748
         32.34375            -22.4              300      0.012364093    -0.0032601077    0.00022386271   -0.00034733932      -0.28138706      -0.13586149
          32.8125            -22.4              300      0.012487549    -0.0032021357    0.00023245998   -0.00034769881      -0.28142247      -0.13589475
         33.28125            -22.4              300      0.012624316    -0.0031353645    0.00026942044   -0.00033249566      -0.28145519       -0.1359272
            33.75            -22.4              300      0.012774435    -0.0030597867    0.00033474714   -0.00030172989       -0.2814852      -0.13595892
         34.21875            -22.4              300      0.012876201    -0.0030030911    0.00026743609   -0.00034477247      -0.28152245      -0.13597599
          34.6875            -22.4              300      0.012801302    -0.0030425966    0.00022951246   -0.00037391798      -0.28167966      -0.13601775
         35.15625            -22.4              300      0.012703305    -0.0031194733    0.00073169742   -9.5717842e-05      -0.28200531      -0.13616079
           35.625            -22.4              300      0.012633653    -0.0031870909     0.0011992777    0.00016664161      -0.28230399      -0.13628316
         36.09375            -22.4              300      0.012589683    -0.0032254632     0.0012199965    0.00019046897      -0.28244254      -0.13636275
          36.5625            -22.4              300      0.012556052    -0.0032543468     0.0011726128    0.00017548486      -0.28257042      -0.13643698
         37.03125            -22.4              300      0.012531757    -0.0032776918     0.0011364265    0.00016410806      -0.28271556      -0.13651152
             37.5            -22.4              300      0.012516785     -0.003295511     0.0011114255     0.0001563351      -0.28287798      -0.13658637
         37.96875            -22.4              300      0.012511293    -0.0033136639     0.0013301885    0.00028144228      -0.28308415      -0.13668916
          38.4375            -22.4              300      0.012558265    -0.0033141277     0.0017522742    0.00051401748      -0.28326127      -0.13678166
         38.90625            -22.4              300      0.012671453    -0.0032855978      0.002146913    0.00072484615       -0.2833609      -0.13682567
           39.375            -22.4              300      0.012790797     -0.003246831     0.0023069137    0.00079392525      -0.28344974      -0.13686723
         39.84375            -22.4              300      0.012908454    -0.0031800948       0.00232579    0.00078110729      -0.28352362      -0.13689461
          40.3125            -22.4              300      0.012989579    -0.0031105834     0.0019950129    0.00057936047       -0.2836948      -0.13696183
         40.78125            -22.4              300      0.013079722    -0.0030358813     0.0016295201    0.00036007178      -0.28377503      -0.13697809
            41.25            -22.4              300      0.013057181    -0.0030505415     0.0015176143    0.00030669989      -0.28383374       -0.1370036
         41.71875            -22.4              300      0.012929412    -0.0031343298      0.001499624    0.00031338586      -0.28388685      -0.13704021
          42.1875            -22.4              300      0.012742667    -0.0032485579     0.0014389446    0.00029238919      -0.28391165      -0.13706616
         42.65625            -22.4              300      0.012496927    -0.0033932405     0.0013355655    0.00024370663      -0.28390819       -0.1370814
           43.125            -22.4              300      0.012192187    -0.0035683711     0.0011894815    0.00016733838      -0.28387648      -0.13708602
         43.59375            -22.4              300      0.011966692    -0.0037140448     0.0018379444     0.0005236615      -0.28404427      -0.13715044
          44.0625            -22.4              300      0.012080761    -0.0036840923     0.0024422305    0.00085233478      -0.28418982      -0.13720089
         44.53125            -22.4              300      0.012557108    -0.0034481054     0.0024277563     0.0008240107      -0.28437775      -0.13730362
               45            -22.4              300      0.013092387     -0.003178956     0.0024495656    0.00081185834      -0.28446144      -0.13735552
         45.46875            -22.4              300      0.013466685    -0.0029595722     0.0020827195    0.00059179857      -0.28473914      -0.13749669
          45.9375            -22.4              300      0.013447466    -0.0028814124     0.0010350072    6.3712359e-06      -0.28534687      -0.13777153
         46.40625            -22.4              300      0.013368022    -0.0028475635    0.00026592985    -0.0004272256      -0.28568065      -0.13789681
           46.875            -22.4              300      0.013124848    -0.0029969011    0.00033698604   -0.00036401581      -0.28579733      -0.13795111
         47.34375            -22.4              300      0.012864094    -0.0031593647    0.00041087996   -0.00029934198      -0.28589952      -0.13800004
          47.8125            -22.4              300      0.012585751    -0.0033349509     0.0004875944   -0.00023320608       -0.2859872      -0.13804357
         48.28125            -22.4              300      0.012517326    -0.0034321006     0.0010859091    9.7583048e-05      -0.28608119      -0.13807221
            48.75            -22.4              300      0.012499481    -0.0035085864     0.0020094039    0.00061211269      -0.28608108       -0.1380308
         49.21875            -22.4              300      0.012583749    -0.0034935996      0.002551944    0.00092203729      -0.28630292       -0.1381208
          49.6875            -22.4              300      0.012860764    -0.0033471659     0.0025855964    0.00093549956      -0.28692552      -0.13844937
         50.15625            -22.4              300      0.013108004    -0.0032238122      0.002644198    0.00095938798      -0.28754538      -0.13877326
           50.625            -22.4              300      0.013325492    -0.0031235246     0.0027277451    0.00099371001      -0.28816253      -0.13909245
         51.09375            -22.4              300      0.013297571    -0.0031277211     0.0026803352    0.00096691772      -0.28847995      -0.13920872
          51.5625            -22.4              300       0.01325245    -0.0031361505     0.0026300624    0.00093431585      -0.28872564      -0.13927594
         52.03125            -22.4              300      0.013251333    -0.0031241467     0.0026170784    0.00091394386      -0.28897423      -0.13934416
             52.5            -22.4              300      0.013294234    -0.0030916936     0.0026413961    0.00090580853      -0.28922567      -0.13941337
         52.96875            -22.4              300      0.013381181    -0.0030387852      0.002703032     0.0009099202      -0.28948003      -0.13948357
          53.4375            -22.4              300      0.013510184     -0.002966139     0.0027887116    0.00091974804      -0.28974953      -0.13956088
         53.90625            -22.4              300      0.013570186    -0.0029156646     0.0022979556    0.00064563891       -0.2905893      -0.13991602
           54.375            -22.4              300      0.013587784    -0.0029439596      0.002177845    0.00064075168      -0.29085541      -0.14000602
         54.84375            -22.4              300      0.013557006     -0.002969895     0.0020693741    0.00063766306      -0.29152706      -0.14028141
          55.3125            -22.4              300      0.013647379    -0.0029914954     0.0023155478    0.00079209777      -0.29193717      -0.14041334
         55.78125            -22.4              300      0.013654934    -0.0029819033     0.0023902254     0.0008283091      -0.29242641       -0.1406447
            56.25            -22.4              300      0.013651215     -0.002977713     0.0024257917    0.00084266847      -0.29290724      -0.14086676
         56.71875            -22.4              300      0.013636252    -0.0029789035     0.0024222704    0.00083518942      -0.29337958      -0.14107949
          57.1875            -22.4              300      0.013610024    -0.0029854893     0.0023796475    0.00080586364      -0.29384354      -0.14128292
         57.65625            -22.4              300      0.013572553    -0.0029974543     0.0022979346     0.0007546969      -0.29429901      -0.14147702
           58.125            -22.4              300      0.013523821    -0.0030148143     0.0021771216    0.00068168365      -0.29474607      -0.14166184
         58.59375            -22.4              300      0.013461034    -0.0030390443     0.0020165758    0.00058687164      -0.29517034      -0.14183199
          59.0625            -22.4              300      0.013359084    -0.0030832503     0.0018106963     0.0004720359      -0.29545408      -0.14194667
         59.53125            -22.4              300      0.013243788    -0.0031335899     0.0015654347    0.00033788386      -0.29573858      -0.14206058
               60            -22.4              300      0.013215424    -0.0031527467     0.0015215357    0.00031099663      -0.29613635      -0.14219089
         60.46875            -22.4              300      0.013321287    -0.0031169162     0.0017298697    0.00042329554      -0.29664591      -0.14232679
          60.9375            -22.4              300      0.013354066    -0.0030970192     0.0017460277    0.00043715793      -0.29702899        -0.142424
         61.40625            -22.4              300      0.013389551    -0.0030763273     0.0017341891    0.00044163212      -0.29765821      -0.14267811
           61.875            -22.4              300      0.013415954    -0.0030585334     0.0017377541    0.00045471583      -0.29827729      -0.14292568
         62.34375            -22.4              300      0.013433275     -0.003043646     0.0017567122    0.00047640392      -0.29888627      -0.14316668
          62.8125            -22.4              300      0.013442595     -0.003030261     0.0017769923    0.00049709901      -0.29948059      -0.14340058
         63.28125            -22.4              300      0.013448539    -0.0030131359     0.0017294073    0.00046916213      -0.30003846      -0.14362587
            63.75            -22.4              300      0.013443593    -0.0030022692     0.0017004358    0.00045122299      -0.30058855      -0.14384699
         64.21875            -22.4              300      0.013427774    -0.0029976605     0.0016900846    0.00044328556      -0.30113086      -0.14406388
          64.6875            -22.4              300      0.013401052    -0.0029993125     0.0016983473    0.00044534425      -0.30166537      -0.14427656
         65.15625            -22.4              300      0.013363451    -0.0030072224     0.0017252328    0.00045740069      -0.30219206      -0.14448503
           65.625            -22.4              300      0.013369001    -0.0030081482     0.0018540167    0.00051356264      -0.30274463      -0.14469542
         66.09375            -22.4              300      0.013490916    -0.0029776057     0.0021956644     0.0006598382      -0.30335608      -0.14490882
          66.5625            -22.4              300      0.013629868    -0.0029047844     0.0022252162    0.00066709646      -0.30412579      -0.14520884
         67.03125            -22.4              300       0.01359373    -0.0029071374      0.002000645    0.00055001851        -0.305094      -0.14558889
             67.5            -22.4              300       0.01354981    -0.0029149144     0.0017920067     0.0004373407      -0.30611175      -0.14599673
         67.96875            -22.4              300      0.013498111    -0.0029281054      0.001599299    0.00032907189        -0.307179      -0.14643234
          68.4375            -22.4              300      0.013438649    -0.0029467095     0.0014225309    0.00022520835      -0.30829579      -0.14689572
         68.90625            -22.4              300      0.013402095    -0.0029561997     0.0013281251    0.00017292332      -0.30928394      -0.14733012
           69.375            -22.4              300      0.013382493    -0.0029569254      0.001272968     0.0001425175      -0.31026268       -0.1477696
         69.84375            -22.4              300      0.013373533    -0.0029515773     0.0012397966    0.00012184051       -0.3112787      -0.14822859
          70.3125            -22.4              300      0.013375178    -0.0029401747     0.0012285812    0.00011087605      -0.31233203      -0.14870705
         70.78125            -22.4              300      0.013394259    -0.0029206928     0.0012262119    0.00010222383      -0.31336156      -0.14917196
            71.25            -22.4              300       0.01346813    -0.0028852718     0.0011555981    5.0571747e-05      -0.31402484       -0.1494399
         71.71875            -22.4              300      0.013552148    -0.0028494932      0.001098834    8.7264925e-07      -0.31471658      -0.14972548
          72.1875            -22.4              300      0.013654863    -0.0027987952     0.0010686289   -3.6055106e-05      -0.31551161      -0.15005532
         72.65625            -22.4              300      0.013790601    -0.0026995721     0.0010314686   -6.5903878e-05      -0.31659228      -0.15048841
           73.125            -22.4              300      0.013924927    -0.0026045111    0.00090142479   -0.00014722941      -0.31769475      -0.15092723
         73.59375            -22.4              300      0.013944885    -0.0025799004     0.0011616915     1.659675e-06      -0.31915289      -0.15155946
          74.0625            -22.4              300      0.013942368    -0.0025753246     0.0016665803    0.00029005879      -0.32072324      -0.15224776
         74.53125            -22.4              300      0.013995353    -0.0025394345     0.0017712275    0.00034200354      -0.32196504      -0.15277609
               75            -22.4              300      0.014062643    -0.0025034924     0.0018097782     0.0003604996      -0.32317024      -0.15327956
         75.46875            -22.4              300      0.014053617     -0.002515316     0.0018911799    0.00040541636      -0.32442915      -0.15381452
          75.9375            -22.4              300      0.013868431    -0.0026257811     0.0021243272     0.0005313498      -0.32584345      -0.15445049
         76.40625            -22.4              300      0.013693025    -0.0027051624     0.0022750506    0.00062267203      -0.32735777      -0.15510783
           76.875            -22.4              300      0.013517335    -0.0027569858     0.0023228237    0.00066746492      -0.32894522      -0.15577386
         77.34375            -22.4              300       0.01334393    -0.0028122929     0.0023501227    0.00069914293      -0.33052593      -0.15643552
          77.8125            -22.4              300       0.01317286    -0.0028710761     0.0023569595    0.00071771815      -0.33209985      -0.15709281
         78.28125            -22.4              300      0.013004083    -0.0029333394      0.002343334    0.00072318024      -0.33366698      -0.15774569
            78.75            -22.4              300      0.012837584    -0.0029991008     0.0023092201    0.00071552052      -0.33522728      -0.15839422
         79.21875            -22.4              300      0.012774284    -0.0030216104     0.0023641228      0.000742506      -0.33690521       -0.1591057
          79.6875            -22.4              300      0.012842873    -0.0029784404     0.0025146054    0.00080435048      -0.33864939      -0.15986383
         80.15625            -22.4              300      0.012915167    -0.0029327455     0.0026574526    0.00086374115      -0.34041792      -0.16063657
           80.625            -22.4              300      0.012991243    -0.0028844778     0.0027927216    0.00092070503      -0.34221068      -0.16142395
         81.09375            -22.4              300      0.013070978    -0.0028337119     0.0029203296    0.00097519904       -0.3440277      -0.16222595
          81.5625            -22.4              300      0.013154516    -0.0027803592      0.003040364     0.0010272702        -0.345869      -0.16304256
         82.03125            -22.4              300      0.013241731    -0.0027245041      0.003152743      0.001076879      -0.34773451      -0.16387379
             82.5            -22.4              300      0.013428674    -0.0026213815     0.0031021608     0.0010321772      -0.34994408      -0.16487823
         82.96875            -22.4              300      0.013646757    -0.0025042929      0.002733524    0.00080147339      -0.35274392      -0.16617969
          83.4375            -22.4              300       0.01368805    -0.0024676807     0.0023501161    0.00056290813      -0.35552418      -0.16747445
         83.90625            -22.4              300      0.013726039    -0.0024175262     0.0022615902    0.00049160514      -0.35794452      -0.16857857
           84.375            -22.4              300      0.013756735    -0.0023706593     0.0021821186    0.00042270031      -0.36042008      -0.16970402
         84.84375            -22.4              300      0.013780109    -0.0023270841     0.0021116915     0.0003561913      -0.36295089      -0.17085089
          85.3125            -22.4              300      0.013796149    -0.0022868188     0.0020502966     0.0002920659      -0.36553693      -0.17201911
         85.78125            -22.4              300      0.013789391    -0.0022570281     0.0020038472    0.00023687223      -0.36815104      -0.17319831
            86.25            -22.4              300       0.01369876    -0.0022682245     0.0020003174    0.00022002897      -0.37065682      -0.17434084
         86.71875            -22.4              300      0.013601592    -0.0022861171     0.0020143241    0.00021211489      -0.37316778      -0.17549327
          87.1875            -22.4              300      0.013497828    -0.0023107296     0.0020458382    0.00021310523      -0.37568402      -0.17665559
         87.65625            -22.4              300      0.013545274    -0.0022938475     0.0021343436    0.00026633358      -0.37887201      -0.17813782
           88.125            -22.4              300      0.013619713    -0.0022942307     0.0022913753    0.00036943238      -0.38251168      -0.17982401
         88.59375            -22.4              300      0.013616799    -0.0023484295     0.0025004151    0.00050088542      -0.38623041      -0.18153782
          89.0625            -22.4              300      0.013319298    -0.0024421071        0.0024277     0.0004784989      -0.38929233      -0.18296023
         89.53125            -22.4              300      0.012949594    -0.0025475109       0.00226199    0.00040041615      -0.39225164      -0.18435438
               90            -22.4              300      0.012579206    -0.0026616124     0.0020851595    0.00031039931       -0.3953146      -0.18581396
         90.46875            -22.4              300      0.012439616    -0.0026963404     0.0020019645    0.00024231942      -0.39846623      -0.18730603
          90.9375            -22.4              300      0.012443031    -0.0026765941     0.0020026732     0.0002086809      -0.40174013      -0.18885742
         91.40625            -22.4              300      0.012475043    -0.0026456411     0.0022972072    0.00037155603      -0.40537414      -0.19062021
           91.875            -22.4              300      0.012537383    -0.0026036901     0.0025717597    0.00051485235      -0.40911525      -0.19243753
         92.34375            -22.4              300      0.012630062    -0.0025507342     0.0028263293    0.00063856971      -0.41296345      -0.19430934
          92.8125            -22.4              300      0.013113139    -0.0022414397     0.0027108693     0.0005502961       -0.4170588      -0.19629028
         93.28125            -22.4              300      0.013328482    -0.0020584483      0.002233613    0.00024180074      -0.42138946      -0.19840685
            93.75            -22.4              300      0.013530269    -0.0018814646     0.0017373199   -8.2999293e-05       -0.4257139      -0.20052703
         94.21875            -22.4              300      0.013718372    -0.0017105599     0.0012219084   -0.00042414851      -0.43003222       -0.2026509
          94.6875            -22.4              300      0.013735106    -0.0016429257    0.00087738782   -0.00065812562       -0.4344753      -0.20486352
         95.15625            -22.4              300      0.013363212    -0.0018127291    0.00094196759   -0.00062778872      -0.43921173      -0.20727867
           95.625            -22.4              300      0.012937408      -0.00201381     0.0010005878   -0.00060177688      -0.44395751      -0.20971411
         96.09375            -22.4              300       0.01245771    -0.0022461596     0.0010532578   -0.00058008567      -0.44871256      -0.21216992
          96.5625            -22.4              300      0.012094349    -0.0024267645     0.0011965497   -0.00050989678      -0.45358843       -0.2146863
         97.03125            -22.4              300      0.012541871     -0.002205922     0.0017974526   -0.00018729828      -0.45896554      -0.21739979
             97.5            -22.4              300      0.013071813    -0.0019311795     0.0024238739    0.00015362049      -0.46431515      -0.22011872
         97.96875            -22.4              300      0.013543403    -0.0016731453     0.0030153003    0.00047882699      -0.46966815      -0.22285706
          98.4375            -22.4              300      0.012684554     -0.002078684     0.0030351474      0.000483357      -0.47534156      -0.22576605
         98.90625            -22.4              300       0.01174958    -0.0025257976      0.003031356    0.00047265959      -0.48109281      -0.22874035
           99.375            -22.4              300      0.011604467    -0.0025404033     0.0026040571    0.00022311579      -0.48772717      -0.23220105
         99.84375            -22.4              300      0.011520494    -0.0025255573     0.0022045919   -1.5497208e-05      -0.49446392      -0.23573048
         100.3125            -22.4              300      0.011452392    -0.0025061592     0.0018569576   -0.00022983644      -0.50125831      -0.23930494
        100.78125            -22.4              300      0.011400145    -0.0024822187     0.0015611462   -0.00041990727      -0.50811028      -0.24292445
           101.25            -22.4              300      0.011363761    -0.0024537276     0.0013171621   -0.00058570318      -0.51501989        -0.246589
        101.71875            -22.4              300      0.011343244    -0.0024206843     0.0011250079   -0.00072722323      -0.52198714      -0.25029862
         102.1875            -22.4              300      0.011338573    -0.0023830989    0.00098467246   -0.00084447581      -0.52901196      -0.25405329
        102.65625            -22.4              300      0.011349782    -0.0023409594    0.00089617632   -0.00093745161      -0.53609443      -0.25785297
          103.125            -22.4              300      0.011752934    -0.0021230672     0.0014127324   -0.00071496359      -0.54371589      -0.26192203
        103.59375            -22.4              300         0.012061    -0.0019392715     0.0017912816   -0.00055485498      -0.55170149      -0.26618072
         104.0625            -22.4              300      0.012198202    -0.0017848962     0.0016946282    -0.0006346716       -0.5601086      -0.27067074
        104.53125            -22.4              300      0.012240347    -0.0016896102      0.001745645   -0.00063432305      -0.56838804      -0.27528873
              105            -22.4              300      0.012111771    -0.0016976793     0.0018144494   -0.00061724777      -0.57676727       -0.2800011
